postid userid
1 43
2 18
3 68
4 31
5 1385
6 8063
7 20
8 16
9 49
10 4935
11 120
12 26454
13 12
14 20
15 31
16 18
17 5
18 103
19 20
20 120
21 577
22 2917
23 5
24 8
25 62
26 54
27 35
28 43
29 90
30 120
31 20
32 1722
33 4404
34 31
35 125
36 18
37 58
38 135
39 850
40 510
41 85
42 63
43 104
44 20
45 22
46 3559
47 512
48 771
49 73
50 71
51 1020
52 120
53 35
54 771
55 3353
56 13
57 46
58 90
59 120
60 4444
61 72
62 88
63 120
64 13
65 55
66 66
67 91
68 90
69 9964
70 43
71 97
72 375
73 732
74 4310
75 2283
76 120
77 26
78 8898
79 6633
80 5142
81 4404
82 5004
83 1113
84 4624
85 841
86 17535
87 68
88 771
89 49
90 16
91 103
92 84
93 504
94 6605
95 54
96 57
97 128
98 120
99 85
100 8393
101 66
102 892
103 128
104 120
105 3453
106 115
107 131
108 1511
109 118
110 375
111 63
112 135
113 71
114 90
115 97
116 118
117 125
118 120
119 62
120 204
121 96
122 26786
123 906
124 120
125 6568
126 329
127 12767
128 104
129 4738
130 120
131 43
132 642
133 119
134 120
135 12773
136 120
137 4277
138 332
139 351
140 103
141 18
142 43
143 120
144 8341
145 43
146 89
147 103
148 3559
149 43
150 124
151 22
152 332
153 124
154 125
155 103
156 480
157 71
158 62
159 90
160 22205
161 4615
162 85
163 1020
164 1569
165 63
166 85
167 90
168 158
169 546
170 5
171 104
172 71
173 120
174 771
175 125
176 103
177 120
178 1005
179 527
180 771
181 106
182 125
183 8341
184 43
185 1074
186 466
187 2395
188 120
189 771
190 1569
191 71
192 13
193 332
194 43
195 466
196 90
197 13
198 180
199 91
200 466
201 13274
202 771
203 11629
204 4057
205 43
206 11883
207 43
208 103
209 8610
210 148
211 105
212 579
213 103
214 466
215 120
216 1401
217 2270
218 115
219 13
220 2673
221 115
222 1569
223 8104
224 115
225 49
226 43
227 85
228 5179
229 68
230 49
231 91
232 512
233 2422
234 88
235 85
236 115
237 1212
238 85
239 68
240 22
241 412
242 732
243 182
244 43
245 120
246 103
247 78
248 88
249 114
250 158
251 25553
252 88
253 114
254 64
255 120
256 143
257 579
258 13
259 43
260 26454
261 88
262 2283
263 876
264 512
265 46
266 160
267 8451
268 13
269 104
270 88
271 90
272 43
273 386
274 103
275 85
276 120
277 20
278 2423
279 114
280 332
281 103
282 112
283 85
284 120
285 103
286 91
287 120
288 71
289 120
290 90
291 713
292 85
293 771
294 732
295 68
296 120
297 68
298 91
299 182
300 105
301 466
302 120
303 771
304 120
305 71
306 88
307 521
308 120
309 103
310 180
311 120
312 91
313 180
314 6568
315 8193
316 12376
317 566
318 892
319 21290
320 12110
321 169
322 85
323 1420
324 120
325 1217
326 90
327 16878
328 120
329 195
330 74
331 380
332 63
333 185
334 186
335 412
336 182
337 63
338 218
339 223
340 195
341 204
342 512
343 200
344 21743
345 16237
346 103
347 103
348 2845
349 85
350 120
351 622
352 68
353 184
354 68
355 85
356 85
357 187
358 171
359 85
360 85
361 58
362 96
363 967
364 742
365 63
366 380
367 63
368 246
369 13
370 49
371 171
372 967
373 114
374 1883
375 12543
376 247
377 13
378 272
379 68
380 43
381 8049
382 3353
383 85
384 27618
385 690
386 771
387 114
388 16
389 1436
390 24858
391 85
392 120
393 512
394 85
395 1761
396 3559
397 43
398 4935
399 120
400 85
401 120
402 579
403 85
404 1396
405 512
406 43
407 63
408 85
409 53
410 512
411 103
412 130
413 120
414 675
415 62
416 90
417 168
418 4346
419 332
420 12031
421 85
422 2283
423 521
424 120
425 5179
426 43
427 85
428 4584
429 85
430 332
431 332
432 1401
433 43
434 90
435 63
436 332
437 90
438 6489
439 23314
440 105
441 43
442 982
443 90
444 120
445 332
446 43
447 120
448 566
449 62
450 120
451 353
452 272
453 148
454 486
455 49
456 1401
457 63
458 63
459 892
460 332
461 103
462 63
463 1020
464 426
465 771
466 120
467 521
468 65
469 1110
470 1093
471 91
472 120
473 1449
474 1217
475 120
476 120
477 737
478 120
479 114
480 375
481 1569
482 386
483 120
484 13
485 771
486 386
487 332
488 447
489 1857
490 451
491 332
492 114
493 1933
494 91
495 171
496 445
497 91
498 85
499 332
500 85
501 466
502 524
503 25349
504 120
505 659
506 10058
507 512
508 2517
509 120
510 3008
511 561
512 2395
513 65
514 532
515 332
516 332
517 412
518 466
519 332
520 120
521 412
522 13
523 332
524 25614
525 386
526 771
527 332
528 466
529 332
530 1369
531 466
532 1261
533 546
534 3682
535 8932
536 96
537 967
538 8438
539 332
540 1787
541 85
542 517
543 332
544 103
545 85
546 1229
547 2283
548 63
549 470
550 771
551 566
552 120
553 3559
554 517
555 531
556 120
557 4584
558 517
559 103
560 91
561 1857
562 120
563 724
564 2196
565 561
566 114
567 659
568 120
569 579
570 561
571 120
572 561
573 1732
574 2306
575 2304
576 512
577 58
578 592
579 120
580 967
581 517
582 546
583 517
584 332
585 561
586 8341
587 120
588 861
589 89
590 120
591 1571
592 88
593 36090
594 58
595 655
596 588
597 561
598 512
599 1504
600 580
601 1870
602 771
603 217
604 466
605 120
606 526
607 412
608 12641
609 4225
610 114
611 659
612 771
613 58
614 17519
615 103
616 668
617 90
618 120
619 332
620 466
621 120
622 120
623 664
624 4584
625 90
626 669
627 120
628 3683
629 1401
630 4542
631 89
632 103
633 659
634 521
635 88
636 1261
637 3116
638 1250
639 504
640 1049
641 3957
642 742
643 412
644 120
645 3571
646 466
647 4078
648 3116
649 668
650 579
651 588
652 739
653 332
654 850
655 1594
656 1569
657 43
658 686
659 89
660 103
661 742
662 13
663 412
664 120
665 85
666 771
667 682
668 3116
669 565
670 466
671 466
672 566
673 1895
674 692
675 588
676 771
677 105
678 1401
679 43
680 26
681 565
682 13
683 3212
684 668
685 771
686 742
687 565
688 103
689 566
690 579
691 2606
692 507
693 1401
694 1170
695 668
696 105
697 1401
698 2395
699 771
700 785
701 521
702 466
703 780
704 742
705 412
706 778
707 742
708 579
709 579
710 63
711 3583
712 771
713 68
714 908
715 1979
716 742
717 742
718 1401
719 120
720 742
721 12641
722 791
723 790
724 771
725 1196
726 2283
727 771
728 120
729 1401
730 412
731 466
732 2526
733 771
734 120
735 756
736 742
737 120
738 412
739 876
740 91
741 771
742 412
743 756
744 2395
745 771
746 879
747 120
748 771
749 120
750 588
751 771
752 742
753 4935
754 6494
755 58
756 8341
757 1569
758 120
759 8820
760 732
761 246
762 1823
763 4089
764 466
765 1569
766 6936
767 120
768 588
769 742
770 771
771 3160
772 4968
773 4951
774 466
775 588
776 771
777 1018
778 466
779 120
780 588
781 4615
782 771
783 58
784 994
785 837
786 103
787 829
788 1387
789 65
790 7017
791 135
792 21849
793 742
794 1860
795 466
796 579
797 771
798 386
799 114
800 771
801 2012
802 853
803 2014
804 120
805 26454
806 380
807 853
808 246
809 837
810 883
811 881
812 412
813 953
814 836
815 380
816 771
817 85
818 869
819 1217
820 15291
821 853
822 3891
823 732
824 120
825 588
826 890
827 1400
828 120
829 358
830 837
831 622
832 771
833 4584
834 13
835 5196
836 995
837 2196
838 4346
839 588
840 4374
841 8341
842 742
843 771
844 8341
845 837
846 1336
847 1078
848 785
849 71
850 4346
851 837
852 771
853 893
854 876
855 588
856 120
857 771
858 579
859 771
860 1196
861 13
862 58
863 1018
864 120
865 785
866 771
867 892
868 771
869 1229
870 771
871 588
872 837
873 49
874 921
875 4615
876 58
877 588
878 876
879 13
880 588
881 892
882 695
883 876
884 588
885 770
886 565
887 106
888 2433
889 771
890 588
891 876
892 973
893 1654
894 588
895 565
896 1440
897 579
898 588
899 49
900 771
901 892
902 1811
903 120
904 2283
905 785
906 120
907 8438
908 1164
909 10142
910 2461
911 2350
912 739
913 892
914 961
915 876
916 579
917 876
918 112
919 49
920 976
921 1377
922 892
923 588
924 588
925 2461
926 876
927 892
928 13
929 845
930 771
931 892
932 8139
933 13055
934 961
935 588
936 12432
937 771
938 876
939 386
940 32678
941 18968
942 1387
943 876
944 2782
945 5179
946 466
947 892
948 771
949 576
950 1020
951 771
952 771
953 3160
954 1078
955 565
956 438
957 2654
958 1535
959 671
960 1377
961 1524
962 65
963 112
964 13
965 876
966 771
967 2848
968 4346
969 771
970 3260
971 845
972 771
973 1817
974 1020
975 1614
976 1020
977 120
978 438
979 771
980 536
981 8099
982 1096
983 1091
984 3260
985 876
986 892
987 26454
988 845
989 3619
990 120
991 579
992 120
993 49
994 771
995 565
996 1020
997 771
998 771
999 120
1000 332
1001 466
1002 120
1003 4346
1004 246
1005 950
1006 26454
1007 332
1008 2830
1009 1436
1010 332
1011 1636
1012 771
1013 3186
1014 961
1015 4876
1016 4346
1017 1127
1018 120
1019 1074
1020 1171
1021 892
1022 967
1023 1636
1024 771
1025 2732
1026 771
1027 120
1028 892
1029 1170
1030 1121
1031 876
1032 29667
1033 771
1034 102
1035 466
1036 771
1037 961
1038 892
1039 380
1040 53
1041 466
1042 1074
1043 771
1044 1401
1045 2121
1046 618
1047 961
1048 771
1049 976
1050 771
1051 1296
1052 1211
1053 622
1054 438
1055 246
1056 1018
1057 1127
1058 120
1059 3675
1060 1229
1061 771
1062 771
1063 1233
1064 565
1065 120
1066 1257
1067 943
1068 771
1069 8412
1070 771
1071 1250
1072 565
1073 120
1074 1020
1075 565
1076 1127
1077 892
1078 876
1079 4682
1080 1269
1081 1233
1082 876
1083 184
1084 771
1085 943
1086 1884
1087 120
1088 1250
1089 1979
1090 1290
1091 5001
1092 1144
1093 1857
1094 1290
1095 380
1096 771
1097 943
1098 386
1099 2417
1100 2395
1101 120
1102 943
1103 771
1104 1636
1105 1196
1106 943
1107 1614
1108 49
1109 49
1110 1217
1111 771
1112 1198
1113 1020
1114 2917
1115 771
1116 3710
1117 1955
1118 1217
1119 943
1120 1308
1121 1217
1122 771
1123 13359
1124 770
1125 1573
1126 1569
1127 120
1128 5088
1129 771
1130 6489
1131 22801
1132 5142
1133 36856
1134 771
1135 682
1136 892
1137 412
1138 1351
1139 771
1140 386
1141 1018
1142 943
1143 771
1144 380
1145 120
1146 1420
1147 892
1148 771
1149 120
1150 49
1151 2446
1152 466
1153 3785
1154 63
1155 771
1156 4182
1157 1401
1158 114
1159 579
1160 466
1161 84
1162 771
1163 3011
1164 1428
1165 1462
1166 120
1167 771
1168 120
1169 1401
1170 892
1171 2983
1172 120
1173 622
1174 1401
1175 114
1176 120
1177 4225
1178 579
1179 1401
1180 892
1181 386
1182 4052
1183 120
1184 27029
1185 3821
1186 3353
1187 3696
1188 771
1189 740
1190 943
1191 976
1192 10058
1193 566
1194 466
1195 1401
1196 19381
1197 1569
1198 771
1199 1493
1200 739
1201 771
1202 1288
1203 12204
1204 246
1205 1569
1206 106
1207 120
1208 771
1209 120
1210 771
1211 1401
1212 739
1213 1633
1214 3353
1215 3116
1216 2616
1217 4189
1218 1387
1219 8451
1220 8193
1221 65
1222 1006
1223 3353
1224 466
1225 2290
1226 1633
1227 1110
1228 739
1229 1377
1230 43
1231 1569
1232 466
1233 120
1234 120
1235 1127
1236 892
1237 1599
1238 120
1239 3584
1240 566
1241 771
1242 466
1243 332
1244 3710
1245 412
1246 1600
1247 876
1248 4346
1249 771
1250 1600
1251 114
1252 1401
1253 1110
1254 1614
1255 18897
1256 739
1257 1624
1258 17208
1259 4346
1260 8341
1261 1438
1262 2283
1263 1817
1264 120
1265 1545
1266 1632
1267 739
1268 1436
1269 943
1270 1636
1271 2404
1272 1436
1273 690
1274 739
1275 466
1276 1569
1277 246
1278 16562
1279 13517
1280 1569
1281 332
1282 1691
1283 466
1284 1569
1285 120
1286 4542
1287 1387
1288 4591
1289 1857
1290 1436
1291 771
1292 85
1293 1633
1294 1979
1295 466
1296 1633
1297 2526
1298 1569
1299 15901
1300 466
1301 1436
1302 1726
1303 32206
1304 1636
1305 426
1306 1730
1307 1813
1308 120
1309 892
1310 1633
1311 1737
1312 1633
1313 1636
1314 566
1315 2142
1316 739
1317 3058
1318 771
1319 579
1320 12865
1321 6489
1322 1600
1323 2350
1324 1401
1325 1633
1326 1636
1327 771
1328 876
1329 1569
1330 1429
1331 1377
1332 26454
1333 1979
1334 876
1335 11622
1336 739
1337 1387
1338 53
1339 1704
1340 771
1341 2440
1342 1633
1343 12536
1344 566
1345 1636
1346 1436
1347 1569
1348 1127
1349 332
1350 771
1351 739
1352 120
1353 943
1354 1387
1355 1387
1356 1375
1357 120
1358 1387
1359 876
1360 466
1361 876
1362 4601
1363 6885
1364 120
1365 13135
1366 412
1367 1704
1368 4346
1369 1569
1370 8426
1371 23953
1372 1569
1373 876
1374 2732
1375 13366
1376 332
1377 7013
1378 2422
1379 771
1380 892
1381 6489
1382 1387
1383 771
1384 12639
1385 1196
1386 1401
1387 2020
1388 2830
1389 3097
1390 739
1391 103
1392 1823
1393 1633
1394 1387
1395 246
1396 1569
1397 1569
1398 4781
1399 246
1400 892
1401 771
1402 1387
1403 1633
1404 906
1405 1387
1406 4745
1407 1569
1408 466
1409 1857
1410 1387
1411 1387
1412 1401
1413 1074
1414 106
1415 1883
1416 892
1417 5061
1418 14745
1419 943
1420 892
1421 892
1422 771
1423 771
1424 1401
1425 943
1426 85
1427 1401
1428 771
1429 1857
1430 1857
1431 724
1432 1074
1433 8412
1434 771
1435 1633
1436 771
1437 1857
1438 770
1439 1857
1440 1569
1441 1110
1442 4346
1443 1573
1444 724
1445 825
1446 1569
1447 26454
1448 2931
1449 1569
1450 63
1451 771
1452 943
1453 332
1454 1857
1455 771
1456 943
1457 120
1458 771
1459 3116
1460 771
1461 2350
1462 1633
1463 943
1464 771
1465 120
1466 17193
1467 876
1468 11501
1469 12767
1470 4738
1471 1387
1472 2020
1473 2283
1474 2139
1475 1633
1476 2671
1477 3606
1478 2305
1479 6527
1480 1633
1481 1857
1482 892
1483 1633
1484 21312
1485 120
1486 943
1487 466
1488 1387
1489 1895
1490 1290
1491 1633
1492 1387
1493 1569
1494 63
1495 1290
1496 38798
1497 771
1498 2075
1499 1857
1500 466
1501 892
1502 120
1503 4615
1504 2084
1505 1857
1506 1387
1507 3669
1508 1860
1509 771
1510 1401
1511 1895
1512 1857
1513 246
1514 1633
1515 15554
1516 1018
1517 13359
1518 4615
1519 1387
1520 1633
1521 2865
1522 1387
1523 771
1524 771
1525 2104
1526 2283
1527 1633
1528 579
1529 2119
1530 1387
1531 21338
1532 1387
1533 466
1534 2596
1535 2144
1536 1401
1537 771
1538 2104
1539 1633
1540 2104
1541 3116
1542 739
1543 1110
1544 1396
1545 2461
1546 1387
1547 876
1548 2144
1549 1632
1550 1401
1551 103
1552 3638
1553 1820
1554 2430
1555 876
1556 1217
1557 466
1558 120
1559 2144
1560 2395
1561 12838
1562 3813
1563 15595
1564 771
1565 845
1566 1633
1567 904
1568 3158
1569 2121
1570 1569
1571 24858
1572 1633
1573 120
1574 1823
1575 1633
1576 771
1577 120
1578 2121
1579 1387
1580 1573
1581 1823
1582 1633
1583 1290
1584 466
1585 771
1586 2283
1587 4404
1588 63
1589 4989
1590 466
1591 4182
1592 63
1593 2526
1594 4404
1595 2104
1596 5142
1597 120
1598 771
1599 332
1600 2350
1601 876
1602 2486
1603 8441
1604 2395
1605 3353
1606 876
1607 1569
1608 2290
1609 26454
1610 8537
1611 4935
1612 2957
1613 1387
1614 2783
1615 26454
1616 1823
1617 1895
1618 120
1619 771
1620 120
1621 2121
1622 120
1623 1401
1624 876
1625 2486
1626 892
1627 1401
1628 2917
1629 1979
1630 466
1631 2350
1632 27074
1633 961
1634 742
1635 2794
1636 2845
1637 1569
1638 103
1639 2350
1640 825
1641 466
1642 8438
1643 1823
1644 148
1645 12050
1646 1823
1647 1569
1648 724
1649 8341
1650 771
1651 1823
1652 1979
1653 2483
1654 1401
1655 1823
1656 771
1657 12838
1658 876
1659 2104
1660 332
1661 1979
1662 1569
1663 1436
1664 49
1665 2422
1666 739
1667 1089
1668 1401
1669 466
1670 386
1671 2439
1672 3675
1673 8256
1674 4078
1675 1979
1676 2526
1677 6990
1678 2121
1679 120
1680 4615
1681 1823
1682 739
1683 1895
1684 63
1685 892
1686 120
1687 1569
1688 4346
1689 2350
1690 2890
1691 15897
1692 2422
1693 2395
1694 4601
1695 1569
1696 120
1697 106
1698 1979
1699 466
1700 2483
1701 120
1702 466
1703 1569
1704 106
1705 739
1706 466
1707 26786
1708 2526
1709 120
1710 2395
1711 148
1712 2350
1713 2526
1714 2461
1715 1979
1716 724
1717 4682
1718 2517
1719 2813
1720 2350
1721 2486
1722 2395
1723 386
1724 1074
1725 2020
1726 2422
1727 892
1728 2461
1729 771
1730 2526
1731 771
1732 1979
1733 771
1734 2717
1735 120
1736 71
1737 421
1738 13021
1739 8756
1740 27618
1741 1823
1742 63
1743 2395
1744 2461
1745 2395
1746 26063
1747 386
1748 466
1749 2461
1750 825
1751 1110
1752 103
1753 1401
1754 1979
1755 120
1756 106
1757 1074
1758 2161
1759 2750
1760 2885
1761 2283
1762 2813
1763 1504
1764 3164
1765 771
1766 2283
1767 63
1768 106
1769 3164
1770 246
1771 106
1772 2350
1773 2283
1774 771
1775 120
1776 4346
1777 5092
1778 8256
1779 2526
1780 106
1781 466
1782 120
1783 2423
1784 1569
1785 466
1786 771
1787 1127
1788 2283
1789 6924
1790 63
1791 2283
1792 27618
1793 11628
1794 8341
1795 4346
1796 9985
1797 120
1798 2283
1799 3116
1800 2121
1801 63
1802 11945
1803 63
1804 2283
1805 4935
1806 412
1807 771
1808 1569
1809 1401
1810 2732
1811 771
1812 2283
1813 3116
1814 2283
1815 1074
1816 63
1817 2813
1818 120
1819 771
1820 63
1821 1369
1822 120
1823 63
1824 771
1825 13102
1826 3840
1827 1823
1828 16258
1829 63
1830 466
1831 11501
1832 2307
1833 771
1834 903
1835 2845
1836 84
1837 1401
1838 739
1839 1401
1840 2830
1841 3682
1842 23998
1843 33710
1844 106
1845 1979
1846 771
1847 3682
1848 2830
1849 2307
1850 1569
1851 120
1852 961
1853 4682
1854 2283
1855 1632
1856 4945
1857 1318
1858 2960
1859 2283
1860 2283
1861 2830
1862 2917
1863 466
1864 120
1865 1401
1866 2830
1867 28675
1868 2830
1869 21213
1870 2830
1871 63
1872 2830
1873 2283
1874 120
1875 2830
1876 3198
1877 246
1878 63
1879 3353
1880 2872
1881 2283
1882 2830
1883 2990
1884 4346
1885 120
1886 13423
1887 1802
1888 771
1889 120
1890 120
1891 1979
1892 4404
1893 6721
1894 63
1895 1979
1896 120
1897 2917
1898 2872
1899 456
1900 246
1901 26786
1902 3142
1903 739
1904 63
1905 2283
1906 54
1907 771
1908 1823
1909 3008
1910 63
1911 3145
1912 2917
1913 3008
1914 739
1915 3204
1916 1569
1917 120
1918 3116
1919 1401
1920 771
1921 12563
1922 2957
1923 466
1924 84
1925 3749
1926 4968
1927 6974
1928 3700
1929 13361
1930 10215
1931 3353
1932 12838
1933 1290
1934 2283
1935 8563
1936 2283
1937 63
1938 2283
1939 466
1940 2283
1941 120
1942 4404
1943 63
1944 1401
1945 2917
1946 2283
1947 63
1948 2917
1949 2283
1950 1979
1951 1401
1952 3008
1953 2283
1954 1979
1955 2283
1956 3372
1957 25614
1958 771
1959 2283
1960 2283
1961 466
1962 12065
1963 8417
1964 771
1965 2422
1966 3682
1967 3353
1968 120
1969 1979
1970 2283
1971 1074
1972 3682
1973 120
1974 892
1975 16112
1976 6641
1977 4542
1978 63
1979 2917
1980 3008
1981 8341
1982 771
1983 2872
1984 2283
1985 771
1986 1074
1987 2917
1988 2283
1989 876
1990 63
1991 1217
1992 24858
1993 771
1994 32576
1995 2283
1996 2872
1997 63
1998 2283
1999 2283
2000 8341
2001 3682
2002 892
2003 63
2004 5179
2005 2769
2006 1823
2007 11861
2008 4346
2009 3700
2010 63
2011 4615
2012 466
2013 732
2014 3116
2015 8256
2016 2917
2017 3353
2018 3714
2019 10229
2020 3404
2021 771
2022 2422
2023 771
2024 876
2025 49
2026 892
2027 1569
2028 3700
2029 771
2030 3257
2031 1823
2032 332
2033 1979
2034 771
2035 3353
2036 3719
2037 3714
2038 3587
2039 2283
2040 3559
2041 3845
2042 1674
2043 3559
2044 15089
2045 517
2046 3868
2047 2283
2048 1387
2049 3838
2050 2283
2051 120
2052 1895
2053 2283
2054 771
2055 3978
2056 1823
2057 739
2058 3177
2059 3749
2060 771
2061 3682
2062 2283
2063 2872
2064 517
2065 332
2066 17846
2067 1160
2068 4390
2069 1401
2070 120
2071 2104
2072 22613
2073 4044
2074 4135
2075 517
2076 1823
2077 2283
2078 14914
2079 21117
2080 970
2081 3682
2082 4122
2083 4066
2084 2422
2085 1233
2086 771
2087 4081
2088 1387
2089 876
2090 2872
2091 39216
2092 3008
2093 3559
2094 4197
2095 15152
2096 3453
2097 4182
2098 1700
2099 2283
2100 3682
2101 22904
2102 4346
2103 414
2104 3682
2105 29667
2106 2423
2107 37350
2108 120
2109 84
2110 4089
2111 8341
2112 3682
2113 892
2114 2917
2115 3008
2116 58
2117 2350
2118 1823
2119 4290
2120 3682
2121 466
2122 4404
2123 4475
2124 8341
2125 3682
2126 4290
2127 4398
2128 1401
2129 4225
2130 4494
2131 4425
2132 2350
2133 2497
2134 4427
2135 120
2136 4448
2137 4290
2138 21893
2139 4390
2140 1823
2141 2283
2142 4290
2143 1401
2144 4542
2145 2283
2146 1127
2147 4346
2148 4504
2149 3116
2150 1261
2151 4330
2152 2676
2153 1569
2154 4207
2155 2283
2156 2425
2157 11921
2158 187
2159 4530
2160 4089
2161 120
2162 23421
2163 4346
2164 3882
2165 2872
2166 3682
2167 4474
2168 4207
2169 4225
2170 4346
2171 1127
2172 3160
2173 4481
2174 4207
2175 2283
2176 1569
2177 4346
2178 27618
2179 1895
2180 4615
2181 4619
2182 4225
2183 2283
2184 739
2185 4682
2186 4346
2187 3808
2188 1401
2189 4542
2190 1401
2191 4216
2192 5179
2193 1979
2194 4207
2195 4346
2196 8438
2197 6610
2198 4127
2199 4760
2200 4768
2201 2848
2202 4545
2203 120
2204 4738
2205 2957
2206 4216
2207 771
2208 4216
2209 4788
2210 2957
2211 1443
2212 1127
2213 17888
2214 106
2215 4346
2216 1979
2217 4437
2218 4216
2219 3521
2220 8341
2221 771
2222 1823
2223 25801
2224 3116
2225 1401
2226 1979
2227 4346
2228 246
2229 4870
2230 18968
2231 1401
2232 4913
2233 2848
2234 3116
2235 3603
2236 1401
2237 771
2238 1401
2239 876
2240 5037
2241 659
2242 4346
2243 771
2244 4738
2245 4960
2246 4935
2247 120
2248 4935
2249 927
2250 4935
2251 3871
2252 1773
2253 1569
2254 5239
2255 4935
2256 3749
2257 4935
2258 4346
2259 5066
2260 12050
2261 2957
2262 1401
2263 120
2264 5088
2265 1895
2266 3808
2267 120
2268 5179
2269 4935
2270 4346
2271 3116
2272 5097
2273 3160
2274 4803
2275 4935
2276 1396
2277 30
2278 4935
2279 15835
2280 3719
2281 4346
2282 4935
2283 1401
2284 771
2285 3719
2286 386
2287 4346
2288 1401
2289 921
2290 1979
2291 739
2292 5227
2293 4935
2294 1401
2295 3121
2296 4346
2297 4935
2298 771
2299 4935
2300 278
2301 4935
2302 120
2303 6635
2304 1979
2305 4935
2306 1979
2307 120
2308 2283
2309 120
2310 6489
2311 3116
2312 4346
2313 4935
2314 1895
2315 17888
2316 1979
2317 466
2318 579
2319 6328
2320 8451
2321 1401
2322 120
2323 2848
2324 771
2325 4207
2326 4935
2327 3116
2328 3116
2329 6503
2330 12470
2331 16566
2332 4207
2333 771
2334 120
2335 4346
2336 3116
2337 5239
2338 3116
2339 4225
2340 1401
2341 1261
2342 876
2343 4346
2344 3116
2345 771
2346 4738
2347 1979
2348 4935
2349 1261
2350 4216
2351 6521
2352 1261
2353 771
2354 1823
2355 8341
2356 120
2357 3116
2358 6602
2359 2957
2360 19318
2361 4935
2362 4225
2363 1979
2364 3808
2365 3116
2366 6643
2367 770
2368 466
2369 1261
2370 120
2371 6679
2372 892
2373 15625
2374 1979
2375 120
2376 3116
2377 4615
2378 927
2379 4346
2380 2957
2381 3116
2382 4935
2383 32495
2384 4225
2385 4935
2386 4207
2387 3160
2388 4225
2389 4935
2390 3011
2391 4225
2392 4346
2393 3160
2394 6743
2395 4346
2396 4078
2397 4935
2398 2872
2399 11553
2400 4738
2401 2283
2402 6328
2403 422
2404 3160
2405 892
2406 120
2407 4935
2408 4346
2409 4615
2410 6873
2411 6872
2412 4935
2413 1802
2414 5001
2415 6857
2416 6598
2417 6633
2418 13274
2419 4935
2420 120
2421 120
2422 8341
2423 12802
2424 120
2425 876
2426 2307
2427 6910
2428 6437
2429 5001
2430 21213
2431 6873
2432 2283
2433 27140
2434 1261
2435 4935
2436 1569
2437 4935
2438 6940
2439 4346
2440 26786
2441 8451
2442 6924
2443 4346
2444 6445
2445 4207
2446 1261
2447 11880
2448 3116
2449 3353
2450 1261
2451 2283
2452 2830
2453 106
2454 3116
2455 4346
2456 11861
2457 4090
2458 12051
2459 4935
2460 2283
2461 4225
2462 8417
2463 771
2464 12641
2465 8036
2466 3260
2467 1823
2468 4182
2469 4935
2470 771
2471 4122
2472 2830
2473 4622
2474 1569
2475 1569
2476 5239
2477 1401
2478 8108
2479 1261
2480 3011
2481 771
2482 8341
2483 4584
2484 4935
2485 8146
2486 16413
2487 8171
2488 5001
2489 3008
2490 8162
2491 8156
2492 4346
2493 4346
2494 5239
2495 8341
2496 120
2497 38798
2498 4346
2499 4935
2500 4346
2501 4090
2502 4374
2503 1127
2504 3116
2505 106
2506 3116
2507 8451
2508 8537
2509 771
2510 8341
2511 771
2512 3116
2513 120
2514 13021
2515 732
2516 3559
2517 4346
2518 8342
2519 2830
2520 466
2521 771
2522 8820
2523 8193
2524 1823
2525 120
2526 4207
2527 4346
2528 4935
2529 576
2530 4935
2531 4225
2532 4346
2533 8366
2534 5162
2535 4804
2536 466
2537 4935
2538 4346
2539 1979
2540 10239
2541 4935
2542 120
2543 1979
2544 120
2545 3160
2546 2350
2547 4089
2548 4089
2549 771
2550 8909
2551 12626
2552 4346
2553 4127
2554 4346
2555 6489
2556 3116
2557 3202
2558 8814
2559 8531
2560 4545
2561 4935
2562 4346
2563 11403
2564 10100
2565 4086
2566 15901
2567 8935
2568 466
2569 22220
2570 771
2571 1569
2572 8438
2573 37609
2574 120
2575 771
2576 11685
2577 246
2578 106
2579 4935
2580 4346
2581 3710
2582 6468
2583 466
2584 4935
2585 771
2586 3353
2587 4346
2588 10028
2589 4615
2590 8438
2591 4346
2592 4086
2593 876
2594 11544
2595 3116
2596 1401
2597 1569
2598 8438
2599 3116
2600 17119
2601 8341
2602 120
2603 2957
2604 466
2605 4475
2606 3353
2607 4935
2608 8820
2609 4346
2610 8806
2611 8814
2612 4615
2613 4935
2614 26751
2615 12563
2616 1633
2617 4935
2618 8341
2619 12334
2620 4615
2621 4346
2622 8925
2623 2957
2624 63
2625 3116
2626 4615
2627 8929
2628 3257
2629 6328
2630 1979
2631 11861
2632 4935
2633 8296
2634 10005
2635 8935
2636 12654
2637 3603
2638 9957
2639 10068
2640 10056
2641 470
2642 11636
2643 2769
2644 4225
2645 11921
2646 26186
2647 8341
2648 4935
2649 4615
2650 2280
2651 3116
2652 4346
2653 4935
2654 8820
2655 8341
2656 10141
2657 120
2658 4935
2659 25505
2660 4935
2661 8341
2662 4935
2663 9957
2664 4615
2665 8820
2666 4935
2667 4346
2668 4935
2669 8341
2670 8438
2671 876
2672 5179
2673 10250
2674 3085
2675 4346
2676 4715
2677 2872
2678 8341
2679 386
2680 4346
2681 6940
2682 9985
2683 4225
2684 8341
2685 4346
2686 10315
2687 10311
2688 8341
2689 4615
2690 6489
2691 10332
2692 3866
2693 3353
2694 8820
2695 466
2696 8341
2697 11398
2698 11397
2699 11861
2700 4346
2701 4935
2702 10257
2703 517
2704 8303
2705 835
2706 11450
2707 4374
2708 8341
2709 1469
2710 4346
2711 4781
2712 11499
2713 4346
2714 1569
2715 3353
2716 8341
2717 3353
2718 4346
2719 4026
2720 6335
2721 739
2722 2283
2723 3353
2724 8935
2725 1817
2726 3353
2727 2283
2728 4346
2729 409
2730 3116
2731 4935
2732 11685
2733 1895
2734 6985
2735 3116
2736 4346
2737 4935
2738 771
2739 4935
2740 6500
2741 11720
2742 8820
2743 4207
2744 2283
2745 903
2746 3957
2747 4968
2748 4803
2749 1569
2750 8341
2751 3353
2752 4935
2753 5110
2754 4346
2755 4935
2756 3866
2757 6924
2758 771
2759 3353
2760 2283
2761 2350
2762 6889
2763 10159
2764 6924
2765 11896
2766 4615
2767 771
2768 4207
2769 4935
2770 120
2771 771
2772 4346
2773 6924
2774 8193
2775 8858
2776 3559
2777 2084
2778 3353
2779 771
2780 4968
2781 3116
2782 19407
2783 1172
2784 120
2785 11685
2786 4225
2787 120
2788 1895
2789 1020
2790 1979
2791 1895
2792 1261
2793 5001
2794 4346
2795 4622
2796 4225
2797 4935
2798 12050
2799 4346
2800 12050
2801 8451
2802 3353
2803 12050
2804 4968
2805 26454
2806 8897
2807 3957
2808 3353
2809 4346
2810 771
2811 12282
2812 8820
2813 12304
2814 3353
2815 1895
2816 11861
2817 15188
2818 12415
2819 4935
2820 771
2821 3353
2822 4346
2823 771
2824 1979
2825 120
2826 4182
2827 15602
2828 4935
2829 4127
2830 12280
2831 12387
2832 566
2833 120
2834 106
2835 771
2836 12379
2837 3808
2838 12375
2839 3353
2840 2283
2841 4346
2842 10141
2843 3116
2844 4346
2845 15188
2846 771
2847 4935
2848 11685
2849 771
2850 3011
2851 739
2852 3630
2853 771
2854 4346
2855 12110
2856 3353
2857 120
2858 4935
2859 12585
2860 6489
2861 4545
2862 12595
2863 8563
2864 12645
2865 1401
2866 16537
2867 4968
2868 12353
2869 12050
2870 12758
2871 2283
2872 8341
2873 12709
2874 2094
2875 23124
2876 18968
2877 3116
2878 4584
2879 1401
2880 12353
2881 120
2882 3116
2883 3353
2884 3353
2885 8820
2886 120
2887 4374
2888 3353
2889 1823
2890 12036
2891 4225
2892 8341
2893 2283
2894 2395
2895 2283
2896 8820
2897 4935
2898 1401
2899 4935
2900 12353
2901 4346
2902 3353
2903 4346
2904 771
2905 4346
2906 3353
2907 8341
2908 4346
2909 4935
2910 8341
2911 11501
2912 8341
2913 4086
2914 12616
2915 3202
2916 6327
2917 3353
2918 332
2919 4935
2920 4346
2921 16156
2922 12110
2923 2283
2924 8438
2925 120
2926 466
2927 3116
2928 8341
2929 771
2930 120
2931 13005
2932 12999
2933 3353
2934 771
2935 4346
2936 3116
2937 876
2938 4404
2939 4346
2940 10257
2941 3116
2942 3353
2943 892
2944 8820
2945 4086
2946 13058
2947 8820
2948 4346
2949 120
2950 13062
2951 4346
2952 4935
2953 13006
2954 11376
2955 3936
2956 3116
2957 27618
2958 120
2959 2283
2960 12110
2961 13118
2962 4346
2963 13129
2964 12616
2965 10300
2966 8341
2967 12979
2968 4622
2969 1599
2970 6889
2971 12110
2972 2283
2973 1569
2974 14778
2975 4935
2976 4182
2977 8341
2978 771
2979 3353
2980 4346
2981 22613
2982 4935
2983 13158
2984 3353
2985 8451
2986 4615
2987 120
2988 12387
2989 4615
2990 3353
2991 13290
2992 4346
2993 13251
2994 4346
2995 10257
2996 12036
2997 4615
2998 12360
2999 771
3000 3116
3001 4615
3002 3116
3003 8820
3004 2395
3005 1979
3006 19407
3007 4935
3008 11861
3009 120
3010 13145
3011 13359
3012 1979
3013 246
3014 12036
3015 4935
3016 10300
3017 13544
3018 12036
3019 527
3020 13493
3021 13450
3022 12641
3023 12036
3024 13359
3025 4346
3026 13518
3027 4935
3028 13499
3029 4545
3030 771
3031 13547
3032 14616
3033 22981
3034 466
3035 3353
3036 4935
3037 120
3038 4615
3039 6530
3040 26786
3041 4935
3042 6489
3043 466
3044 12050
3045 19239
3046 3353
3047 3957
3048 8451
3049 14613
3050 14625
3051 13450
3052 14611
3053 4346
3054 4374
3055 4935
3056 6328
3057 3202
3058 1401
3059 9943
3060 3353
3061 3164
3062 13450
3063 771
3064 24858
3065 3116
3066 771
3067 11501
3068 17166
3069 4615
3070 13404
3071 3353
3072 4935
3073 120
3074 4615
3075 771
3076 13450
3077 466
3078 11805
3079 3353
3080 771
3081 3353
3082 4624
3083 2283
3084 3085
3085 2917
3086 3353
3087 904
3088 771
3089 4346
3090 14964
3091 4346
3092 12641
3093 15001
3094 4346
3095 27705
3096 8451
3097 4346
3098 4935
3099 13359
3100 8820
3101 4346
3102 15128
3103 14928
3104 13499
3105 4624
3106 13450
3107 3116
3108 13359
3109 4615
3110 15113
3111 13274
3112 11674
3113 15118
3114 37688
3115 3353
3116 771
3117 4346
3118 17858
3119 96
3120 12979
3121 4935
3122 2872
3123 6889
3124 4615
3125 12036
3126 4346
3127 3353
3128 4615
3129 120
3130 3164
3131 771
3132 13450
3133 14741
3134 120
3135 13359
3136 4390
3137 1396
3138 13359
3139 4390
3140 2957
3141 12705
3142 4615
3143 6489
3144 120
3145 13499
3146 14709
3147 13565
3148 120
3149 21755
3150 15483
3151 2732
3152 6489
3153 3353
3154 6489
3155 3353
3156 892
3157 15595
3158 11805
3159 566
3160 15602
3161 15261
3162 2283
3163 21849
3164 4225
3165 8438
3166 8438
3167 4935
3168 4346
3169 4346
3170 29094
3171 11805
3172 120
3173 4390
3174 9943
3175 4935
3176 120
3177 3353
3178 3116
3179 1979
3180 12036
3181 4346
3182 120
3183 15261
3184 6489
3185 4935
3186 4346
3187 771
3188 4346
3189 8451
3190 15813
3191 12036
3192 892
3193 4182
3194 22613
3195 15261
3196 15753
3197 3116
3198 11501
3199 15301
3200 4346
3201 3116
3202 2957
3203 4346
3204 771
3205 3116
3206 4935
3207 3353
3208 13145
3209 12705
3210 4346
3211 3647
3212 13450
3213 566
3214 4346
3215 17888
3216 14718
3217 11805
3218 4346
3219 4346
3220 18968
3221 2283
3222 3353
3223 566
3224 15973
3225 3353
3226 466
3227 13274
3228 11720
3229 246
3230 12760
3231 16073
3232 2435
3233 3353
3234 536
3235 13450
3236 2957
3237 14587
3238 4346
3239 2283
3240 4615
3241 1979
3242 12036
3243 16137
3244 1462
3245 3353
3246 4615
3247 3957
3248 4615
3249 16219
3250 4207
3251 13158
3252 4346
3253 16259
3254 2283
3255 466
3256 12036
3257 1817
3258 3353
3259 771
3260 1979
3261 4615
3262 1979
3263 16329
3264 13450
3265 10200
3266 4437
3267 13158
3268 771
3269 4615
3270 16501
3271 4935
3272 120
3273 16501
3274 10141
3275 120
3276 1392
3277 3254
3278 13306
3279 11734
3280 14741
3281 12036
3282 10141
3283 4935
3284 4615
3285 16537
3286 120
3287 4935
3288 2283
3289 771
3290 16537
3291 11805
3292 1569
3293 10141
3294 13450
3295 3353
3296 11805
3297 771
3298 3559
3299 12036
3300 4374
3301 16773
3302 3353
3303 15114
3304 3353
3305 1979
3306 12036
3307 10257
3308 120
3309 13450
3310 2283
3311 4935
3312 120
3313 1401
3314 2283
3315 4935
3316 16952
3317 771
3318 4935
3319 1748
3320 17030
3321 3353
3322 4748
3323 13450
3324 3353
3325 4615
3326 12760
3327 466
3328 13450
3329 28559
3330 17772
3331 1569
3332 13450
3333 12641
3334 120
3335 22613
3336 771
3337 12641
3338 4615
3339 12641
3340 771
3341 23750
3342 3353
3343 4346
3344 4346
3345 30926
3346 17193
3347 3353
3348 4346
3349 2917
3350 120
3351 26786
3352 1569
3353 2283
3354 16952
3355 3353
3356 3353
3357 4615
3358 4615
3359 16157
3360 3521
3361 19384
3362 15625
3363 4615
3364 120
3365 17332
3366 16773
3367 4615
3368 17326
3369 8451
3370 3353
3371 771
3372 4615
3373 120
3374 4615
3375 4346
3376 4346
3377 3353
3378 120
3379 4615
3380 771
3381 16878
3382 4346
3383 4615
3384 4374
3385 120
3386 4346
3387 3353
3388 4615
3389 771
3390 120
3391 17535
3392 771
3393 17636
3394 15023
3395 4615
3396 16951
3397 771
3398 4090
3399 17601
3400 17609
3401 120
3402 771
3403 4615
3404 16878
3405 15625
3406 771
3407 12641
3408 120
3409 17507
3410 15625
3411 5227
3412 1462
3413 2283
3414 18911
3415 4545
3416 4615
3417 13145
3418 12613
3419 16562
3420 23360
3421 4615
3422 4374
3423 16335
3424 19015
3425 771
3426 26446
3427 8820
3428 4615
3429 16933
3430 120
3431 12036
3432 16878
3433 16773
3434 3353
3435 3353
3436 19178
3437 3866
3438 19186
3439 120
3440 5227
3441 251
3442 19209
3443 17186
3444 771
3445 3257
3446 17620
3447 6489
3448 11883
3449 17620
3450 19260
3451 438
3452 4748
3453 4718
3454 17888
3455 6353
3456 3353
3457 15856
3458 16537
3459 16537
3460 4086
3461 10141
3462 8820
3463 19302
3464 120
3465 3353
3466 16933
3467 2283
3468 120
3469 12036
3470 19334
3471 19347
3472 19334
3473 31422
3474 120
3475 21034
3476 2283
3477 120
3478 771
3479 13274
3480 11883
3481 28185
3482 120
3483 1802
3484 19562
3485 6607
3486 4138
3487 19526
3488 19594
3489 16335
3490 13062
3491 3559
3492 16237
3493 17888
3494 17620
3495 120
3496 19495
3497 8103
3498 771
3499 120
3500 19318
3501 10141
3502 11883
3503 3254
3504 4086
3505 16933
3506 17888
3507 12036
3508 19684
3509 10141
3510 3559
3511 771
3512 16878
3513 1401
3514 771
3515 19729
3516 20749
3517 19742
3518 20818
3519 19561
3520 4374
3521 19392
3522 4748
3523 19742
3524 2957
3525 11883
3526 2732
3527 120
3528 17718
3529 20874
3530 17888
3531 19246
3532 120
3533 771
3534 11883
3535 17544
3536 22813
3537 21394
3538 12036
3539 120
3540 120
3541 1401
3542 771
3543 120
3544 2957
3545 16878
3546 6489
3547 1401
3548 8820
3549 120
3550 17888
3551 1401
3552 771
3553 15132
3554 120
3555 2283
3556 120
3557 771
3558 26252
3559 16878
3560 12858
3561 771
3562 4225
3563 16878
3564 4615
3565 6468
3566 21138
3567 21134
3568 5151
3569 1401
3570 3857
3571 466
3572 12815
3573 466
3574 466
3575 466
3576 1569
3577 466
3578 12815
3579 21365
3580 1401
3581 23466
3582 12036
3583 26454
3584 120
3585 1401
3586 3353
3587 466
3588 1401
3589 34656
3590 3353
3591 21295
3592 4615
3593 6994
3594 1979
3595 466
3596 3353
3597 3353
3598 771
3599 1401
3600 120
3601 17888
3602 17193
3603 17193
3604 466
3605 2510
3606 14778
3607 466
3608 26250
3609 1569
3610 2848
3611 8438
3612 12401
3613 13326
3614 120
3615 27618
3616 120
3617 3353
3618 17193
3619 16878
3620 8226
3621 21451
3622 21453
3623 21464
3624 21477
3625 21245
3626 771
3627 21491
3628 16952
3629 21494
3630 19239
3631 8438
3632 10058
3633 1802
3634 8581
3635 21290
3636 21496
3637 8820
3638 13512
3639 16565
3640 8438
3641 21500
3642 576
3643 4615
3644 16537
3645 771
3646 1242
3647 22613
3648 120
3649 4832
3650 8438
3651 26454
3652 2872
3653 3353
3654 1791
3655 13335
3656 16537
3657 246
3658 19407
3659 3808
3660 14778
3661 3353
3662 17888
3663 16773
3664 4615
3665 12353
3666 21466
3667 771
3668 16773
3669 4615
3670 19407
3671 22212
3672 21290
3673 4615
3674 21773
3675 8753
3676 466
3677 17083
3678 466
3679 517
3680 17888
3681 21801
3682 1823
3683 16260
3684 771
3685 32932
3686 8820
3687 19428
3688 8820
3689 771
3690 3957
3691 16952
3692 19318
3693 4225
3694 1569
3695 17888
3696 15132
3697 19318
3698 6489
3699 6489
3700 517
3701 4615
3702 4182
3703 22028
3704 22024
3705 21849
3706 21946
3707 17451
3708 17620
3709 771
3710 21743
3711 6489
3712 15897
3713 3353
3714 26786
3715 32766
3716 6489
3717 15897
3718 15132
3719 120
3720 17620
3721 4682
3722 22166
3723 13158
3724 18968
3725 26454
3726 8438
3727 19407
3728 4615
3729 4615
3730 2283
3731 19407
3732 12036
3733 19407
3734 12036
3735 22230
3736 16773
3737 771
3738 13359
3739 1979
3740 19392
3741 19407
3742 1401
3743 21330
3744 4615
3745 27993
3746 771
3747 1401
3748 3353
3749 771
3750 3147
3751 1401
3752 3164
3753 2461
3754 13359
3755 18968
3756 17772
3757 21523
3758 21523
3759 21618
3760 22040
3761 4225
3762 19407
3763 21912
3764 120
3765 1401
3766 3353
3767 8451
3768 21851
3769 120
3770 120
3771 16951
3772 8935
3773 22605
3774 1979
3775 3353
3776 19407
3777 120
3778 6489
3779 19407
3780 4615
3781 13518
3782 13326
3783 15901
3784 3647
3785 8451
3786 21467
3787 21981
3788 21981
3789 19392
3790 332
3791 4615
3792 15132
3793 22824
3794 22810
3795 21981
3796 2957
3797 16237
3798 120
3799 771
3800 4127
3801 22855
3802 22613
3803 19407
3804 4182
3805 22895
3806 120
3807 1569
3808 3353
3809 17888
3810 17687
3811 12036
3812 1569
3813 19246
3814 959
3815 3353
3816 25801
3817 4086
3818 120
3819 18968
3820 4615
3821 4225
3822 23025
3823 15901
3824 120
3825 12815
3826 21981
3827 6489
3828 23020
3829 15625
3830 26454
3831 21981
3832 15901
3833 18968
3834 21981
3835 15901
3836 23088
3837 466
3838 23620
3839 23036
3840 19407
3841 466
3842 23110
3843 466
3844 120
3845 27618
3846 15901
3847 16951
3848 19392
3849 3353
3850 2957
3851 23188
3852 23187
3853 22039
3854 771
3855 120
3856 23192
3857 4086
3858 21981
3859 4615
3860 21981
3861 19246
3862 23258
3863 8103
3864 16951
3865 27925
3866 1006
3867 771
3868 5151
3869 21981
3870 23350
3871 23353
3872 1979
3873 120
3874 21981
3875 566
3876 120
3877 771
3878 8820
3879 1569
3880 16951
3881 19407
3882 8935
3883 3353
3884 14778
3885 23473
3886 23489
3887 23499
3888 120
3889 17888
3890 3521
3891 16951
3892 25510
3893 4086
3894 8451
3895 13499
3896 14775
3897 1979
3898 16951
3899 23591
3900 771
3901 466
3902 16951
3903 466
3904 16951
3905 19407
3906 12036
3907 19407
3908 23712
3909 10141
3910 771
3911 16237
3912 3871
3913 19407
3914 771
3915 26454
3916 23620
3917 23797
3918 3353
3919 16933
3920 24010
3921 23557
3922 5092
3923 16933
3924 1802
3925 6327
3926 23797
3927 4086
3928 23797
3929 6489
3930 22813
3931 23912
3932 15625
3933 24800
3934 1979
3935 3353
3936 8820
3937 19407
3938 12036
3939 4374
3940 12036
3941 9985
3942 12760
3943 4615
3944 19407
3945 246
3946 12036
3947 4481
3948 771
3949 4615
3950 15301
3951 24209
3952 17888
3953 26252
3954 27618
3955 19407
3956 22613
3957 19407
3958 24858
3959 120
3960 771
3961 19318
3962 24322
3963 24303
3964 17888
3965 120
3966 2848
3967 24316
3968 16549
3969 24324
3970 8351
3971 669
3972 16951
3973 4790
3974 4615
3975 21330
3976 16237
3977 19392
3978 12979
3979 19407
3980 3011
3981 10300
3982 19407
3983 120
3984 5117
3985 19407
3986 4615
3987 24528
3988 17772
3989 8820
3990 24505
3991 4225
3992 771
3993 15620
3994 120
3995 466
3996 1396
3997 120
3998 16951
3999 4615
4000 2917
4001 120
4002 2957
4003 24603
4004 120
4005 21849
4006 13359
4007 18968
4008 16355
4009 26454
4010 18968
4011 26454
4012 2283
4013 120
4014 15625
4015 120
4016 1401
4017 2283
4018 4615
4019 19407
4020 120
4021 24801
4022 1979
4023 21849
4024 3353
4025 12036
4026 120
4027 11883
4028 6489
4029 24900
4030 24902
4031 8820
4032 120
4033 10027
4034 24858
4035 1401
4036 13326
4037 24930
4038 3353
4039 12036
4040 3011
4041 4277
4042 12030
4043 4374
4044 24858
4045 4374
4046 32314
4047 24858
4048 3871
4049 771
4050 24858
4051 21962
4052 12036
4053 8674
4054 23090
4055 21849
4056 16951
4057 1401
4058 16714
4059 6489
4060 1396
4061 16714
4062 6489
4063 15620
4064 120
4065 3011
4066 26500
4067 24858
4068 17687
4069 15450
4070 25049
4071 19392
4072 24858
4073 771
4074 17507
4075 24858
4076 1420
4077 21849
4078 24858
4079 25241
4080 24858
4081 6489
4082 120
4083 4937
4084 16933
4085 24126
4086 16951
4087 24858
4088 2957
4089 120
4090 24858
4091 11376
4092 120
4093 6489
4094 25295
4095 25308
4096 19407
4097 120
4098 24858
4099 120
4100 25344
4101 24901
4102 24858
4103 24858
4104 3521
4105 16951
4106 34162
4107 3257
4108 19407
4109 15620
4110 4374
4111 4615
4112 771
4113 771
4114 24858
4115 24858
4116 9939
4117 4090
4118 1979
4119 17687
4120 21849
4121 12126
4122 25576
4123 25581
4124 16951
4125 96
4126 386
4127 25567
4128 24858
4129 771
4130 16951
4131 24858
4132 1979
4133 12036
4134 1979
4135 26454
4136 24858
4137 120
4138 21330
4139 24858
4140 120
4141 120
4142 24858
4143 4615
4144 19407
4145 8820
4146 25614
4147 17772
4148 10027
4149 18968
4150 4090
4151 15625
4152 17620
4153 11883
4154 22536
4155 24858
4156 25872
4157 25769
4158 12979
4159 8820
4160 566
4161 25909
4162 11883
4163 25931
4164 120
4165 25935
4166 16951
4167 24858
4168 26454
4169 16951
4170 120
4171 25904
4172 11883
4173 24858
4174 566
4175 21213
4176 3353
4177 19407
4178 14920
4179 26021
4180 26034
4181 16951
4182 26014
4183 24858
4184 120
4185 120
4186 24858
4187 1569
4188 1817
4189 24858
4190 1401
4191 19407
4192 26084
4193 11883
4194 120
4195 24858
4196 26096
4197 24858
4198 120
4199 22024
4200 771
4201 26133
4202 120
4203 1979
4204 24858
4205 12364
4206 11883
4207 6489
4208 24858
4209 21213
4210 11883
4211 120
4212 14778
4213 3871
4214 24858
4215 79
4216 22660
4217 26174
4218 3353
4219 26174
4220 1401
4221 18968
4222 33563
4223 13145
4224 5066
4225 11883
4226 15301
4227 120
4228 24858
4229 2769
4230 771
4231 13229
4232 1979
4233 120
4234 11883
4235 21330
4236 8315
4237 120
4238 120
4239 11883
4240 771
4241 11883
4242 4225
4243 120
4244 1569
4245 12036
4246 19407
4247 26361
4248 16773
4249 11883
4250 120
4251 2666
4252 24858
4253 8193
4254 17888
4255 19407
4256 11883
4257 26421
4258 25769
4259 11883
4260 1569
4261 13359
4262 15620
4263 26415
4264 26448
4265 120
4266 1802
4267 16555
4268 1895
4269 12036
4270 4804
4271 26373
4272 2283
4273 21213
4274 21849
4275 8820
4276 13450
4277 96
4278 8820
4279 26487
4280 1401
4281 2957
4282 26568
4283 5227
4284 4225
4285 11883
4286 24858
4287 6489
4288 25801
4289 120
4290 25028
4291 1401
4292 1401
4293 120
4294 24858
4295 1401
4296 120
4297 24858
4298 27140
4299 120
4300 25801
4301 24858
4302 26454
4303 25801
4304 771
4305 26454
4306 120
4307 3559
4308 22536
4309 24858
4310 25801
4311 22536
4312 15620
4313 1401
4314 24858
4315 120
4316 26718
4317 24858
4318 120
4319 26709
4320 6489
4321 120
4322 2957
4323 120
4324 24858
4325 120
4326 24858
4327 120
4328 26174
4329 1401
4330 120
4331 1401
4332 17687
4333 2283
4334 26849
4335 1979
4336 3957
4337 19204
4338 26852
4339 24804
4340 4615
4341 24858
4342 4390
4343 120
4344 24858
4345 25801
4346 28568
4347 24858
4348 21946
4349 120
4350 6489
4351 24858
4352 26500
4353 21138
4354 24858
4355 26786
4356 3353
4357 26295
4358 19407
4359 1979
4360 27030
4361 25614
4362 4615
4363 771
4364 120
4365 24858
4366 24439
4367 120
4368 27071
4369 8820
4370 24858
4371 13326
4372 24858
4373 120
4374 120
4375 11883
4376 19318
4377 1401
4378 120
4379 26454
4380 11883
4381 15625
4382 16951
4383 27140
4384 24858
4385 27140
4386 120
4387 16951
4388 6489
4389 120
4390 24858
4391 120
4392 24858
4393 15620
4394 4090
4395 26454
4396 24858
4397 15620
4398 724
4399 27140
4400 16237
4401 2283
4402 6489
4403 5012
4404 4853
4405 3804
4406 24858
4407 3353
4408 27140
4409 27618
4410 27312
4411 8438
4412 24858
4413 11883
4414 26500
4415 1979
4416 21330
4417 11883
4418 120
4419 1979
4420 17846
4421 19318
4422 3353
4423 24858
4424 16951
4425 22613
4426 24858
4427 27432
4428 16951
4429 2848
4430 25801
4431 26454
4432 25801
4433 771
4434 3353
4435 9985
4436 18968
4437 25614
4438 120
4439 27140
4440 120
4441 120
4442 8438
4443 120
4444 27140
4445 24858
4446 22868
4447 1979
4448 25801
4449 4615
4450 22868
4451 24858
4452 27605
4453 4390
4454 3011
4455 120
4456 15620
4457 15901
4458 26454
4459 27618
4460 26786
4461 11883
4462 27431
4463 4182
4464 24858
4465 21523
4466 27140
4467 566
4468 20818
4469 120
4470 24858
4471 21849
4472 2957
4473 120
4474 1401
4475 4374
4476 120
4477 24858
4478 120
4479 24858
4480 26786
4481 26454
4482 16951
4483 120
4484 24858
4485 4935
4486 8820
4487 26500
4488 8451
4489 27967
4490 6445
4491 17888
4492 4277
4493 26252
4494 8616
4495 26736
4496 22605
4497 27942
4498 1392
4499 17080
4500 3683
4501 21278
4502 17888
4503 4935
4504 26454
4505 17817
4506 120
4507 25614
4508 120
4509 27618
4510 24858
4511 16951
4512 19495
4513 25028
4514 28054
4515 24858
4516 120
4517 24858
4518 21278
4519 27247
4520 17888
4521 120
4522 21290
4523 28134
4524 26454
4525 28185
4526 13359
4527 11883
4528 18968
4529 33274
4530 24858
4531 19407
4532 4935
4533 24858
4534 27140
4535 120
4536 771
4537 120
4538 27618
4539 4935
4540 24858
4541 4935
4542 27618
4543 4935
4544 21278
4545 1401
4546 12386
4547 28454
4548 4935
4549 27791
4550 17888
4551 12386
4552 25028
4553 4374
4554 120
4555 17186
4556 4935
4557 2350
4558 4935
4559 27618
4560 26786
4561 4935
4562 26786
4563 2283
4564 4935
4565 24858
4566 27618
4567 16426
4568 4935
4569 26786
4570 771
4571 11674
4572 2283
4573 14778
4574 27618
4575 4615
4576 25614
4577 24858
4578 18968
4579 4935
4580 26786
4581 27618
4582 120
4583 21849
4584 26786
4585 12386
4586 4935
4587 8467
4588 120
4589 16951
4590 28642
4591 4225
4592 3353
4593 4935
4594 28679
4595 3353
4596 3710
4597 120
4598 2283
4599 2957
4600 12861
4601 28709
4602 120
4603 26786
4604 25028
4605 19407
4606 120
4607 28782
4608 18968
4609 4935
4610 16951
4611 16951
4612 25732
4613 1401
4614 120
4615 8820
4616 12386
4617 27140
4618 15620
4619 4182
4620 13359
4621 26467
4622 4935
4623 28053
4624 16951
4625 28886
4626 4935
4627 4182
4628 16773
4629 4935
4630 4086
4631 120
4632 27618
4633 4935
4634 24858
4635 26500
4636 27773
4637 26454
4638 4935
4639 771
4640 27618
4641 120
4642 3353
4643 4935
4644 16952
4645 16562
4646 17674
4647 15620
4648 26454
4649 4935
4650 4390
4651 21849
4652 11883
4653 11883
4654 19318
4655 26454
4656 4935
4657 29229
4658 28932
4659 17804
4660 14722
4661 26786
4662 771
4663 2283
4664 29094
4665 21849
4666 13359
4667 2283
4668 12036
4669 8438
4670 25801
4671 16951
4672 27618
4673 29262
4674 27140
4675 1420
4676 29340
4677 16237
4678 3710
4679 1401
4680 28932
4681 26500
4682 19318
4683 8820
4684 25614
4685 29262
4686 29398
4687 120
4688 26736
4689 3353
4690 25614
4691 8820
4692 26786
4693 3353
4694 26454
4695 4615
4696 26786
4697 26454
4698 3164
4699 28932
4700 16951
4701 24439
4702 12386
4703 4935
4704 3804
4705 28770
4706 4182
4707 26786
4708 12386
4709 16951
4710 21524
4711 19495
4712 26454
4713 26510
4714 26786
4715 12386
4716 26454
4717 4935
4718 26454
4719 25801
4720 27618
4721 16951
4722 26454
4723 11883
4724 24603
4725 2433
4726 2283
4727 1817
4728 4935
4729 16562
4730 11883
4731 4615
4732 25614
4733 26454
4734 27618
4735 30994
4736 15180
4737 24858
4738 3353
4739 12042
4740 771
4741 31040
4742 1979
4743 26454
4744 1350
4745 31041
4746 31124
4747 28600
4748 27618
4749 33565
4750 2732
4751 771
4752 4615
4753 26479
4754 26454
4755 31124
4756 26786
4757 26454
4758 21849
4759 26252
4760 4935
4761 31285
4762 31292
4763 31289
4764 25028
4765 4390
4766 771
4767 4615
4768 2732
4769 26786
4770 32100
4771 26454
4772 27140
4773 27618
4774 26454
4775 9943
4776 25614
4777 16237
4778 11883
4779 31448
4780 26454
4781 24858
4782 2957
4783 31469
4784 771
4785 26454
4786 4390
4787 3353
4788 25614
4789 2350
4790 3353
4791 31542
4792 11883
4793 11883
4794 1401
4795 21849
4796 31565
4797 28559
4798 120
4799 11883
4800 31561
4801 4615
4802 3353
4803 4935
4804 26786
4805 1979
4806 3353
4807 521
4808 3353
4809 27140
4810 26786
4811 27140
4812 4935
4813 24178
4814 11883
4815 26459
4816 3011
4817 4935
4818 1445
4819 24603
4820 14911
4821 13359
4822 21849
4823 26454
4824 4615
4825 26786
4826 24858
4827 4935
4828 27618
4829 31460
4830 771
4831 31868
4832 11734
4833 26454
4834 17544
4835 6489
4836 4615
4837 4935
4838 17888
4839 21946
4840 31941
4841 31460
4842 1817
4843 27140
4844 15620
4845 26454
4846 32015
4847 11883
4848 25732
4849 19407
4850 25614
4851 12036
4852 4615
4853 27618
4854 1420
4855 26849
4856 26454
4857 32029
4858 6889
4859 21213
4860 22181
4861 32015
4862 26454
4863 1401
4864 22828
4865 13359
4866 32039
4867 15625
4868 21849
4869 26500
4870 4127
4871 13203
4872 12036
4873 4182
4874 27140
4875 27140
4876 25801
4877 27618
4878 24858
4879 11883
4880 26454
4881 24512
4882 4615
4883 8611
4884 22046
4885 26467
4886 32015
4887 10058
4888 25797
4889 1401
4890 21962
4891 19407
4892 26786
4893 14778
4894 26454
4895 2283
4896 26849
4897 27140
4898 4935
4899 16951
4900 771
4901 24512
4902 17888
4903 10074
4904 4935
4905 28932
4906 25801
4907 27618
4908 4935
4909 27618
4910 26786
4911 32080
4912 26454
4913 2283
4914 25411
4915 16878
4916 771
4917 2283
4918 12805
4919 32134
4920 32389
4921 32369
4922 26686
4923 26516
4924 23991
4925 23839
4926 12036
4927 4615
4928 16237
4929 2283
4930 27618
4931 28932
4932 2283
4933 2283
4934 13021
4935 17620
4936 4615
4937 31460
4938 24858
4939 2283
4940 2283
4941 21138
4942 32522
4943 29094
4944 21849
4945 26454
4946 32531
4947 771
4948 12579
4949 12036
4950 4090
4951 4182
4952 26786
4953 3957
4954 32567
4955 4615
4956 2283
4957 771
4958 32580
4959 4086
4960 15901
4961 26786
4962 527
4963 6489
4964 27618
4965 4935
4966 27140
4967 32615
4968 3353
4969 23839
4970 32625
4971 2283
4972 26786
4973 31561
4974 26454
4975 32635
4976 29720
4977 4615
4978 4182
4979 771
4980 24858
4981 8820
4982 27427
4983 26786
4984 31460
4985 27618
4986 19106
4987 3011
4988 2283
4989 27140
4990 26454
4991 26786
4992 771
4993 21089
4994 27140
4995 26786
4996 21849
4997 32741
4998 3353
4999 2283
5000 2957
5001 27618
5002 771
5003 27618
5004 11999
5005 4615
5006 32576
5007 4615
5008 2283
5009 26454
5010 5162
5011 4615
5012 32819
5013 18968
5014 32092
5015 13499
5016 21849
5017 771
5018 24367
5019 16878
5020 21849
5021 25797
5022 1817
5023 876
5024 26454
5025 32015
5026 33007
5027 18968
5028 771
5029 33027
5030 26786
5031 2283
5032 26174
5033 13040
5034 33062
5035 28234
5036 18968
5037 4935
5038 8438
5039 27618
5040 26786
5041 26786
5042 8412
5043 19407
5044 10095
5045 4374
5046 2283
5047 26786
5048 1401
5049 876
5050 771
5051 24858
5052 26786
5053 29094
5054 6445
5055 3353
5056 27618
5057 32080
5058 4615
5059 33217
5060 32080
5061 771
5062 16933
5063 3353
5064 2957
5065 120
5066 771
5067 876
5068 24858
5069 771
5070 13145
5071 6489
5072 19407
5073 26454
5074 17193
5075 28185
5076 25797
5077 26454
5078 19407
5079 17888
5080 2957
5081 24858
5082 26786
5083 2283
5084 27618
5085 3945
5086 24310
5087 4494
5088 13175
5089 34605
5090 33393
5091 24858
5092 25732
5093 2283
5094 26454
5095 33415
5096 29094
5097 26467
5098 21524
5099 19545
5100 10027
5101 15450
5102 33429
5103 33410
5104 6327
5105 26786
5106 24858
5107 25028
5108 21849
5109 16952
5110 2957
5111 4374
5112 26786
5113 1401
5114 28932
5115 3871
5116 24858
5117 26786
5118 21523
5119 3353
5120 17686
5121 21849
5122 21524
5123 26786
5124 771
5125 27140
5126 14722
5127 26252
5128 26786
5129 25028
5130 36792
5131 771
5132 33274
5133 33715
5134 1401
5135 29520
5136 33737
5137 33745
5138 31460
5139 27618
5140 24858
5141 26786
5142 24858
5143 16951
5144 771
5145 3353
5146 33793
5147 33797
5148 21849
5149 24858
5150 33089
5151 33423
5152 13039
5153 13327
5154 26786
5155 26454
5156 24858
5157 34492
5158 26454
5159 33855
5160 4935
5161 2283
5162 26174
5163 15856
5164 26454
5165 2283
5166 876
5167 13326
5168 33933
5169 10058
5170 24516
5171 33923
5172 2283
5173 16951
5174 27618
5175 33930
5176 24858
5177 26786
5178 26252
5179 16952
5180 32209
5181 33939
5182 21213
5183 8820
5184 18968
5185 33089
5186 27140
5187 2283
5188 33089
5189 1401
5190 33089
5191 771
5192 32585
5193 18968
5194 16951
5195 24858
5196 33089
5197 876
5198 22536
5199 2283
5200 6489
5201 25411
5202 19407
5203 26252
5204 2283
5205 24858
5206 26786
5207 24858
5208 27140
5209 26786
5210 26454
5211 15856
5212 22536
5213 24858
5214 771
5215 21849
5216 27140
5217 6489
5218 27618
5219 771
5220 4615
5221 24858
5222 2283
5223 33089
5224 876
5225 12012
5226 34097
5227 120
5228 1420
5229 8451
5230 1823
5231 28932
5232 18963
5233 25411
5234 27618
5235 21849
5236 27140
5237 26454
5238 34288
5239 26786
5240 18968
5241 26133
5242 1823
5243 26786
5244 34318
5245 34311
5246 21213
5247 33842
5248 15901
5249 4935
5250 19186
5251 26786
5252 25028
5253 4615
5254 876
5255 2283
5256 876
5257 2283
5258 12364
5259 26454
5260 27618
5261 19407
5262 34428
5263 25411
5264 34439
5265 33611
5266 26454
5267 24858
5268 26510
5269 24858
5270 22536
5271 4935
5272 27618
5273 26571
5274 26786
5275 18968
5276 15620
5277 34663
5278 34670
5279 26786
5280 17601
5281 21213
5282 24310
5283 33625
5284 4374
5285 26786
5286 27618
5287 26454
5288 27618
5289 34782
5290 27140
5291 26454
5292 4374
5293 21213
5294 34790
5295 27140
5296 2283
5297 3521
5298 17804
5299 771
5300 8350
5301 2283
5302 771
5303 4935
5304 27618
5305 2957
5306 19423
5307 17601
5308 26500
5309 876
5310 3353
5311 26786
5312 27618
5313 25411
5314 4615
5315 21290
5316 771
5317 4935
5318 19519
5319 8139
5320 8193
5321 16562
5322 771
5323 17888
5324 3353
5325 26786
5326 27140
5327 26586
5328 36126
5329 3353
5330 36136
5331 27618
5332 4935
5333 26786
5334 4935
5335 36167
5336 26786
5337 4086
5338 13359
5339 31460
5340 16878
5341 13326
5342 36270
5343 31561
5344 994
5345 27618
5346 120
5347 26786
5348 26454
5349 26786
5350 2283
5351 2283
5352 31460
5353 876
5354 27140
5355 23447
5356 4225
5357 771
5358 12036
5359 1242
5360 36448
5361 24858
5362 14999
5363 14722
5364 24858
5365 28753
5366 26454
5367 36523
5368 10095
5369 19283
5370 26786
5371 21849
5372 25411
5373 1979
5374 26454
5375 36644
5376 36215
5377 12387
5378 4935
5379 26467
5380 26786
5381 2283
5382 26454
5383 3353
5384 771
5385 26786
5386 19407
5387 3353
5388 26786
5389 22729
5390 27140
5391 26454
5392 27618
5393 2848
5394 3011
5395 26786
5396 24858
5397 27618
5398 26454
5399 2361
5400 33405
5401 26252
5402 36932
5403 36933
5404 13039
5405 32015
5406 27618
5407 31806
5408 4935
5409 26786
5410 21849
5411 19407
5412 17426
5413 26786
5414 26252
5415 15901
5416 26454
5417 24858
5418 2848
5419 4374
5420 1401
5421 6489
5422 16952
5423 28672
5424 21524
5425 2283
5426 771
5427 37065
5428 25549
5429 26454
5430 24858
5431 26786
5432 26454
5433 4615
5434 27618
5435 28234
5436 26786
5437 771
5438 11883
5439 16237
5440 25560
5441 6437
5442 25028
5443 24858
5444 2135
5445 771
5446 2283
5447 31722
5448 27508
5449 3353
5450 26786
5451 26454
5452 9985
5453 26454
5454 120
5455 11883
5456 26454
5457 19407
5458 14722
5459 24858
5460 19407
5461 120
5462 27618
5463 24858
5464 16714
5465 3353
5466 17687
5467 27140
5468 27140
5469 120
5470 3353
5471 11883
5472 38607
5473 26454
5474 26786
5475 27618
5476 16237
5477 26454
5478 27140
5479 24858
5480 27618
5481 26454
5482 24858
5483 771
5484 3011
5485 26786
5486 27140
5487 771
5488 25732
5489 12036
5490 11883
5491 6489
5492 26786
5493 26454
5494 24858
5495 11883
5496 19407
5497 25411
5498 3353
5499 24858
5500 1823
5501 27668
5502 24858
5503 17888
5504 27618
5505 11883
5506 27618
5507 24858
5508 26454
5509 3353
5510 26786
5511 24858
5512 11883
5513 4374
5514 4086
5515 771
5516 2283
5517 26454
5518 771
5519 11883
5520 26454
5521 21849
5522 32092
5523 24858
5524 37065
5525 24858
5526 26454
5527 26454
5528 15856
5529 3353
5530 96
5531 33148
5532 33148
5533 25244
5534 25557
5535 3011
5536 11883
5537 25801
5538 2283
5539 4086
5540 33423
5541 771
5542 771
5543 33855
5544 37945
5545 3353
5546 21849
5547 12036
5548 32092
5549 26786
5550 6489
5551 25411
5552 11883
5553 12036
5554 8104
5555 4086
5556 26786
5557 3011
5558 18968
5559 15651
5560 25801
5561 27618
5562 24512
5563 28850
5564 26500
5565 12036
5566 24858
5567 771
5568 771
5569 26786
5570 38123
5571 26252
5572 28850
5573 34291
5574 38126
5575 38130
5576 34380
5577 24512
5578 38120
5579 37945
5580 26786
5581 1979
5582 8820
5583 33855
5584 4225
5585 21213
5586 19370
5587 25411
5588 3353
5589 19392
5590 38223
5591 26786
5592 11883
5593 3011
5594 16951
5595 26467
5596 22536
5597 26786
5598 18968
5599 20927
5600 4374
5601 21524
5602 1979
5603 31460
5604 26454
5605 25801
5606 27618
5607 2283
5608 13359
5609 4935
5610 1860
5611 36136
5612 1754
5613 4935
5614 26786
5615 8820
5616 25732
5617 18968
5618 2283
5619 4086
5620 11883
5621 771
5622 26895
5623 27140
5624 6489
5625 25801
5626 1979
5627 14778
5628 31460
5629 21849
5630 771
5631 27140
5632 12387
5633 26454
5634 18968
5635 19246
5636 26786
5637 11883
5638 2283
5639 21849
5640 27140
5641 14778
5642 26454
5643 2283
5644 26454
5645 3353
5646 3710
5647 12387
5648 26786
5649 16952
5650 11883
5651 26454
5652 23447
5653 16952
5654 38422
5655 32092
5656 4935
5657 21849
5658 26786
5659 25411
5660 24858
5661 19392
5662 26454
5663 1823
5664 25614
5665 32092
5666 14722
5667 1773
5668 26454
5669 24858
5670 4086
5671 2283
5672 2283
5673 38825
5674 2283
5675 38649
5676 4374
5677 12036
5678 1401
5679 26454
5680 771
5681 26454
5682 28185
5683 3202
5684 4935
5685 26786
5686 26786
5687 4935
5688 3011
5689 26454
5690 24858
5691 4225
5692 17080
5693 38607
5694 19407
5695 21849
5696 33405
5697 24439
5698 34552
5699 38607
5700 16237
5701 10300
5702 16237
5703 21946
5704 4374
5705 38607
5706 26786
5707 16770
5708 26786
5709 17684
5710 26454
5711 39024
5712 14722
5713 39035
5714 26786
5715 32015
5716 40598
5717 26786
5718 2283
5719 26786
5720 38607
5721 2732
5722 26454
5723 37835
5724 4935
5725 2283
5726 26786
5727 4615
5728 14778
5729 771
5730 3353
5731 26786
5732 39186
5733 771
5734 32092
5735 26454
5736 29806
5737 2283
5738 21888
5739 10058
5740 4724
5741 26086
5742 4968
5743 21523
5744 17804
5745 1754
5746 19495
5747 1823
5748 11883
5749 26454
5750 38309
5751 26786
5752 1445
5753 40360
5754 2732
5755 24439
5756 37219
5757 14778
5758 24858
5759 25411
5760 19392
5761 28185
5762 27618
5763 27431
5764 25411
5765 26786
5766 11883
5767 2283
5768 3011
5769 6327
5770 19407
5771 16237
5772 3011
5773 4298
5774 771
5775 21849
5776 24858
5777 4374
5778 12036
5779 38776
5780 27618
5781 19407
5782 22119
5783 34359
5784 771
5785 26786
5786 16237
5787 22252
5788 26454
5789 38607
5790 2283
5791 27618
5792 14952
5793 24858
5794 26786
5795 31460
5796 1401
5797 32092
5798 26454
5799 2283
5800 4935
5801 16237
5802 29094
5803 26454
5804 14722
5805 15901
5806 23683
5807 3683
5808 26786
5809 38607
5810 3353
5811 12036
5812 24858
5813 26786
5814 32092
5815 11883
5816 2283
5817 38607
5818 11883
5819 4935
5820 21743
5821 31722
5822 41040
5823 25411
5824 24363
5825 1823
5826 14722
5827 14722
5828 27618
5829 12036
5830 25614
