question id postid score postid score ..... 
1 1 13 2 6 
2 3 49 4 20 5 16 6 5 
3 7 11 8 5 
4 9 14 10 9 
5 11 16 12 15 
6 13 27 14 14 15 7 
7 16 36 17 14 18 6 
8 19 41 20 13 21 12 22 7 
9 23 16 24 10 
10 25 44 26 11 
11 27 89 28 13 29 12 30 12 31 10 32 9 33 7 34 5 
12 35 28 36 12 37 6 
13 38 19 39 13 
14 40 14 41 12 
15 42 24 43 9 44 8 
16 45 24 46 5 
17 47 21 48 18 
18 49 16 50 9 
19 51 58 52 46 53 26 54 14 55 9 56 8 
20 57 42 58 19 59 16 60 7 61 7 
21 62 10 63 7 64 5 
22 65 132 66 67 67 44 68 30 69 22 70 19 71 19 72 18 73 17 74 15 75 12 76 10 77 10 78 9 79 9 80 9 81 9 82 8 83 7 84 6 85 6 86 5 
23 87 22 88 6 
24 89 9 90 8 91 7 
25 92 20 93 8 94 7 
26 95 26 96 14 97 7 
27 98 32 99 7 100 5 
28 101 63 102 14 103 7 
29 104 11 105 8 
30 106 15 107 8 108 5 109 5 
31 110 11 111 6 112 6 
32 113 11 114 9 115 5 
33 116 21 117 16 118 5 
34 119 17 120 7 
35 121 19 122 5 
36 123 14 124 9 125 5 
37 126 13 127 11 128 7 129 5 
38 130 51 131 14 
39 132 15 133 8 
40 134 15 135 6 
41 136 11 137 8 
42 138 17 139 14 
43 140 29 141 9 142 5 
44 143 22 144 8 
45 145 37 146 5 
46 147 17 148 7 149 7 
47 150 7 151 7 
48 152 16 153 12 
49 154 41 155 30 156 9 
50 157 72 158 23 159 15 160 9 161 6 
51 162 13 163 11 164 9 
52 165 5 166 5 
53 167 14 168 8 169 6 
54 170 14 171 10 
55 172 47 173 16 174 10 
56 175 13 176 6 
57 177 48 178 8 
58 179 13 180 11 181 9 
59 182 22 183 6 
60 184 51 185 12 186 12 187 11 
61 188 24 189 14 190 9 
62 191 18 192 8 193 6 
63 194 33 195 13 
64 196 11 197 10 198 5 
65 199 13 200 11 201 5 
66 202 21 203 8 204 5 
67 205 10 206 8 
68 207 40 208 21 209 11 210 10 211 6 
69 212 9 213 9 214 5 
70 215 8 216 5 
71 217 19 218 10 219 8 220 5 
72 221 37 222 8 223 7 
73 224 9 225 8 
74 226 78 227 47 228 13 
75 229 23 230 7 
76 231 32 232 21 233 8 234 7 235 5 
77 236 15 237 7 
78 238 36 239 21 240 11 241 9 242 8 
79 243 30 244 6 
80 245 21 246 14 
81 247 10 248 6 
82 249 22 250 15 251 6 
83 252 26 253 13 254 10 
84 255 16 256 10 
85 257 8 258 8 
86 259 29 260 9 
87 261 9 262 6 
88 263 5 264 5 
89 265 31 266 16 267 6 268 6 
90 269 18 270 18 271 6 
91 272 11 273 6 274 5 
92 275 15 276 6 
93 277 8 278 7 
94 279 17 280 11 281 8 282 6 283 5 
95 284 17 285 7 
96 286 15 287 10 
97 288 85 289 19 
98 290 50 291 26 292 20 293 18 294 8 
99 295 15 296 8 297 7 
100 298 41 299 7 300 7 301 5 302 5 
101 303 9 304 7 
102 305 20 306 8 307 6 
103 308 8 309 6 
104 310 28 311 9 
105 312 49 313 30 314 12 315 11 316 9 317 9 318 8 319 7 320 7 321 7 
106 322 8 323 5 
107 324 29 325 15 326 15 327 5 
108 328 17 329 5 
109 330 19 331 6 
110 332 33 333 28 
111 334 18 335 5 
112 336 23 337 7 
113 338 49 339 12 340 7 
114 341 21 342 11 
115 343 13 344 8 
116 345 7 346 6 
117 347 15 348 8 349 8 350 6 351 5 
118 352 50 353 10 
119 354 22 355 12 
120 356 16 357 15 
121 358 14 359 5 
122 360 7 361 5 
123 362 24 363 7 
124 364 43 365 18 
125 366 22 367 12 368 12 
126 369 12 370 10 371 10 372 5 
127 373 30 374 9 375 7 
128 376 15 377 14 378 9 
129 379 22 380 16 381 5 
130 382 44 383 12 384 7 
131 385 27 386 7 
132 387 30 388 17 389 15 
133 390 8 391 5 
134 392 11 393 5 
135 394 33 395 7 396 6 
136 397 21 398 11 399 5 
137 400 7 401 7 402 5 
138 403 10 404 9 
139 405 39 406 22 407 6 
140 408 18 409 13 410 8 411 6 
141 412 17 413 14 414 8 
142 415 20 416 6 
143 417 17 418 8 
144 419 13 420 5 
145 421 9 422 8 423 8 424 5 
146 425 30 426 21 427 7 
147 428 30 429 16 430 12 
148 431 12 432 6 
149 433 33 434 11 435 7 
150 436 11 437 8 
151 438 11 439 5 440 5 
152 441 30 442 7 
153 443 9 444 7 
154 445 33 446 14 447 10 448 7 
155 449 18 450 11 451 9 452 8 453 7 454 7 455 7 
156 456 13 457 11 
157 458 9 459 6 
158 460 17 461 7 462 6 
159 463 36 464 20 465 7 
160 466 7 467 5 
161 468 14 469 12 
162 470 22 471 14 472 14 473 10 
163 474 26 475 12 
164 476 12 477 6 
165 478 17 479 11 480 5 
166 481 6 482 6 
167 483 12 484 7 485 6 
168 486 46 487 16 488 10 489 7 
169 490 8 491 6 
170 492 22 493 7 
171 494 24 495 10 
172 496 13 497 8 498 5 
173 499 34 500 19 501 10 502 9 503 6 504 6 
174 505 25 506 6 
175 507 14 508 5 
176 509 20 510 17 511 13 512 9 
177 513 49 514 28 515 26 516 21 517 11 518 7 
178 519 28 520 8 
179 521 23 522 17 
180 523 25 524 7 
181 525 8 526 5 
182 527 10 528 5 
183 529 27 530 5 531 5 
184 532 39 533 26 534 14 535 9 
185 536 21 537 19 538 10 
186 539 29 540 15 
187 541 26 542 7 
188 543 13 544 11 
189 545 11 546 6 
190 547 25 548 16 549 16 550 7 
191 551 15 552 8 553 5 
192 554 8 555 5 
193 556 11 557 5 
194 558 16 559 8 
195 560 21 561 12 562 9 563 9 
196 564 23 565 14 566 10 
197 567 9 568 8 
198 569 15 570 13 
199 571 18 572 11 573 6 574 5 575 5 
200 576 36 577 12 578 10 579 10 
201 580 10 581 9 
202 582 13 583 7 
203 584 9 585 8 586 5 
204 587 13 588 8 
205 589 40 590 29 591 8 
206 592 23 593 12 
207 594 21 595 10 
208 596 20 597 10 
209 598 36 599 17 600 8 601 6 602 5 
210 603 11 604 6 605 5 
211 606 21 607 11 608 7 609 7 
212 610 14 611 8 
213 612 20 613 18 614 8 
214 615 14 616 5 
215 617 10 618 10 
216 619 16 620 12 621 6 
217 622 17 623 8 624 6 625 5 
218 626 14 627 12 628 8 629 6 
219 630 12 631 8 
220 632 5 633 5 
221 634 41 635 14 636 10 637 6 638 6 
222 639 16 640 7 
223 641 9 642 9 
224 643 80 644 22 645 6 
225 646 12 647 9 648 5 649 5 
226 650 9 651 7 
227 652 34 653 22 654 13 655 10 656 6 
228 657 13 658 10 
229 659 14 660 12 
230 661 9 662 7 663 7 664 6 
231 665 6 666 5 
232 667 12 668 5 
233 669 16 670 11 
234 671 6 672 6 
235 673 17 674 14 
236 675 30 676 19 677 15 678 11 
237 679 16 680 12 
238 681 10 682 10 683 7 684 7 
239 685 7 686 6 687 5 
240 688 18 689 14 
241 690 14 691 5 
242 692 8 693 5 694 5 
243 695 9 696 8 
244 697 5 698 5 
245 699 15 700 9 
246 701 6 702 5 
247 703 23 704 13 
248 705 17 706 7 
249 707 11 708 10 
250 709 16 710 6 711 6 
251 712 7 713 5 714 5 
252 715 17 716 6 
253 717 6 718 5 719 5 
254 720 43 721 5 
255 722 12 723 9 
256 724 31 725 27 726 7 
257 727 22 728 8 729 6 730 6 
258 731 18 732 10 733 5 
259 734 9 735 6 736 6 
260 737 16 738 15 739 14 740 7 
261 741 9 742 8 
262 743 29 744 10 
263 745 34 746 7 747 7 
264 748 16 749 5 
265 750 14 751 11 
266 752 33 753 24 754 9 
267 755 9 756 7 757 5 
268 758 8 759 7 
269 760 24 761 11 762 7 763 6 
270 764 38 765 30 766 8 767 5 
271 768 14 769 6 
272 770 14 771 9 772 6 773 6 774 6 
273 775 16 776 15 777 12 778 6 779 5 
274 780 12 781 7 
275 782 34 783 11 784 5 
276 785 57 786 16 787 14 788 8 789 8 790 5 
277 791 11 792 5 
278 793 43 794 22 795 8 
279 796 9 797 8 798 5 
280 799 26 800 7 
281 801 15 802 12 803 8 
282 804 16 805 6 
283 806 5 807 5 
284 808 17 809 9 810 7 811 7 
285 812 9 813 8 
286 814 15 815 9 
287 816 10 817 5 
288 818 97 819 26 820 8 821 8 822 5 
289 823 13 824 13 
290 825 10 826 8 
291 827 23 828 13 829 5 
292 830 39 831 20 832 20 833 13 834 13 835 8 836 8 837 6 838 5 
293 839 30 840 8 
294 841 7 842 6 
295 843 9 844 5 
296 845 12 846 7 847 5 
297 848 10 849 10 850 5 
298 851 11 852 9 
299 853 27 854 7 
300 855 23 856 5 
301 857 7 858 5 
302 859 45 860 20 861 5 
303 862 18 863 12 864 6 
304 865 29 866 19 867 9 
305 868 8 869 5 
306 870 9 871 6 
307 872 9 873 5 
308 874 9 875 6 
309 876 31 877 21 878 11 879 5 
310 880 7 881 6 
311 882 6 883 6 
312 884 12 885 7 
313 886 10 887 8 888 7 
314 889 18 890 10 891 6 
315 892 17 893 8 
316 894 8 895 6 
317 896 17 897 11 
318 898 17 899 8 
319 900 30 901 20 902 12 903 9 904 5 
320 905 33 906 14 907 5 
321 908 28 909 6 
322 910 7 911 5 
323 912 14 913 9 914 9 
324 915 7 916 5 
325 917 17 918 12 919 11 920 9 
326 921 14 922 13 923 6 
327 924 15 925 13 
328 926 16 927 11 928 6 
329 929 30 930 9 
330 931 37 932 25 933 14 
331 934 19 935 10 936 5 
332 937 8 938 5 
333 939 8 940 5 941 5 
334 942 33 943 16 944 11 945 10 
335 946 10 947 8 
336 948 17 949 12 
337 950 13 951 10 
338 952 33 953 8 954 7 
339 955 21 956 16 957 9 958 9 959 9 960 6 961 5 
340 962 27 963 15 964 8 965 7 
341 966 12 967 6 968 5 
342 969 15 970 6 
343 971 25 972 10 973 5 
344 974 7 975 5 
345 976 59 977 44 978 41 979 31 980 29 981 18 982 14 983 11 984 8 985 5 
346 986 10 987 9 
347 988 33 989 23 990 6 
348 991 27 992 7 
349 993 11 994 10 995 5 
350 996 9 997 5 
351 998 35 999 17 
352 1000 36 1001 17 1002 13 1003 8 
353 1004 19 1005 13 1006 8 
354 1007 26 1008 5 
355 1009 6 1010 5 1011 5 1012 5 
356 1013 89 1014 67 1015 26 1016 11 
357 1017 12 1018 8 
358 1019 14 1020 6 
359 1021 12 1022 10 1023 8 
360 1024 20 1025 11 
361 1026 11 1027 5 1028 5 
362 1029 67 1030 24 
363 1031 12 1032 6 
364 1033 18 1034 9 
365 1035 9 1036 8 
366 1037 20 1038 6 
367 1039 16 1040 5 
368 1041 22 1042 15 
369 1043 12 1044 5 
370 1045 10 1046 5 
371 1047 26 1048 8 
372 1049 8 1050 6 
373 1051 9 1052 7 
374 1053 20 1054 11 
375 1055 31 1056 14 
376 1057 13 1058 6 1059 5 
377 1060 15 1061 14 
378 1062 12 1063 11 
379 1064 11 1065 5 
380 1066 36 1067 23 1068 11 1069 5 
381 1070 8 1071 7 
382 1072 10 1073 9 
383 1074 34 1075 16 1076 9 1077 7 
384 1078 12 1079 6 
385 1080 6 1081 6 
386 1082 20 1083 5 1084 5 
387 1085 59 1086 20 1087 17 1088 16 1089 11 1090 7 1091 6 
388 1092 9 1093 5 
389 1094 16 1095 14 
390 1096 5 1097 5 
391 1098 44 1099 14 1100 12 1101 8 
392 1102 12 1103 6 
393 1104 7 1105 6 
394 1106 34 1107 10 1108 8 
395 1109 15 1110 6 
396 1111 21 1112 11 
397 1113 20 1114 14 
398 1115 18 1116 5 
399 1117 15 1118 7 
400 1119 13 1120 9 
401 1121 28 1122 16 1123 5 
402 1124 19 1125 14 1126 12 1127 9 1128 8 1129 8 1130 6 1131 5 1132 5 
403 1133 9 1134 6 
404 1135 10 1136 9 1137 7 
405 1138 23 1139 6 
406 1140 12 1141 10 
407 1142 7 1143 5 
408 1144 10 1145 5 
409 1146 9 1147 9 1148 7 
410 1149 74 1150 34 1151 24 1152 22 1153 12 1154 5 
411 1155 23 1156 10 
412 1157 21 1158 6 
413 1159 12 1160 11 
414 1161 17 1162 14 
415 1163 10 1164 7 
416 1165 15 1166 5 
417 1167 10 1168 7 1169 7 
418 1170 20 1171 13 1172 11 
419 1173 8 1174 6 1175 5 
420 1176 8 1177 7 
421 1178 42 1179 9 1180 8 
422 1181 61 1182 15 1183 14 1184 7 1185 7 1186 5 1187 5 
423 1188 23 1189 6 
424 1190 24 1191 16 1192 5 1193 5 
425 1194 24 1195 22 1196 7 1197 6 
426 1198 33 1199 5 
427 1200 20 1201 7 
428 1202 13 1203 7 
429 1204 15 1205 13 1206 7 1207 5 
430 1208 10 1209 6 
431 1210 13 1211 5 
432 1212 70 1213 39 1214 25 1215 17 1216 16 1217 10 1218 9 1219 8 1220 7 
433 1221 27 1222 11 
434 1223 6 1224 5 
435 1225 15 1226 5 
436 1227 9 1228 9 1229 8 
437 1230 23 1231 14 
438 1232 30 1233 14 
439 1234 15 1235 14 1236 7 
440 1237 10 1238 8 
441 1239 18 1240 17 
442 1241 18 1242 11 1243 11 1244 5 
443 1245 12 1246 7 
444 1247 37 1248 24 
445 1249 25 1250 7 
446 1251 17 1252 6 
447 1253 14 1254 13 1255 9 
448 1256 20 1257 6 
449 1258 9 1259 8 
450 1260 16 1261 13 1262 6 
451 1263 9 1264 5 
452 1265 9 1266 7 
453 1267 19 1268 13 
454 1269 14 1270 7 
455 1271 30 1272 16 
456 1273 14 1274 6 
457 1275 13 1276 11 
458 1277 14 1278 11 1279 9 1280 8 1281 5 
459 1282 9 1283 8 
460 1284 15 1285 7 
461 1286 20 1287 16 1288 8 1289 8 
462 1290 14 1291 6 
463 1292 14 1293 7 
464 1294 24 1295 23 1296 20 1297 9 
465 1298 6 1299 5 
466 1300 15 1301 11 
467 1302 12 1303 6 
468 1304 10 1305 5 
469 1306 6 1307 5 
470 1308 12 1309 7 
471 1310 7 1311 5 
472 1312 31 1313 15 1314 8 1315 6 
473 1316 18 1317 14 1318 11 
474 1319 7 1320 6 
475 1321 10 1322 7 1323 6 
476 1324 12 1325 8 
477 1326 9 1327 9 
478 1328 5 1329 5 
479 1330 8 1331 7 
480 1332 7 1333 5 
481 1334 9 1335 7 
482 1336 45 1337 8 
483 1338 19 1339 15 
484 1340 27 1341 9 1342 6 1343 5 
485 1344 15 1345 5 
486 1346 8 1347 7 
487 1348 15 1349 11 
488 1350 16 1351 14 
489 1352 8 1353 5 
490 1354 23 1355 11 
491 1356 62 1357 20 
492 1358 20 1359 7 
493 1360 30 1361 6 
494 1362 59 1363 27 1364 16 1365 12 1366 10 1367 7 1368 5 
495 1369 18 1370 10 1371 9 
496 1372 9 1373 5 
497 1374 26 1375 7 
498 1376 21 1377 12 1378 8 
499 1379 13 1380 9 
500 1381 9 1382 7 
501 1383 11 1384 6 
502 1385 38 1386 27 1387 24 1388 11 1389 7 
503 1390 7 1391 6 
504 1392 38 1393 12 1394 9 
505 1395 10 1396 6 
506 1397 16 1398 6 
507 1399 9 1400 8 
508 1401 13 1402 9 
509 1403 6 1404 5 
510 1405 8 1406 6 
511 1407 5 1408 5 
512 1409 33 1410 12 
513 1411 7 1412 5 
514 1413 23 1414 10 
515 1415 34 1416 24 1417 9 1418 5 
516 1419 14 1420 6 
517 1421 9 1422 8 
518 1423 8 1424 6 
519 1425 15 1426 14 1427 8 1428 5 
520 1429 23 1430 6 1431 5 
521 1432 10 1433 6 
522 1434 7 1435 7 
523 1436 12 1437 5 
524 1438 7 1439 5 1440 5 
525 1441 37 1442 19 
526 1443 9 1444 6 
527 1445 15 1446 5 
528 1447 7 1448 7 
529 1449 15 1450 10 1451 7 
530 1452 24 1453 8 
531 1454 8 1455 8 
532 1456 29 1457 9 1458 6 
533 1459 7 1460 7 
534 1461 5 1462 5 
535 1463 10 1464 7 
536 1465 23 1466 13 
537 1467 9 1468 7 
538 1469 10 1470 10 
539 1471 16 1472 15 1473 8 1474 6 
540 1475 18 1476 10 1477 7 1478 5 
541 1479 6 1480 5 
542 1481 8 1482 5 
543 1483 10 1484 7 
544 1485 16 1486 7 
545 1487 15 1488 6 
546 1489 8 1490 6 1491 5 
547 1492 12 1493 11 1494 6 
548 1495 12 1496 5 
549 1497 6 1498 5 
550 1499 15 1500 5 
551 1501 49 1502 29 1503 11 1504 5 
552 1505 46 1506 8 1507 6 
553 1508 11 1509 6 
554 1510 15 1511 8 
555 1512 10 1513 6 
556 1514 16 1515 13 1516 8 1517 6 1518 5 
557 1519 20 1520 17 1521 10 
558 1522 7 1523 5 
559 1524 14 1525 6 1526 6 1527 6 
560 1528 9 1529 5 
561 1530 20 1531 6 
562 1532 13 1533 12 
563 1534 10 1535 5 
564 1536 8 1537 5 
565 1538 17 1539 6 
566 1540 14 1541 8 
567 1542 22 1543 9 
568 1544 9 1545 8 
569 1546 5 1547 5 
570 1548 8 1549 5 
571 1550 17 1551 8 1552 5 
572 1553 13 1554 11 
573 1555 45 1556 30 1557 14 1558 14 1559 12 1560 10 1561 5 
574 1562 13 1563 8 
575 1564 47 1565 22 
576 1566 19 1567 15 1568 5 
577 1569 18 1570 11 1571 8 
578 1572 15 1573 6 1574 6 
579 1575 23 1576 18 1577 11 
580 1578 18 1579 5 
581 1580 13 1581 7 1582 6 
582 1583 10 1584 6 
583 1585 12 1586 11 1587 5 
584 1588 21 1589 7 1590 7 1591 5 
585 1592 25 1593 8 1594 6 
586 1595 24 1596 14 1597 10 1598 9 1599 6 
587 1600 13 1601 13 1602 7 
588 1603 7 1604 5 
589 1605 7 1606 7 
590 1607 13 1608 10 
591 1609 14 1610 5 
592 1611 12 1612 12 
593 1613 21 1614 7 
594 1615 6 1616 6 
595 1617 38 1618 15 
596 1619 8 1620 6 
597 1621 16 1622 6 
598 1623 9 1624 6 1625 5 
599 1626 16 1627 10 
600 1628 11 1629 11 1630 5 
601 1631 15 1632 13 
602 1633 40 1634 28 1635 21 1636 10 
603 1637 11 1638 7 1639 5 
604 1640 19 1641 7 1642 6 
605 1643 17 1644 11 
606 1645 25 1646 15 1647 8 
607 1648 14 1649 6 
608 1650 16 1651 14 1652 5 
609 1653 21 1654 16 1655 9 
610 1656 15 1657 7 
611 1658 8 1659 6 
612 1660 21 1661 8 
613 1662 18 1663 5 
614 1664 7 1665 6 1666 6 1667 5 
615 1668 34 1669 24 1670 11 1671 9 
616 1672 17 1673 8 1674 5 
617 1675 28 1676 10 1677 7 
618 1678 11 1679 7 
619 1680 12 1681 9 
620 1682 19 1683 7 
621 1684 30 1685 11 
622 1686 34 1687 15 1688 10 
623 1689 14 1690 13 1691 11 1692 5 
624 1693 13 1694 12 
625 1695 22 1696 6 
626 1697 95 1698 37 1699 21 1700 14 1701 11 1702 6 
627 1703 24 1704 9 1705 9 
628 1706 12 1707 8 
629 1708 22 1709 12 
630 1710 10 1711 5 
631 1712 19 1713 12 
632 1714 15 1715 7 
633 1716 13 1717 6 
634 1718 12 1719 7 
635 1720 12 1721 6 
636 1722 11 1723 7 
637 1724 21 1725 13 
638 1726 17 1727 8 
639 1728 10 1729 8 
640 1730 25 1731 13 
641 1732 73 1733 70 1734 32 1735 24 1736 15 1737 15 1738 10 1739 9 1740 5 
642 1741 12 1742 11 1743 5 
643 1744 27 1745 9 1746 7 
644 1747 33 1748 13 
645 1749 19 1750 17 1751 11 
646 1752 9 1753 5 
647 1754 16 1755 15 1756 15 
648 1757 60 1758 25 1759 24 1760 17 1761 13 1762 10 1763 5 1764 5 
649 1765 18 1766 18 
650 1767 16 1768 9 1769 7 
651 1770 18 1771 10 1772 5 
652 1773 12 1774 9 
653 1775 24 1776 8 1777 6 1778 6 1779 5 
654 1780 84 1781 12 1782 6 
655 1783 15 1784 6 1785 5 
656 1786 13 1787 7 
657 1788 33 1789 25 
658 1790 17 1791 10 1792 6 
659 1793 21 1794 12 1795 6 1796 5 
660 1797 15 1798 11 1799 9 
661 1800 22 1801 10 1802 9 
662 1803 24 1804 14 
663 1805 18 1806 5 
664 1807 33 1808 17 
665 1809 16 1810 15 1811 6 
666 1812 12 1813 6 
667 1814 33 1815 16 1816 12 1817 6 1818 5 
668 1819 22 1820 8 1821 7 1822 5 
669 1823 12 1824 6 
670 1825 25 1826 12 1827 12 1828 5 
671 1829 10 1830 5 
672 1831 14 1832 6 
673 1833 39 1834 8 1835 5 
674 1836 10 1837 9 
675 1838 20 1839 16 
676 1840 12 1841 9 1842 8 
677 1843 20 1844 16 1845 6 
678 1846 22 1847 5 
679 1848 12 1849 6 
680 1850 40 1851 12 
681 1852 26 1853 16 
682 1854 32 1855 11 1856 5 1857 5 
683 1858 42 1859 5 
684 1860 7 1861 7 1862 5 
685 1863 6 1864 6 
686 1865 21 1866 11 1867 5 
687 1868 10 1869 5 
688 1870 5 1871 5 
689 1872 5 1873 5 
690 1874 13 1875 13 1876 8 
691 1877 25 1878 11 1879 5 
692 1880 16 1881 6 
693 1882 12 1883 7 1884 5 
694 1885 16 1886 6 
695 1887 27 1888 26 1889 11 
696 1890 15 1891 13 
697 1892 11 1893 8 
698 1894 26 1895 12 1896 9 1897 8 
699 1898 13 1899 11 
700 1900 18 1901 6 
701 1902 8 1903 6 
702 1904 9 1905 5 
703 1906 18 1907 10 
704 1908 12 1909 11 
705 1910 6 1911 5 
706 1912 18 1913 15 
707 1914 11 1915 5 
708 1916 15 1917 11 1918 7 
709 1919 12 1920 6 
710 1921 60 1922 60 1923 47 1924 24 1925 20 1926 19 1927 12 1928 10 1929 6 1930 6 1931 6 1932 5 1933 5 
711 1934 16 1935 9 
712 1936 10 1937 5 
713 1938 6 1939 6 
714 1940 12 1941 5 
715 1942 31 1943 21 
716 1944 5 1945 5 
717 1946 15 1947 9 
718 1948 16 1949 6 
719 1950 15 1951 7 1952 5 
720 1953 10 1954 7 
721 1955 24 1956 7 1957 5 
722 1958 15 1959 9 
723 1960 12 1961 9 1962 6 1963 5 1964 5 
724 1965 21 1966 6 
725 1967 8 1968 7 
726 1969 15 1970 13 
727 1971 22 1972 5 
728 1973 29 1974 15 1975 7 1976 6 
729 1977 30 1978 21 
730 1979 15 1980 10 1981 5 
731 1982 17 1983 10 
732 1984 15 1985 7 
733 1986 12 1987 6 
734 1988 8 1989 6 
735 1990 18 1991 11 1992 10 
736 1993 36 1994 15 
737 1995 26 1996 17 
738 1997 8 1998 7 
739 1999 16 2000 11 
740 2001 5 2002 5 
741 2003 9 2004 6 2005 5 
742 2006 16 2007 7 2008 7 
743 2009 10 2010 5 
744 2011 19 2012 10 2013 6 2014 5 
745 2015 7 2016 6 2017 5 
746 2018 15 2019 11 
747 2020 8 2021 6 
748 2022 39 2023 7 2024 6 
749 2025 14 2026 8 2027 7 2028 6 2029 5 
750 2030 15 2031 6 
751 2032 7 2033 7 2034 7 
752 2035 25 2036 14 
753 2037 28 2038 14 2039 9 2040 5 
754 2041 34 2042 8 2043 6 2044 5 
755 2045 15 2046 11 2047 5 
756 2048 12 2049 8 2050 8 2051 6 
757 2052 17 2053 10 
758 2054 21 2055 14 2056 7 
759 2057 25 2058 7 
760 2059 16 2060 5 
761 2061 15 2062 7 
762 2063 13 2064 9 2065 5 
763 2066 10 2067 7 2068 5 
764 2069 12 2070 6 
765 2071 43 2072 13 2073 8 2074 6 
766 2075 36 2076 27 2077 12 2078 6 2079 5 
767 2080 6 2081 5 
768 2082 68 2083 43 2084 20 2085 9 2086 8 2087 6 
769 2088 10 2089 7 
770 2090 26 2091 5 
771 2092 24 2093 15 2094 10 2095 7 2096 5 2097 5 
772 2098 11 2099 6 
773 2100 11 2101 6 2102 6 
774 2103 6 2104 6 
775 2105 18 2106 18 2107 13 
776 2108 16 2109 13 
777 2110 24 2111 22 
778 2112 18 2113 9 
779 2114 6 2115 6 
780 2116 42 2117 34 
781 2118 36 2119 22 2120 13 2121 11 2122 9 2123 6 
782 2124 7 2125 6 
783 2126 14 2127 10 
784 2128 10 2129 5 
785 2130 14 2131 12 2132 11 2133 7 2134 5 
786 2135 39 2136 5 
787 2137 17 2138 7 2139 5 
788 2140 11 2141 9 
789 2142 18 2143 5 
790 2144 8 2145 6 2146 5 
791 2147 13 2148 8 2149 5 
792 2150 29 2151 16 2152 13 2153 5 
793 2154 17 2155 14 2156 8 2157 6 
794 2158 18 2159 7 2160 6 
795 2161 31 2162 6 2163 5 
796 2164 7 2165 6 
797 2166 10 2167 5 
798 2168 13 2169 10 2170 5 
799 2171 12 2172 6 2173 5 
800 2174 17 2175 12 
801 2176 18 2177 14 2178 5 
802 2179 18 2180 17 2181 15 2182 10 
803 2183 11 2184 10 
804 2185 38 2186 19 2187 13 2188 10 
805 2189 11 2190 8 
806 2191 29 2192 23 2193 14 
807 2194 13 2195 5 
808 2196 6 2197 6 
809 2198 71 2199 18 2200 9 
810 2201 14 2202 8 2203 5 
811 2204 10 2205 9 
812 2206 8 2207 6 
813 2208 48 2209 32 2210 12 2211 5 
814 2212 21 2213 7 
815 2214 19 2215 7 2216 5 
816 2217 12 2218 9 
817 2219 12 2220 9 
818 2221 41 2222 28 2223 5 
819 2224 8 2225 8 
820 2226 20 2227 8 
821 2228 35 2229 6 
822 2230 5 2231 5 
823 2232 16 2233 6 2234 5 
824 2235 10 2236 8 
825 2237 15 2238 8 2239 6 
826 2240 7 2241 7 
827 2242 10 2243 9 
828 2244 16 2245 5 
829 2246 14 2247 5 
830 2248 14 2249 8 
831 2250 67 2251 12 2252 7 
832 2253 19 2254 10 
833 2255 14 2256 7 
834 2257 40 2258 9 2259 6 2260 5 
835 2261 78 2262 74 2263 32 2264 14 2265 12 2266 11 
836 2267 27 2268 14 2269 11 2270 7 2271 7 2272 6 
837 2273 11 2274 7 
838 2275 42 2276 5 
839 2277 18 2278 10 
840 2279 9 2280 7 2281 6 
841 2282 24 2283 6 
842 2284 12 2285 5 
843 2286 14 2287 9 2288 6 
844 2289 5 2290 5 
845 2291 27 2292 13 
846 2293 28 2294 17 
847 2295 11 2296 5 
848 2297 19 2298 6 
849 2299 7 2300 5 
850 2301 9 2302 5 
851 2303 8 2304 8 
852 2305 28 2306 8 2307 6 
853 2308 9 2309 5 
854 2310 14 2311 13 2312 6 
855 2313 24 2314 11 2315 5 
856 2316 10 2317 5 
857 2318 35 2319 17 
858 2320 8 2321 7 
859 2322 10 2323 6 2324 5 
860 2325 49 2326 39 2327 5 
861 2328 11 2329 6 
862 2330 13 2331 7 
863 2332 16 2333 6 
864 2334 15 2335 5 
865 2336 7 2337 5 
866 2338 12 2339 7 
867 2340 10 2341 9 
868 2342 10 2343 5 
869 2344 8 2345 7 
870 2346 9 2347 6 
871 2348 45 2349 23 2350 16 
872 2351 28 2352 14 
873 2353 13 2354 10 
874 2355 5 2356 5 
875 2357 25 2358 17 
876 2359 9 2360 6 
877 2361 10 2362 7 
878 2363 12 2364 9 
879 2365 21 2366 13 
880 2367 28 2368 15 
881 2369 11 2370 6 2371 5 
882 2372 28 2373 13 
883 2374 21 2375 11 2376 8 2377 7 
884 2378 12 2379 11 2380 11 
885 2381 6 2382 5 
886 2383 6 2384 6 
887 2385 13 2386 9 
888 2387 6 2388 6 
889 2389 12 2390 5 
890 2391 7 2392 5 
891 2393 12 2394 6 
892 2395 7 2396 6 
893 2397 34 2398 11 2399 9 2400 8 
894 2401 16 2402 12 
895 2403 8 2404 6 
896 2405 37 2406 11 
897 2407 11 2408 6 
898 2409 139 2410 24 2411 17 2412 13 2413 12 2414 7 2415 6 2416 5 
899 2417 21 2418 9 
900 2419 13 2420 5 
901 2421 11 2422 9 2423 5 
902 2424 8 2425 5 
903 2426 15 2427 8 
904 2428 9 2429 6 
905 2430 10 2431 7 
906 2432 9 2433 5 
907 2434 58 2435 17 2436 6 
908 2437 17 2438 7 
909 2439 25 2440 8 2441 6 
910 2442 14 2443 13 2444 6 
911 2445 22 2446 10 
912 2447 41 2448 12 2449 6 
913 2450 12 2451 8 
914 2452 12 2453 7 
915 2454 40 2455 14 2456 13 2457 9 2458 7 
916 2459 28 2460 8 
917 2461 19 2462 17 
918 2463 8 2464 5 
919 2465 32 2466 27 2467 12 2468 5 
920 2469 26 2470 12 2471 7 
921 2472 9 2473 8 2474 7 
922 2475 11 2476 9 
923 2477 14 2478 9 2479 5 
924 2480 10 2481 5 
925 2482 44 2483 29 
926 2484 104 2485 25 2486 5 2487 5 2488 5 
927 2489 14 2490 12 2491 7 2492 7 
928 2493 8 2494 6 
929 2495 17 2496 5 
930 2497 8 2498 5 
931 2499 53 2500 25 2501 13 2502 10 
932 2503 8 2504 8 
933 2505 15 2506 7 2507 6 2508 5 
934 2509 24 2510 7 
935 2511 10 2512 6 
936 2513 31 2514 15 2515 8 2516 8 
937 2517 11 2518 9 
938 2519 15 2520 6 
939 2521 35 2522 15 2523 10 2524 8 2525 5 
940 2526 20 2527 10 
941 2528 19 2529 6 
942 2530 43 2531 27 2532 19 2533 12 2534 6 2535 6 2536 5 
943 2537 22 2538 9 
944 2539 12 2540 6 
945 2541 20 2542 5 
946 2543 9 2544 6 
947 2545 7 2546 5 
948 2547 13 2548 7 
949 2549 9 2550 6 
950 2551 10 2552 7 
951 2553 15 2554 5 
952 2555 6 2556 5 
953 2557 9 2558 7 
954 2559 11 2560 11 
955 2561 35 2562 9 
956 2563 10 2564 5 
957 2565 8 2566 6 2567 5 
958 2568 28 2569 25 2570 19 2571 18 2572 8 2573 6 
959 2574 20 2575 17 
960 2576 11 2577 9 2578 9 
961 2579 27 2580 21 2581 6 2582 5 2583 5 
962 2584 56 2585 19 2586 10 2587 10 
963 2588 13 2589 6 
964 2590 48 2591 27 
965 2592 13 2593 7 
966 2594 9 2595 7 2596 7 2597 5 
967 2598 30 2599 25 2600 6 
968 2601 7 2602 5 
969 2603 14 2604 5 
970 2605 14 2606 11 
971 2607 99 2608 27 2609 21 2610 11 2611 5 
972 2612 18 2613 15 2614 5 
973 2615 32 2616 28 
974 2617 29 2618 15 2619 5 
975 2620 23 2621 10 2622 6 
976 2623 11 2624 7 
977 2625 21 2626 15 2627 7 
978 2628 14 2629 8 
979 2630 10 2631 8 
980 2632 46 2633 28 2634 11 
981 2635 26 2636 8 2637 7 
982 2638 56 2639 25 2640 9 2641 5 
983 2642 13 2643 5 
984 2644 16 2645 10 2646 6 
985 2647 13 2648 11 
986 2649 17 2650 17 
987 2651 6 2652 5 
988 2653 44 2654 32 2655 27 2656 13 2657 10 
989 2658 14 2659 6 
990 2660 12 2661 9 
991 2662 12 2663 7 
992 2664 17 2665 15 
993 2666 21 2667 9 
994 2668 25 2669 18 
995 2670 49 2671 22 2672 16 2673 10 2674 8 2675 7 2676 6 
996 2677 12 2678 12 
997 2679 23 2680 12 2681 5 
998 2682 12 2683 6 
999 2684 30 2685 10 2686 8 2687 5 
1000 2688 18 2689 7 2690 7 2691 6 
1001 2692 32 2693 15 2694 8 2695 6 
1002 2696 35 2697 6 2698 5 
1003 2699 12 2700 9 
1004 2701 40 2702 5 
1005 2703 6 2704 5 
1006 2705 49 2706 27 2707 17 
1007 2708 120 2709 40 2710 13 2711 9 2712 7 
1008 2713 13 2714 8 
1009 2715 30 2716 21 
1010 2717 8 2718 5 
1011 2719 40 2720 14 
1012 2721 26 2722 9 2723 9 2724 6 
1013 2725 12 2726 5 
1014 2727 14 2728 11 
1015 2729 20 2730 5 
1016 2731 29 2732 9 
1017 2733 12 2734 7 
1018 2735 9 2736 5 
1019 2737 24 2738 5 
1020 2739 9 2740 6 2741 6 2742 6 
1021 2743 8 2744 5 2745 5 
1022 2746 22 2747 17 2748 11 2749 6 
1023 2750 26 2751 17 
1024 2752 76 2753 14 2754 7 
1025 2755 13 2756 11 
1026 2757 17 2758 7 
1027 2759 23 2760 13 
1028 2761 17 2762 11 2763 11 2764 7 2765 6 2766 5 
1029 2767 10 2768 5 
1030 2769 33 2770 23 2771 7 
1031 2772 5 2773 5 
1032 2774 12 2775 12 2776 5 
1033 2777 11 2778 7 
1034 2779 14 2780 11 
1035 2781 19 2782 9 2783 6 2784 5 
1036 2785 16 2786 5 
1037 2787 7 2788 6 
1038 2789 16 2790 6 
1039 2791 11 2792 8 
1040 2793 8 2794 6 
1041 2795 14 2796 5 
1042 2797 53 2798 35 
1043 2799 17 2800 6 
1044 2801 8 2802 7 
1045 2803 25 2804 17 2805 11 
1046 2806 11 2807 6 
1047 2808 5 2809 5 
1048 2810 13 2811 11 
1049 2812 36 2813 16 2814 8 2815 6 
1050 2816 10 2817 8 2818 6 
1051 2819 10 2820 7 
1052 2821 9 2822 6 
1053 2823 19 2824 16 2825 11 2826 11 2827 10 
1054 2828 26 2829 14 2830 6 
1055 2831 11 2832 9 
1056 2833 8 2834 6 
1057 2835 23 2836 20 2837 14 2838 12 2839 8 
1058 2840 9 2841 7 
1059 2842 9 2843 6 2844 5 
1060 2845 17 2846 13 
1061 2847 37 2848 5 
1062 2849 27 2850 8 
1063 2851 20 2852 13 2853 7 
1064 2854 8 2855 6 
1065 2856 37 2857 12 
1066 2858 18 2859 15 
1067 2860 23 2861 14 2862 5 
1068 2863 16 2864 6 
1069 2865 9 2866 5 
1070 2867 10 2868 10 
1071 2869 13 2870 9 2871 5 
1072 2872 7 2873 6 
1073 2874 7 2875 6 2876 5 
1074 2877 9 2878 6 
1075 2879 19 2880 6 2881 5 
1076 2882 11 2883 8 
1077 2884 13 2885 6 
1078 2886 16 2887 8 
1079 2888 47 2889 13 2890 10 
1080 2891 17 2892 11 2893 8 2894 6 
1081 2895 12 2896 9 
1082 2897 22 2898 11 
1083 2899 15 2900 6 
1084 2901 7 2902 5 
1085 2903 18 2904 11 
1086 2905 7 2906 6 
1087 2907 13 2908 7 
1088 2909 21 2910 14 2911 9 
1089 2912 14 2913 12 
1090 2914 11 2915 6 
1091 2916 10 2917 9 2918 5 
1092 2919 19 2920 5 
1093 2921 7 2922 7 2923 7 
1094 2924 19 2925 12 
1095 2926 16 2927 7 
1096 2928 20 2929 10 
1097 2930 5 2931 5 2932 5 
1098 2933 11 2934 7 2935 7 
1099 2936 19 2937 6 
1100 2938 47 2939 25 2940 16 2941 12 
1101 2942 17 2943 12 
1102 2944 23 2945 20 2946 7 
1103 2947 12 2948 10 
1104 2949 27 2950 14 2951 9 
1105 2952 14 2953 7 
1106 2954 15 2955 14 2956 9 
1107 2957 10 2958 8 2959 5 
1108 2960 48 2961 10 
1109 2962 14 2963 12 2964 12 
1110 2965 33 2966 23 2967 20 2968 13 2969 11 2970 8 2971 5 
1111 2972 11 2973 7 2974 6 
1112 2975 15 2976 8 
1113 2977 24 2978 23 
1114 2979 15 2980 9 2981 6 
1115 2982 14 2983 9 
1116 2984 6 2985 6 
1117 2986 28 2987 25 2988 9 
1118 2989 50 2990 14 
1119 2991 13 2992 10 
1120 2993 16 2994 10 
1121 2995 28 2996 13 
1122 2997 57 2998 6 2999 6 3000 6 
1123 3001 16 3002 6 
1124 3003 7 3004 5 
1125 3005 8 3006 6 
1126 3007 29 3008 14 3009 11 
1127 3010 25 3011 9 3012 5 
1128 3013 8 3014 5 
1129 3015 39 3016 9 
1130 3017 10 3018 7 3019 6 
1131 3020 10 3021 7 
1132 3022 40 3023 11 3024 6 
1133 3025 7 3026 6 
1134 3027 20 3028 7 
1135 3029 44 3030 5 3031 5 
1136 3032 9 3033 5 
1137 3034 5 3035 5 
1138 3036 54 3037 7 3038 5 
1139 3039 15 3040 6 
1140 3041 37 3042 5 
1141 3043 14 3044 9 3045 5 
1142 3046 29 3047 21 3048 10 
1143 3049 42 3050 15 3051 10 3052 7 
1144 3053 45 3054 16 
1145 3055 17 3056 8 3057 5 
1146 3058 10 3059 8 
1147 3060 13 3061 5 
1148 3062 13 3063 7 
1149 3064 14 3065 7 
1150 3066 10 3067 6 3068 5 
1151 3069 26 3070 21 3071 9 
1152 3072 87 3073 8 
1153 3074 8 3075 7 
1154 3076 22 3077 6 
1155 3078 34 3079 6 
1156 3080 11 3081 9 
1157 3082 14 3083 7 
1158 3084 19 3085 12 3086 12 3087 6 
1159 3088 25 3089 8 3090 6 
1160 3091 19 3092 5 
1161 3093 9 3094 9 3095 6 
1162 3096 16 3097 5 
1163 3098 15 3099 5 
1164 3100 30 3101 19 
1165 3102 11 3103 7 
1166 3104 9 3105 7 
1167 3106 13 3107 7 
1168 3108 27 3109 20 3110 17 3111 13 3112 10 3113 8 
1169 3114 10 3115 8 
1170 3116 17 3117 10 3118 6 
1171 3119 7 3120 6 
1172 3121 31 3122 15 3123 13 
1173 3124 14 3125 5 
1174 3126 20 3127 13 
1175 3128 33 3129 5 
1176 3130 6 3131 5 
1177 3132 24 3133 9 
1178 3134 8 3135 5 
1179 3136 18 3137 5 
1180 3138 5 3139 5 
1181 3140 9 3141 6 
1182 3142 83 3143 10 3144 6 
1183 3145 57 3146 23 3147 14 3148 7 3149 6 3150 6 3151 5 
1184 3152 16 3153 8 
1185 3154 18 3155 9 
1186 3156 9 3157 6 
1187 3158 16 3159 8 3160 6 3161 6 
1188 3162 14 3163 6 3164 5 
1189 3165 18 3166 10 
1190 3167 32 3168 13 
1191 3169 12 3170 9 
1192 3171 22 3172 20 3173 16 3174 10 
1193 3175 54 3176 6 3177 5 
1194 3178 12 3179 11 
1195 3180 21 3181 14 
1196 3182 15 3183 7 
1197 3184 21 3185 18 3186 7 
1198 3187 36 3188 22 3189 17 3190 14 3191 14 3192 12 3193 9 3194 7 
1199 3195 9 3196 8 
1200 3197 10 3198 8 3199 5 
1201 3200 29 3201 19 
1202 3202 16 3203 7 
1203 3204 14 3205 5 
1204 3206 38 3207 17 3208 10 
1205 3209 19 3210 8 
1206 3211 10 3212 7 
1207 3213 11 3214 7 
1208 3215 9 3216 5 
1209 3217 11 3218 6 
1210 3219 9 3220 8 
1211 3221 16 3222 16 3223 11 3224 5 
1212 3225 10 3226 8 
1213 3227 52 3228 26 
1214 3229 8 3230 6 
1215 3231 48 3232 38 3233 27 3234 17 3235 7 
1216 3236 14 3237 11 
1217 3238 12 3239 9 3240 6 
1218 3241 65 3242 20 3243 18 
1219 3244 19 3245 6 
1220 3246 51 3247 23 
1221 3248 35 3249 6 
1222 3250 16 3251 12 
1223 3252 32 3253 22 3254 14 3255 7 
1224 3256 13 3257 6 3258 5 
1225 3259 18 3260 5 
1226 3261 95 3262 25 3263 17 3264 5 
1227 3265 24 3266 7 
1228 3267 10 3268 5 
1229 3269 24 3270 7 
1230 3271 13 3272 5 3273 5 
1231 3274 54 3275 35 3276 14 3277 13 3278 9 3279 8 3280 6 
1232 3281 13 3282 6 
1233 3283 9 3284 5 
1234 3285 10 3286 7 
1235 3287 10 3288 5 
1236 3289 13 3290 11 
1237 3291 8 3292 6 
1238 3293 8 3294 7 
1239 3295 9 3296 5 
1240 3297 12 3298 8 
1241 3299 46 3300 22 3301 10 3302 7 3303 5 
1242 3304 44 3305 28 3306 14 
1243 3307 8 3308 7 
1244 3309 18 3310 12 
1245 3311 12 3312 9 
1246 3313 12 3314 6 
1247 3315 46 3316 32 3317 27 
1248 3318 32 3319 15 3320 9 
1249 3321 20 3322 7 
1250 3323 15 3324 5 
1251 3325 14 3326 6 
1252 3327 20 3328 8 
1253 3329 18 3330 6 
1254 3331 24 3332 14 3333 7 
1255 3334 7 3335 5 
1256 3336 18 3337 6 3338 6 
1257 3339 12 3340 9 3341 6 
1258 3342 19 3343 12 
1259 3344 11 3345 8 
1260 3346 7 3347 5 
1261 3348 66 3349 7 
1262 3350 10 3351 7 
1263 3352 14 3353 9 
1264 3354 16 3355 14 
1265 3356 7 3357 5 
1266 3358 43 3359 7 
1267 3360 13 3361 7 
1268 3362 66 3363 21 3364 14 3365 11 
1269 3366 22 3367 13 
1270 3368 19 3369 5 
1271 3370 34 3371 14 
1272 3372 8 3373 5 
1273 3374 13 3375 5 
1274 3376 31 3377 10 
1275 3378 13 3379 12 
1276 3380 35 3381 14 3382 12 
1277 3383 15 3384 10 3385 6 
1278 3386 7 3387 5 
1279 3388 20 3389 8 
1280 3390 8 3391 8 3392 5 
1281 3393 10 3394 6 
1282 3395 5 3396 5 
1283 3397 48 3398 34 3399 23 3400 14 3401 5 
1284 3402 42 3403 16 3404 12 
1285 3405 76 3406 26 3407 10 3408 5 
1286 3409 84 3410 13 3411 5 
1287 3412 82 3413 38 3414 8 
1288 3415 45 3416 29 
1289 3417 9 3418 8 
1290 3419 14 3420 11 
1291 3421 215 3422 37 3423 13 3424 12 
1292 3425 11 3426 7 
1293 3427 8 3428 7 
1294 3429 18 3430 5 
1295 3431 50 3432 41 3433 15 3434 11 3435 10 3436 8 3437 8 
1296 3438 10 3439 6 
1297 3440 88 3441 86 3442 16 
1298 3443 35 3444 7 
1299 3445 17 3446 5 
1300 3447 9 3448 6 
1301 3449 19 3450 6 
1302 3451 22 3452 12 3453 11 
1303 3454 26 3455 6 3456 5 
1304 3457 10 3458 5 
1305 3459 5 3460 5 
1306 3461 65 3462 28 3463 18 3464 10 
1307 3465 7 3466 7 3467 6 3468 5 
1308 3469 13 3470 13 3471 9 
1309 3472 19 3473 8 
1310 3474 7 3475 6 
1311 3476 7 3477 5 
1312 3478 20 3479 9 
1313 3480 9 3481 8 
1314 3482 94 3483 85 3484 30 3485 27 3486 11 3487 9 3488 6 
1315 3489 16 3490 9 3491 7 3492 5 
1316 3493 10 3494 6 
1317 3495 23 3496 13 3497 5 
1318 3498 12 3499 8 
1319 3500 46 3501 32 3502 27 3503 18 3504 8 
1320 3505 20 3506 16 3507 8 3508 5 
1321 3509 8 3510 5 
1322 3511 13 3512 8 3513 5 
1323 3514 178 3515 61 3516 26 3517 15 3518 8 
1324 3519 7 3520 6 3521 5 
1325 3522 10 3523 5 
1326 3524 6 3525 5 
1327 3526 27 3527 23 3528 18 3529 13 
1328 3530 53 3531 19 
1329 3532 12 3533 6 
1330 3534 16 3535 6 
1331 3536 9 3537 7 
1332 3538 23 3539 7 
1333 3540 14 3541 10 
1334 3542 15 3543 6 
1335 3544 46 3545 42 
1336 3546 5 3547 5 
1337 3548 18 3549 12 
1338 3550 26 3551 13 3552 10 
1339 3553 9 3554 6 
1340 3555 9 3556 7 
1341 3557 7 3558 5 
1342 3559 18 3560 5 3561 5 
1343 3562 91 3563 21 
1344 3564 121 3565 43 3566 17 3567 14 3568 7 
1345 3569 11 3570 7 
1346 3571 26 3572 16 
1347 3573 13 3574 13 3575 7 3576 5 
1348 3577 15 3578 6 3579 5 
1349 3580 17 3581 15 
1350 3582 13 3583 11 
1351 3584 9 3585 8 
1352 3586 16 3587 8 
1353 3588 17 3589 6 
1354 3590 28 3591 5 
1355 3592 59 3593 46 3594 17 3595 8 3596 6 
1356 3597 5 3598 5 
1357 3599 6 3600 5 
1358 3601 26 3602 14 3603 11 3604 10 3605 5 
1359 3606 19 3607 7 
1360 3608 7 3609 7 
1361 3610 67 3611 21 3612 19 
1362 3613 22 3614 10 3615 5 
1363 3616 12 3617 6 
1364 3618 46 3619 17 3620 12 3621 10 3622 8 3623 7 3624 6 3625 6 
1365 3626 140 3627 32 3628 29 3629 24 3630 21 3631 18 3632 13 3633 7 3634 6 
1366 3635 40 3636 34 3637 31 3638 20 3639 14 3640 14 3641 13 3642 10 
1367 3643 13 3644 6 
1368 3645 9 3646 5 
1369 3647 10 3648 7 3649 5 
1370 3650 14 3651 9 
1371 3652 13 3653 10 3654 8 3655 7 3656 5 
1372 3657 9 3658 5 
1373 3659 31 3660 16 
1374 3661 10 3662 7 
1375 3663 42 3664 24 3665 23 3666 9 3667 7 
1376 3668 51 3669 29 
1377 3670 11 3671 5 
1378 3672 8 3673 6 
1379 3674 23 3675 17 3676 7 3677 5 
1380 3678 64 3679 55 3680 29 3681 10 3682 8 3683 7 
1381 3684 16 3685 7 
1382 3686 9 3687 8 
1383 3688 8 3689 5 
1384 3690 22 3691 10 
1385 3692 39 3693 17 3694 6 
1386 3695 11 3696 5 
1387 3697 21 3698 16 
1388 3699 25 3700 9 
1389 3701 144 3702 47 3703 19 3704 10 
1390 3705 5 3706 5 
1391 3707 46 3708 18 
1392 3709 14 3710 7 
1393 3711 9 3712 5 3713 5 
1394 3714 8 3715 7 
1395 3716 15 3717 6 
1396 3718 97 3719 19 3720 7 3721 6 3722 5 
1397 3723 6 3724 5 
1398 3725 23 3726 6 
1399 3727 18 3728 10 
1400 3729 174 3730 18 3731 15 3732 12 
1401 3733 13 3734 7 3735 5 
1402 3736 15 3737 6 
1403 3738 14 3739 9 
1404 3740 83 3741 25 
1405 3742 13 3743 7 
1406 3744 15 3745 5 
1407 3746 25 3747 12 3748 6 
1408 3749 13 3750 5 
1409 3751 40 3752 34 3753 11 
1410 3754 12 3755 9 3756 8 3757 8 3758 8 3759 5 
1411 3760 16 3761 11 
1412 3762 14 3763 6 
1413 3764 11 3765 6 
1414 3766 7 3767 6 
1415 3768 11 3769 7 
1416 3770 12 3771 8 
1417 3772 8 3773 6 
1418 3774 11 3775 6 
1419 3776 44 3777 6 
1420 3778 27 3779 9 
1421 3780 9 3781 6 
1422 3782 11 3783 5 
1423 3784 7 3785 5 
1424 3786 25 3787 21 
1425 3788 65 3789 32 3790 11 
1426 3791 17 3792 5 
1427 3793 53 3794 20 3795 14 3796 9 
1428 3797 43 3798 22 3799 11 
1429 3800 16 3801 9 
1430 3802 51 3803 23 3804 14 3805 9 
1431 3806 13 3807 11 
1432 3808 7 3809 7 
1433 3810 7 3811 7 3812 6 
1434 3813 6 3814 6 
1435 3815 9 3816 7 
1436 3817 30 3818 5 
1437 3819 32 3820 17 
1438 3821 10 3822 5 3823 5 
1439 3824 8 3825 6 
1440 3826 16 3827 11 3828 6 
1441 3829 10 3830 6 
1442 3831 29 3832 15 3833 5 
1443 3834 37 3835 20 3836 15 3837 5 
1444 3838 11 3839 5 
1445 3840 8 3841 6 
1446 3842 8 3843 7 
1447 3844 17 3845 5 
1448 3846 9 3847 7 
1449 3848 9 3849 9 
1450 3850 48 3851 15 3852 13 3853 9 
1451 3854 11 3855 10 
1452 3856 11 3857 9 
1453 3858 12 3859 9 
1454 3860 37 3861 23 3862 10 
1455 3863 8 3864 5 
1456 3865 10 3866 8 3867 6 
1457 3868 23 3869 23 3870 9 3871 5 
1458 3872 16 3873 8 
1459 3874 27 3875 26 
1460 3876 21 3877 18 3878 14 3879 8 
1461 3880 45 3881 19 3882 13 3883 13 
1462 3884 35 3885 7 
1463 3886 47 3887 6 
1464 3888 43 3889 36 3890 9 
1465 3891 8 3892 6 
1466 3893 26 3894 24 3895 16 3896 5 
1467 3897 20 3898 8 3899 5 
1468 3900 10 3901 7 
1469 3902 10 3903 8 
1470 3904 50 3905 18 
1471 3906 11 3907 7 
1472 3908 11 3909 9 
1473 3910 123 3911 22 3912 5 
1474 3913 20 3914 18 
1475 3915 10 3916 9 
1476 3917 29 3918 20 
1477 3919 15 3920 8 3921 5 
1478 3922 165 3923 89 3924 33 3925 31 
1479 3926 9 3927 5 
1480 3928 30 3929 27 3930 13 3931 5 
1481 3932 16 3933 5 
1482 3934 10 3935 5 
1483 3936 17 3937 10 
1484 3938 13 3939 7 
1485 3940 13 3941 8 
1486 3942 16 3943 15 
1487 3944 36 3945 16 3946 9 
1488 3947 10 3948 9 
1489 3949 20 3950 7 3951 5 
1490 3952 12 3953 10 3954 8 
1491 3955 25 3956 10 
1492 3957 31 3958 10 3959 5 
1493 3960 76 3961 41 3962 33 3963 20 3964 13 3965 12 3966 11 3967 8 3968 8 3969 7 3970 6 3971 5 
1494 3972 29 3973 6 
1495 3974 44 3975 7 3976 5 
1496 3977 6 3978 6 
1497 3979 15 3980 5 
1498 3981 9 3982 9 3983 5 
1499 3984 107 3985 27 3986 16 3987 6 
1500 3988 56 3989 30 3990 21 
1501 3991 10 3992 5 
1502 3993 18 3994 5 
1503 3995 9 3996 5 
1504 3997 8 3998 5 
1505 3999 46 4000 5 
1506 4001 6 4002 5 
1507 4003 23 4004 14 4005 6 4006 6 
1508 4007 35 4008 7 
1509 4009 9 4010 9 
1510 4011 14 4012 6 
1511 4013 37 4014 27 
1512 4015 9 4016 6 
1513 4017 106 4018 54 4019 34 4020 11 4021 5 
1514 4022 20 4023 8 4024 5 
1515 4025 13 4026 12 4027 5 
1516 4028 33 4029 23 4030 11 
1517 4031 8 4032 5 4033 5 
1518 4034 41 4035 13 4036 5 4037 5 
1519 4038 8 4039 7 
1520 4040 16 4041 8 4042 5 
1521 4043 6 4044 5 
1522 4045 13 4046 8 
1523 4047 51 4048 6 
1524 4049 26 4050 12 
1525 4051 31 4052 13 4053 9 4054 7 4055 6 
1526 4056 8 4057 8 
1527 4058 6 4059 6 
1528 4060 19 4061 16 4062 5 
1529 4063 12 4064 5 
1530 4065 8 4066 6 
1531 4067 44 4068 17 4069 13 
1532 4070 11 4071 6 
1533 4072 74 4073 32 4074 15 
1534 4075 80 4076 31 4077 9 
1535 4078 38 4079 5 
1536 4080 31 4081 14 4082 7 4083 5 
1537 4084 10 4085 5 
1538 4086 11 4087 7 
1539 4088 8 4089 7 
1540 4090 25 4091 9 4092 5 
1541 4093 29 4094 11 4095 7 
1542 4096 10 4097 9 
1543 4098 33 4099 12 4100 7 
1544 4101 6 4102 5 
1545 4103 8 4104 6 
1546 4105 9 4106 5 
1547 4107 6 4108 6 
1548 4109 30 4110 5 
1549 4111 25 4112 18 
1550 4113 18 4114 9 
1551 4115 125 4116 84 4117 37 4118 11 4119 9 4120 9 4121 8 4122 6 4123 5 
1552 4124 11 4125 7 
1553 4126 30 4127 12 
1554 4128 6 4129 5 
1555 4130 14 4131 9 
1556 4132 40 4133 5 
1557 4134 17 4135 8 
1558 4136 8 4137 6 4138 5 
1559 4139 18 4140 9 
1560 4141 18 4142 7 
1561 4143 79 4144 9 
1562 4145 8 4146 5 
1563 4147 8 4148 5 
1564 4149 11 4150 5 
1565 4151 9 4152 6 
1566 4153 19 4154 7 
1567 4155 59 4156 10 
1568 4157 11 4158 10 
1569 4159 28 4160 12 4161 8 
1570 4162 89 4163 13 4164 9 4165 6 
1571 4166 15 4167 9 
1572 4168 14 4169 11 
1573 4170 33 4171 30 
1574 4172 27 4173 20 4174 5 
1575 4175 7 4176 5 
1576 4177 8 4178 5 
1577 4179 33 4180 8 4181 7 4182 5 
1578 4183 8 4184 5 
1579 4185 9 4186 6 
1580 4187 12 4188 5 
1581 4189 33 4190 6 
1582 4191 35 4192 10 
1583 4193 15 4194 5 
1584 4195 17 4196 7 
1585 4197 61 4198 20 4199 7 
1586 4200 45 4201 17 
1587 4202 11 4203 5 
1588 4204 40 4205 32 4206 8 
1589 4207 16 4208 9 
1590 4209 6 4210 5 
1591 4211 11 4212 9 4213 6 
1592 4214 45 4215 23 
1593 4216 13 4217 9 4218 5 
1594 4219 10 4220 5 
1595 4221 7 4222 5 
1596 4223 123 4224 37 4225 33 
1597 4226 24 4227 8 
1598 4228 14 4229 7 
1599 4230 7 4231 6 
1600 4232 24 4233 20 
1601 4234 23 4235 12 4236 9 4237 9 
1602 4238 12 4239 8 
1603 4240 8 4241 8 
1604 4242 9 4243 7 
1605 4244 5 4245 5 
1606 4246 73 4247 14 
1607 4248 58 4249 7 4250 6 
1608 4251 6 4252 5 
1609 4253 5 4254 5 
1610 4255 47 4256 16 4257 10 
1611 4258 5 4259 5 
1612 4260 92 4261 62 4262 27 4263 20 4264 13 4265 10 4266 8 4267 8 
1613 4268 10 4269 5 
1614 4270 11 4271 8 
1615 4272 26 4273 5 4274 5 
1616 4275 8 4276 7 
1617 4277 107 4278 92 4279 17 4280 17 4281 13 4282 7 4283 7 
1618 4284 13 4285 11 
1619 4286 26 4287 8 
1620 4288 7 4289 6 
1621 4290 7 4291 6 
1622 4292 37 4293 12 4294 6 
1623 4295 22 4296 11 
1624 4297 24 4298 6 
1625 4299 10 4300 5 
1626 4301 9 4302 7 
1627 4303 11 4304 10 4305 10 
1628 4306 32 4307 20 4308 8 
1629 4309 7 4310 6 
1630 4311 39 4312 7 
1631 4313 94 4314 24 4315 11 4316 10 
1632 4317 98 4318 60 4319 11 
1633 4320 31 4321 12 
1634 4322 7 4323 6 
1635 4324 6 4325 5 
1636 4326 18 4327 5 
1637 4328 8 4329 5 
1638 4330 20 4331 16 4332 9 
1639 4333 6 4334 5 
1640 4335 20 4336 15 4337 11 4338 6 4339 5 
1641 4340 9 4341 8 
1642 4342 41 4343 19 
1643 4344 21 4345 15 
1644 4346 9 4347 9 
1645 4348 5 4349 5 
1646 4350 9 4351 5 
1647 4352 35 4353 6 
1648 4354 60 4355 7 
1649 4356 8 4357 6 
1650 4358 28 4359 23 4360 15 4361 13 4362 6 
1651 4363 15 4364 6 4365 5 
1652 4366 19 4367 10 4368 6 
1653 4369 10 4370 8 4371 5 
1654 4372 34 4373 10 
1655 4374 8 4375 7 
1656 4376 14 4377 8 
1657 4378 14 4379 7 
1658 4380 12 4381 11 
1659 4382 19 4383 6 
1660 4384 96 4385 29 
1661 4386 18 4387 13 
1662 4388 51 4389 11 
1663 4390 53 4391 17 
1664 4392 37 4393 34 4394 15 
1665 4395 5 4396 5 
1666 4397 36 4398 16 
1667 4399 23 4400 6 
1668 4401 18 4402 12 4403 7 4404 6 4405 5 
1669 4406 15 4407 11 
1670 4408 14 4409 7 4410 5 
1671 4411 35 4412 17 4413 6 
1672 4414 23 4415 16 4416 16 
1673 4417 27 4418 12 
1674 4419 74 4420 18 4421 14 4422 9 
1675 4423 7 4424 7 4425 6 
1676 4426 19 4427 7 
1677 4428 24 4429 7 
1678 4430 30 4431 22 
1679 4432 14 4433 8 
1680 4434 9 4435 5 4436 5 
1681 4437 8 4438 5 
1682 4439 15 4440 6 
1683 4441 12 4442 5 
1684 4443 11 4444 5 
1685 4445 51 4446 30 
1686 4447 6 4448 5 
1687 4449 178 4450 137 4451 19 4452 16 
1688 4453 16 4454 7 
1689 4455 22 4456 20 4457 10 4458 8 4459 5 
1690 4460 27 4461 15 
1691 4462 44 4463 35 
1692 4464 6 4465 6 
1693 4466 53 4467 21 4468 11 4469 8 
1694 4470 13 4471 5 
1695 4472 12 4473 9 
1696 4474 28 4475 21 4476 9 
1697 4477 22 4478 5 
1698 4479 6 4480 5 
1699 4481 11 4482 11 
1700 4483 80 4484 21 
1701 4485 224 4486 92 4487 70 4488 45 4489 24 4490 23 4491 23 4492 21 4493 21 4494 17 4495 14 4496 13 4497 12 4498 10 4499 9 4500 5 
1702 4501 28 4502 10 
1703 4503 26 4504 7 4505 7 
1704 4506 9 4507 6 
1705 4508 11 4509 6 
1706 4510 44 4511 40 4512 28 4513 19 4514 18 
1707 4515 7 4516 7 
1708 4517 19 4518 7 
1709 4519 32 4520 20 4521 11 
1710 4522 40 4523 10 
1711 4524 56 4525 5 
1712 4526 12 4527 9 4528 9 4529 5 
1713 4530 41 4531 18 
1714 4532 36 4533 9 4534 5 4535 5 
1715 4536 14 4537 8 4538 5 
1716 4539 160 4540 67 
1717 4541 8 4542 5 
1718 4543 14 4544 8 4545 6 
1719 4546 14 4547 7 
1720 4548 47 4549 30 4550 8 
1721 4551 11 4552 8 
1722 4553 61 4554 15 4555 5 
1723 4556 16 4557 6 
1724 4558 27 4559 5 
1725 4560 33 4561 11 
1726 4562 7 4563 6 
1727 4564 46 4565 23 4566 12 4567 8 
1728 4568 69 4569 9 4570 9 4571 8 
1729 4572 24 4573 10 4574 6 
1730 4575 8 4576 5 
1731 4577 22 4578 13 
1732 4579 14 4580 14 
1733 4581 11 4582 6 4583 5 
1734 4584 7 4585 6 
1735 4586 19 4587 6 
1736 4588 36 4589 15 
1737 4590 31 4591 13 4592 11 
1738 4593 45 4594 5 
1739 4595 13 4596 7 4597 5 
1740 4598 57 4599 17 4600 13 4601 8 4602 5 
1741 4603 15 4604 6 
1742 4605 45 4606 12 
1743 4607 9 4608 8 
1744 4609 95 4610 25 
1745 4611 6 4612 5 
1746 4613 28 4614 6 
1747 4615 22 4616 8 4617 7 
1748 4618 36 4619 13 
1749 4620 24 4621 5 
1750 4622 54 4623 26 
1751 4624 17 4625 8 
1752 4626 24 4627 14 
1753 4628 81 4629 50 4630 43 4631 22 4632 9 
1754 4633 58 4634 16 
1755 4635 64 4636 52 4637 38 
1756 4638 29 4639 12 
1757 4640 11 4641 5 4642 5 
1758 4643 9 4644 5 
1759 4645 12 4646 9 
1760 4647 9 4648 6 
1761 4649 30 4650 11 4651 6 4652 5 
1762 4653 11 4654 9 4655 5 
1763 4656 56 4657 15 4658 11 4659 6 4660 5 
1764 4661 10 4662 7 
1765 4663 54 4664 37 4665 14 4666 11 
1766 4667 5 4668 5 
1767 4669 6 4670 5 
1768 4671 44 4672 11 
1769 4673 7 4674 5 
1770 4675 16 4676 11 4677 6 
1771 4678 14 4679 11 4680 5 
1772 4681 27 4682 15 
1773 4683 7 4684 5 
1774 4685 29 4686 6 
1775 4687 46 4688 7 4689 5 
1776 4690 7 4691 7 4692 7 
1777 4693 25 4694 12 
1778 4695 37 4696 8 
1779 4697 34 4698 20 
1780 4699 13 4700 7 4701 6 4702 5 
1781 4703 82 4704 31 4705 7 4706 7 
1782 4707 16 4708 11 4709 5 
1783 4710 11 4711 7 
1784 4712 62 4713 51 
1785 4714 38 4715 8 
1786 4716 33 4717 21 
1787 4718 14 4719 5 
1788 4720 10 4721 10 
1789 4722 41 4723 25 4724 16 4725 7 
1790 4726 7 4727 5 
1791 4728 5 4729 5 
1792 4730 139 4731 83 4732 24 
1793 4733 47 4734 15 
1794 4735 46 4736 5 
1795 4737 70 4738 43 4739 6 4740 5 4741 5 
1796 4742 97 4743 40 4744 20 4745 7 4746 5 4747 5 
1797 4748 7 4749 6 
1798 4750 57 4751 56 
1799 4752 9 4753 8 
1800 4754 18 4755 5 
1801 4756 9 4757 7 
1802 4758 9 4759 7 
1803 4760 90 4761 9 4762 7 4763 6 
1804 4764 14 4765 7 
1805 4766 8 4767 5 
1806 4768 69 4769 39 4770 5 
1807 4771 21 4772 7 4773 6 
1808 4774 55 4775 5 
1809 4776 10 4777 9 
1810 4778 40 4779 9 
1811 4780 35 4781 28 
1812 4782 15 4783 11 
1813 4784 12 4785 5 
1814 4786 13 4787 12 
1815 4788 17 4789 9 4790 7 
1816 4791 11 4792 6 
1817 4793 46 4794 28 4795 8 4796 5 
1818 4797 8 4798 5 
1819 4799 21 4800 6 
1820 4801 8 4802 5 
1821 4803 31 4804 8 
1822 4805 8 4806 7 
1823 4807 47 4808 33 4809 12 
1824 4810 8 4811 5 
1825 4812 74 4813 28 4814 26 4815 11 4816 5 
1826 4817 143 4818 72 4819 47 4820 25 4821 21 4822 11 4823 6 
1827 4824 81 4825 23 4826 12 
1828 4827 15 4828 8 
1829 4829 76 4830 41 4831 9 4832 8 
1830 4833 15 4834 8 
1831 4835 7 4836 7 
1832 4837 28 4838 5 
1833 4839 11 4840 7 4841 6 4842 5 
1834 4843 11 4844 8 
1835 4845 27 4846 19 4847 11 4848 7 
1836 4849 67 4850 28 4851 18 4852 9 4853 6 4854 5 4855 5 
1837 4856 64 4857 25 4858 10 
1838 4859 52 4860 39 4861 34 4862 19 4863 19 4864 16 4865 16 4866 11 4867 6 4868 5 
1839 4869 125 4870 74 4871 36 4872 16 
1840 4873 6 4874 5 
1841 4875 10 4876 5 
1842 4877 30 4878 7 
1843 4879 99 4880 98 4881 28 4882 25 4883 10 
1844 4884 50 4885 22 4886 13 4887 13 4888 11 4889 6 4890 5 
1845 4891 21 4892 15 4893 7 
1846 4894 12 4895 5 
1847 4896 17 4897 12 
1848 4898 15 4899 11 
1849 4900 109 4901 50 4902 26 4903 9 
1850 4904 28 4905 6 
1851 4906 17 4907 9 
1852 4908 68 4909 7 
1853 4910 14 4911 7 
1854 4912 62 4913 28 4914 7 
1855 4915 6 4916 5 
1856 4917 122 4918 68 4919 33 4920 30 4921 21 4922 7 4923 7 
1857 4924 20 4925 18 4926 6 
1858 4927 56 4928 18 
1859 4929 10 4930 5 
1860 4931 14 4932 10 
1861 4933 14 4934 7 
1862 4935 23 4936 10 4937 7 
1863 4938 7 4939 7 
1864 4940 35 4941 16 4942 13 4943 10 4944 7 
1865 4945 23 4946 7 
1866 4947 64 4948 6 
1867 4949 35 4950 27 4951 20 4952 8 4953 6 4954 5 
1868 4955 130 4956 18 4957 16 4958 10 4959 6 
1869 4960 18 4961 11 4962 10 
1870 4963 7 4964 5 
1871 4965 67 4966 19 4967 5 
1872 4968 14 4969 10 4970 6 
1873 4971 13 4972 6 
1874 4973 65 4974 47 4975 33 4976 21 4977 18 4978 10 
1875 4979 18 4980 5 
1876 4981 9 4982 5 
1877 4983 49 4984 27 4985 5 
1878 4986 8 4987 6 
1879 4988 41 4989 31 
1880 4990 51 4991 39 4992 11 4993 8 
1881 4994 9 4995 7 
1882 4996 25 4997 24 
1883 4998 6 4999 5 
1884 5000 12 5001 8 
1885 5002 27 5003 11 5004 6 
1886 5005 21 5006 6 
1887 5007 9 5008 8 
1888 5009 105 5010 21 
1889 5011 34 5012 21 
1890 5013 6 5014 5 
1891 5015 31 5016 5 
1892 5017 35 5018 14 5019 7 
1893 5020 23 5021 18 
1894 5022 22 5023 7 
1895 5024 45 5025 24 
1896 5026 9 5027 9 
1897 5028 40 5029 10 
1898 5030 23 5031 14 
1899 5032 28 5033 22 5034 15 5035 13 5036 6 
1900 5037 44 5038 7 
1901 5039 17 5040 8 
1902 5041 9 5042 5 
1903 5043 13 5044 8 
1904 5045 17 5046 10 5047 6 
1905 5048 11 5049 5 
1906 5050 22 5051 6 
1907 5052 15 5053 6 5054 6 5055 6 
1908 5056 5 5057 5 
1909 5058 7 5059 6 
1910 5060 5 5061 5 
1911 5062 75 5063 15 
1912 5064 12 5065 5 
1913 5066 5 5067 5 
1914 5068 30 5069 17 
1915 5070 22 5071 14 5072 6 
1916 5073 22 5074 5 
1917 5075 14 5076 9 
1918 5077 16 5078 11 
1919 5079 8 5080 7 
1920 5081 23 5082 5 
1921 5083 20 5084 10 
1922 5085 93 5086 17 5087 15 5088 7 5089 5 
1923 5090 24 5091 19 5092 8 
1924 5093 55 5094 51 5095 43 5096 37 5097 19 5098 16 5099 13 5100 11 5101 10 5102 10 5103 8 
1925 5104 58 5105 13 
1926 5106 39 5107 10 5108 6 5109 5 
1927 5110 30 5111 5 
1928 5112 35 5113 6 
1929 5114 58 5115 10 
1930 5116 27 5117 13 
1931 5118 98 5119 46 5120 26 5121 15 5122 8 
1932 5123 25 5124 10 
1933 5125 9 5126 5 
1934 5127 22 5128 7 
1935 5129 15 5130 6 
1936 5131 65 5132 48 5133 42 5134 15 5135 12 5136 11 5137 10 5138 7 5139 6 
1937 5140 13 5141 6 
1938 5142 14 5143 6 
1939 5144 81 5145 14 5146 11 5147 10 5148 9 
1940 5149 10 5150 8 
1941 5151 36 5152 35 5153 7 
1942 5154 68 5155 23 
1943 5156 10 5157 5 
1944 5158 8 5159 6 5160 5 
1945 5161 32 5162 12 5163 11 
1946 5164 125 5165 28 5166 15 5167 13 5168 7 
1947 5169 73 5170 16 5171 5 
1948 5172 35 5173 32 5174 19 5175 8 
1949 5176 10 5177 5 
1950 5178 22 5179 18 5180 15 5181 7 5182 5 
1951 5183 7 5184 5 
1952 5185 16 5186 5 
1953 5187 6 5188 6 
1954 5189 13 5190 11 5191 5 
1955 5192 15 5193 14 
1956 5194 19 5195 12 
1957 5196 5 5197 5 
1958 5198 15 5199 13 5200 9 5201 6 
1959 5202 13 5203 12 
1960 5204 24 5205 22 
1961 5206 38 5207 25 
1962 5208 47 5209 26 
1963 5210 21 5211 12 5212 5 
1964 5213 24 5214 15 5215 5 
1965 5216 10 5217 6 5218 5 
1966 5219 10 5220 5 
1967 5221 158 5222 44 5223 31 5224 11 5225 7 5226 5 
1968 5227 12 5228 7 
1969 5229 7 5230 6 
1970 5231 75 5232 10 5233 8 
1971 5234 8 5235 5 
1972 5236 90 5237 70 5238 48 5239 44 5240 19 5241 6 
1973 5242 16 5243 13 
1974 5244 73 5245 70 5246 26 5247 5 
1975 5248 12 5249 10 5250 5 
1976 5251 24 5252 9 
1977 5253 15 5254 5 
1978 5255 31 5256 8 
1979 5257 27 5258 26 
1980 5259 10 5260 7 
1981 5261 171 5262 84 5263 51 5264 16 
1982 5265 35 5266 20 
1983 5267 16 5268 9 
1984 5269 22 5270 10 
1985 5271 288 5272 89 5273 34 5274 7 
1986 5275 61 5276 43 5277 31 5278 21 5279 16 5280 15 5281 11 5282 8 5283 5 
1987 5284 28 5285 6 
1988 5286 9 5287 7 
1989 5288 47 5289 12 5290 10 
1990 5291 54 5292 49 5293 24 5294 9 
1991 5295 8 5296 5 
1992 5297 35 5298 19 
1993 5299 27 5300 12 
1994 5301 38 5302 12 
1995 5303 7 5304 5 
1996 5305 112 5306 37 5307 21 
1997 5308 47 5309 17 5310 8 
1998 5311 23 5312 6 
1999 5313 10 5314 10 
2000 5315 8 5316 5 
2001 5317 100 5318 47 5319 31 5320 9 
2002 5321 57 5322 54 5323 19 5324 16 
2003 5325 22 5326 12 5327 9 
2004 5328 12 5329 8 
2005 5330 7 5331 6 
2006 5332 14 5333 8 
2007 5334 77 5335 25 5336 13 
2008 5337 11 5338 10 
2009 5339 52 5340 29 5341 11 5342 6 
2010 5343 16 5344 7 
2011 5345 29 5346 8 5347 5 
2012 5348 11 5349 8 5350 6 
2013 5351 12 5352 8 
2014 5353 17 5354 5 
2015 5355 15 5356 11 5357 9 
2016 5358 34 5359 7 5360 6 
2017 5361 40 5362 13 5363 7 
2018 5364 31 5365 21 5366 20 5367 6 5368 5 5369 5 
2019 5370 16 5371 6 
2020 5372 11 5373 8 
2021 5374 16 5375 9 5376 6 5377 5 
2022 5378 97 5379 23 
2023 5380 6 5381 6 
2024 5382 8 5383 5 
2025 5384 57 5385 13 
2026 5386 24 5387 10 5388 6 
2027 5389 15 5390 6 
2028 5391 37 5392 6 
2029 5393 49 5394 17 5395 14 
2030 5396 33 5397 16 
2031 5398 124 5399 75 5400 61 5401 38 5402 32 5403 26 5404 18 5405 12 5406 12 5407 8 
2032 5408 48 5409 12 5410 8 
2033 5411 6 5412 6 
2034 5413 30 5414 20 5415 8 5416 6 
2035 5417 7 5418 6 
2036 5419 7 5420 5 
2037 5421 70 5422 32 5423 10 5424 6 
2038 5425 63 5426 61 5427 11 5428 7 
2039 5429 6 5430 5 
2040 5431 29 5432 16 
2041 5433 76 5434 14 5435 8 
2042 5436 19 5437 8 
2043 5438 53 5439 34 5440 17 
2044 5441 13 5442 12 
2045 5443 31 5444 27 
2046 5445 123 5446 20 5447 14 
2047 5448 91 5449 11 
2048 5450 10 5451 9 5452 6 
2049 5453 5 5454 5 
2050 5455 37 5456 19 
2051 5457 81 5458 31 
2052 5459 52 5460 14 
2053 5461 9 5462 6 
2054 5463 6 5464 5 
2055 5465 56 5466 18 5467 15 
2056 5468 11 5469 5 5470 5 
2057 5471 30 5472 5 
2058 5473 8 5474 5 
2059 5475 11 5476 6 
2060 5477 12 5478 7 
2061 5479 15 5480 6 
2062 5481 21 5482 13 
2063 5483 22 5484 11 
2064 5485 26 5486 12 5487 8 5488 5 
2065 5489 99 5490 33 5491 28 5492 10 
2066 5493 11 5494 6 
2067 5495 39 5496 15 5497 13 
2068 5498 12 5499 9 
2069 5500 16 5501 12 
2070 5502 25 5503 18 5504 5 
2071 5505 64 5506 60 
2072 5507 19 5508 16 
2073 5509 58 5510 9 
2074 5511 8 5512 7 
2075 5513 43 5514 41 
2076 5515 16 5516 15 
2077 5517 40 5518 26 
2078 5519 22 5520 17 5521 13 5522 6 
2079 5523 84 5524 18 
2080 5525 12 5526 5 
2081 5527 14 5528 8 5529 6 
2082 5530 89 5531 61 5532 48 5533 24 5534 10 
2083 5535 13 5536 11 5537 6 
2084 5538 18 5539 13 
2085 5540 14 5541 13 
2086 5542 70 5543 22 5544 9 
2087 5545 29 5546 16 5547 12 5548 8 5549 7 
2088 5550 43 5551 34 5552 11 5553 9 5554 8 5555 6 
2089 5556 34 5557 24 5558 7 5559 5 
2090 5560 17 5561 7 
2091 5562 25 5563 24 
2092 5564 52 5565 5 
2093 5566 20 5567 12 
2094 5568 49 5569 11 5570 9 
2095 5571 110 5572 30 5573 28 5574 23 5575 12 5576 10 5577 8 5578 8 5579 5 
2096 5580 21 5581 19 5582 12 5583 8 
2097 5584 43 5585 11 5586 6 
2098 5587 6 5588 5 
2099 5589 9 5590 5 
2100 5591 24 5592 23 
2101 5593 9 5594 8 
2102 5595 32 5596 10 5597 5 
2103 5598 10 5599 6 
2104 5600 5 5601 5 
2105 5602 12 5603 6 
2106 5604 13 5605 6 5606 5 
2107 5607 9 5608 7 
2108 5609 67 5610 37 5611 20 5612 10 
2109 5613 31 5614 7 
2110 5615 71 5616 29 
2111 5617 6 5618 5 
2112 5619 18 5620 14 5621 9 5622 5 
2113 5623 58 5624 28 5625 9 
2114 5626 10 5627 6 
2115 5628 78 5629 5 
2116 5630 22 5631 9 5632 6 
2117 5633 25 5634 22 5635 13 5636 11 5637 6 
2118 5638 7 5639 6 
2119 5640 8 5641 6 
2120 5642 13 5643 7 
2121 5644 17 5645 7 
2122 5646 7 5647 5 
2123 5648 28 5649 10 
2124 5650 62 5651 32 5652 20 5653 19 5654 11 5655 6 
2125 5656 16 5657 6 
2126 5658 21 5659 20 
2127 5660 33 5661 11 
2128 5662 37 5663 27 5664 19 5665 12 5666 7 5667 5 
2129 5668 10 5669 5 
2130 5670 47 5671 17 
2131 5672 69 5673 35 
2132 5674 37 5675 17 
2133 5676 89 5677 29 5678 10 5679 9 
2134 5680 45 5681 12 5682 5 5683 5 
2135 5684 83 5685 10 
2136 5686 33 5687 27 5688 24 5689 13 
2137 5690 39 5691 19 5692 6 
2138 5693 7 5694 6 
2139 5695 53 5696 39 5697 25 5698 21 5699 10 5700 8 5701 5 
2140 5702 9 5703 5 
2141 5704 82 5705 18 5706 16 5707 7 
2142 5708 23 5709 7 
2143 5710 49 5711 42 5712 26 5713 14 5714 13 5715 8 5716 5 
2144 5717 42 5718 7 
2145 5719 8 5720 7 
2146 5721 43 5722 39 5723 5 
2147 5724 46 5725 15 5726 14 
2148 5727 14 5728 13 
2149 5729 15 5730 7 
2150 5731 44 5732 8 
2151 5733 47 5734 43 
2152 5735 42 5736 31 
2153 5737 69 5738 39 5739 27 5740 13 5741 11 5742 8 5743 8 5744 6 5745 5 
2154 5746 67 5747 49 
2155 5748 62 5749 54 
2156 5750 16 5751 5 
2157 5752 14 5753 10 
2158 5754 27 5755 12 5756 9 
2159 5757 35 5758 22 
2160 5759 9 5760 5 
2161 5761 7 5762 6 
2162 5763 53 5764 6 
2163 5765 25 5766 13 
2164 5767 22 5768 12 5769 6 
2165 5770 15 5771 5 
2166 5772 45 5773 33 
2167 5774 5 5775 5 
2168 5776 108 5777 55 5778 17 5779 12 5780 7 
2169 5781 60 5782 12 
2170 5783 97 5784 46 5785 21 5786 8 5787 7 
2171 5788 68 5789 11 
2172 5790 55 5791 15 5792 11 
2173 5793 11 5794 8 
2174 5795 42 5796 14 5797 5 
2175 5798 73 5799 21 
2176 5800 54 5801 28 5802 13 5803 11 5804 11 5805 7 5806 6 5807 6 
2177 5808 15 5809 11 
2178 5810 13 5811 8 
2179 5812 16 5813 7 
2180 5814 10 5815 6 
2181 5816 35 5817 12 5818 10 
2182 5819 10 5820 8 
2183 5821 46 5822 18 5823 14 5824 6 
2184 5825 9 5826 7 
2185 5827 8 5828 5 
2186 5829 8 5830 5 
