0 10 10 10 10 153 10 10 10 10 10 10 10 
1 10 10 10 10 10 10 8 10 10 10 10 299 10 10 10 10 10 10 
2 10 10 53 10 10 10 10 10 10 10 10 10 10 
3 35 35 35 14 35 35 35 14 35 35 35 35 35 35 
4 10 10 10 10 10 10 10 10 11 10 10 10 10 10 10 
5 35 371 35 10 35 35 35 35 35 35 35 35 35 1125 35 35 35 
6 35 35 497 35 35 231 35 35 35 35 35 35 35 35 35 35 
7 10 10 10 10 10 10 10 10 10 
8 10 10 10 143 10 10 10 10 10 10 10 10 10 10 10 10 10 
9 10 10 10 10 10 10 10 10 10 10 742 10 10 10 10 10 10 10 10 10 
10 10 10 10 10 10 10 10 10 10 10 10 10 
11 87 39 14 820 87 87 10 87 87 
12 9 9 9 39 9 9 9 9 94 474 9 9 170 94 9 10 9 
13 10 10 742 10 10 10 10 10 77 10 10 10 10 10 
14 35 35 35 35 35 35 35 35 35 261 35 35 35 35 
15 314 9 9 9 9 9 11 9 113 9 758 9 9 11 
16 10 10 10 39 10 34 10 10 10 10 137 77 10 985 
17 10 10 10 10 10 333 10 10 10 10 
18 35 35 35 10 35 35 35 35 35 35 35 35 35 
19 497 35 35 720 35 35 35 35 94 610 35 35 
20 35 35 35 35 120 35 35 35 35 35 35 35 35 
21 10 10 10 10 10 10 10 10 10 10 10 10 10 10 10 10 10 
22 35 35 35 35 35 35 35 35 35 35 11 35 35 35 
23 10 10 10 10 10 29 10 10 10 10 10 10 
24 10 10 10 10 10 10 10 10 10 10 10 10 10 10 10 10 53 
25 10 10 10 10 180 
26 113 35 35 35 35 35 35 35 35 35 592 35 35 35 
27 11 35 35 35 35 35 269 35 35 35 35 35 35 35 160 35 
28 11 35 94 35 35 35 35 35 35 35 820 35 35 
29 10 10 10 10 10 10 872 10 10 10 10 10 10 10 10 
30 380 113 113 113 495 113 113 14 113 113 113 834 
31 9 9 9 9 53 9 9 9 9 9 9 9 9 9 9 9 
32 10 10 10 10 10 10 10 10 10 10 10 10 10 10 
33 35 35 35 35 35 35 35 35 35 35 35 35 35 35 35 
34 35 35 35 35 35 35 9 35 35 35 35 35 35 35 35 35 
35 10 10 10 10 10 10 10 10 10 299 10 10 10 10 53 
36 10 10 10 10 10 232 10 10 10 10 10 10 10 
37 10 10 10 10 10 10 10 10 10 10 10 10 39 10 
38 10 10 10 10 10 10 10 10 10 10 10 10 10 10 282 10 10 10 
39 239 10 35 10 10 209 10 10 10 10 10 249 10 10 
40 35 35 249 35 35 35 35 35 35 35 35 35 35 11 35 35 35 
41 10 10 10 10 10 11 10 10 10 10 10 10 10 10 10 10 10 
42 102 130 102 102 720 102 102 53 102 102 102 102 102 10 102 
43 10 10 10 10 11 10 10 10 10 11 10 10 10 155 10 10 
44 10 10 10 10 10 10 10 10 10 10 10 10 
45 35 35 35 35 167 35 35 87 35 35 35 35 
46 35 35 35 280 35 35 35 35 35 35 35 35 
47 108 9 53 9 9 9 9 9 9 9 9 9 9 9 9 9 9 9 
48 10 10 10 10 10 10 10 10 10 10 10 10 10 10 
49 10 10 10 10 30 10 39 10 10 10 10 112 10 10 10 
50 35 35 35 35 35 35 35 35 112 35 95 35 35 35 35 35 35 
51 10 10 77 10 10 10 112 10 10 10 10 
52 10 10 10 10 10 10 10 10 10 10 10 10 10 10 
53 10 10 10 10 10 40 39 10 232 167 10 10 10 10 
54 10 10 10 10 10 10 10 10 10 10 10 25 10 10 10 
55 10 10 10 10 10 10 11 10 177 10 10 10 10 10 
56 35 35 35 35 35 35 35 35 35 35 35 53 
57 10 10 10 10 10 10 10 10 10 10 94 10 10 10 10 
58 10 10 10 10 239 10 10 8 10 10 10 10 10 10 
59 35 35 35 10 35 35 35 35 35 35 35 35 35 35 35 35 35 35 
60 35 35 35 35 180 35 35 35 35 35 35 35 35 35 35 35 
61 35 35 35 35 35 35 35 882 35 35 9 35 39 
62 239 269 35 35 35 35 720 35 35 35 35 35 280 35 35 2 
63 35 35 35 35 35 35 35 35 35 35 35 35 35 35 
64 10 10 10 10 10 10 112 742 10 10 10 10 10 10 11 10 10 
65 643 10 10 112 10 10 10 10 10 10 10 10 87 
66 35 9 35 35 35 35 35 35 35 35 35 35 35 
67 10 11 10 10 10 10 10 10 10 10 10 10 
68 10 10 10 10 10 10 10 10 10 177 10 10 10 10 10 
69 280 35 35 35 35 35 35 11 35 39 35 35 35 
70 10 10 10 10 10 10 10 10 10 10 10 10 9 10 53 
71 10 10 10 10 10 10 10 10 10 
72 39 10 10 10 10 250 10 10 10 10 10 10 10 10 834 10 379 
73 10 10 33 10 10 10 10 100 10 232 10 10 10 10 
74 9 9 9 9 239 582 9 39 10 11 9 9 9 9 9 
75 35 35 35 87 35 35 35 35 35 35 35 35 35 
76 10 127 10 10 10 10 10 10 10 10 167 10 10 10 10 10 10 
77 35 245 35 35 35 10 35 35 35 35 35 35 35 
78 10 10 10 10 10 10 10 10 10 10 10 11 10 10 10 10 10 
79 113 113 108 113 113 113 113 113 39 
80 35 35 35 35 35 35 35 35 35 35 35 
81 11 10 10 77 10 10 10 10 10 10 10 10 10 10 10 
82 10 10 742 177 10 10 10 10 10 10 10 141 10 10 10 
83 10 10 742 10 10 10 10 10 10 
84 10 10 10 10 8 10 10 10 10 10 10 10 
85 10 10 10 11 10 10 225 10 10 10 10 10 10 10 10 
86 10 10 10 87 10 10 10 10 10 10 10 10 10 10 10 10 
87 10 10 10 10 8 10 10 10 10 10 10 10 10 10 
88 39 39 39 39 39 39 323 39 39 39 180 245 39 
89 35 35 35 35 35 35 35 245 35 35 35 35 35 35 35 
90 9 9 9 108 9 9 9 9 129 9 9 9 9 9 
91 10 10 10 10 10 10 10 10 10 10 10 10 10 10 10 10 
92 314 261 35 35 35 35 269 35 35 35 35 35 39 35 35 
93 10 10 10 10 10 10 10 757 
94 35 35 35 35 35 35 35 35 35 35 35 35 35 35 
95 10 10 10 239 10 10 10 10 10 10 10 323 10 10 10 
96 35 35 35 35 232 35 35 35 35 35 35 35 35 35 35 35 35 
97 9 53 9 9 9 9 139 9 9 9 9 9 9 9 
98 35 35 35 35 35 35 35 35 35 35 35 35 35 35 
99 35 35 280 35 35 35 53 35 742 35 35 35 35 35 35 35 
100 10 117 10 280 10 360 10 77 10 742 53 10 10 53 10 10 
101 10 10 10 10 382 10 10 10 30 10 10 10 89 53 
102 35 35 35 35 35 35 35 
103 10 10 10 10 10 10 10 10 10 10 10 10 10 
104 10 10 10 10 10 10 10 11 10 11 10 10 
105 10 10 10 153 29 10 10 10 10 10 94 10 10 10 10 10 10 
106 216 35 35 35 35 282 35 35 35 35 35 35 
107 35 35 35 120 35 35 35 35 232 720 742 35 35 35 35 
108 10 282 10 10 10 10 10 720 167 10 10 10 10 10 
109 35 35 35 94 35 35 170 35 35 35 35 35 35 35 35 
110 10 341 10 10 10 10 10 10 10 10 10 10 10 10 10 10 
111 10 10 10 10 10 10 10 742 10 10 10 10 10 10 10 834 10 
112 10 10 10 10 10 10 10 10 10 10 10 10 
113 35 35 269 35 35 35 35 35 35 35 245 280 
114 35 35 35 35 35 35 35 35 35 35 35 35 35 742 465 199 
115 35 35 35 35 35 35 35 35 9 35 35 35 35 35 
116 35 35 35 35 35 35 35 35 35 35 35 35 35 742 35 
117 10 10 10 10 10 10 39 10 10 10 10 10 
118 35 35 35 35 35 35 35 35 35 35 35 35 35 282 35 9 
119 10 10 33 10 10 10 11 10 10 10 11 393 
120 11 10 10 10 10 10 10 10 10 643 10 10 10 
121 10 10 10 10 11 10 10 10 10 10 10 10 10 
122 10 10 10 10 160 10 10 10 108 10 
123 39 39 127 39 39 39 39 39 39 39 39 39 39 
124 10 10 10 10 10 10 10 10 10 10 10 10 265 10 
125 35 35 35 591 35 35 35 35 35 35 35 35 35 35 35 35 261 
126 53 9 53 53 53 53 53 53 170 53 53 53 53 53 
127 204 10 10 10 10 282 10 10 10 10 10 10 10 
128 10 10 10 10 10 10 10 10 10 872 10 10 10 10 10 10 35 143 
129 10 10 10 10 10 10 10 10 10 742 10 10 10 10 10 
130 35 35 172 35 35 35 
131 35 35 35 35 35 35 87 35 35 35 35 35 35 35 35 35 35 
132 10 77 10 10 10 333 10 10 10 11 10 10 
133 35 35 35 35 232 35 89 35 35 35 35 35 35 35 
134 11 9 9 35 9 9 9 9 9 9 9 9 
135 10 10 77 10 270 10 10 10 10 10 10 10 10 10 10 10 
136 35 35 11 720 35 817 35 35 269 35 35 160 160 35 
137 10 10 10 10 10 10 10 10 10 10 10 10 10 742 10 
138 643 95 35 35 167 35 35 35 35 35 35 35 35 35 35 35 
139 35 35 35 35 53 280 35 35 380 35 35 35 628 35 
140 393 35 35 35 35 39 35 35 35 35 35 35 35 35 35 
141 10 39 10 10 10 10 10 10 10 10 10 10 10 10 10 
142 10 10 10 10 10 10 10 10 10 10 10 10 834 10 10 10 10 
143 10 10 10 10 10 256 10 10 10 10 10 10 10 
144 39 39 39 167 39 553 39 39 39 39 39 39 39 
145 10 10 10 10 10 180 10 10 10 10 
146 35 35 245 35 35 280 35 35 35 35 35 108 643 35 35 
147 35 35 35 35 35 35 35 35 35 35 35 167 35 820 35 35 35 35 
148 10 10 10 10 10 10 10 10 10 10 10 10 10 35 282 10 10 
149 35 35 35 35 35 35 35 35 35 35 35 
150 10 10 10 10 11 10 10 10 10 10 10 10 10 10 
151 10 77 10 10 239 10 239 10 11 10 10 10 239 
152 35 35 35 35 35 35 35 35 35 35 35 35 35 35 524 
153 35 35 35 35 35 35 35 35 35 239 35 35 35 35 35 
154 10 35 10 10 10 10 10 209 10 10 10 10 282 
155 11 11 11 11 11 11 10 11 11 11 11 834 11 11 
156 35 35 35 35 35 35 30 35 35 35 35 35 127 742 35 35 
157 39 39 9 39 39 39 39 39 39 39 39 9 39 39 
158 10 341 10 10 10 10 10 10 10 35 10 834 
159 261 10 10 177 10 10 10 10 10 10 10 10 10 10 10 10 10 
160 9 9 9 9 9 9 9 9 9 9 9 9 39 9 9 9 89 9 9 
161 489 10 10 10 77 10 10 10 34 10 10 10 
162 23 10 10 10 10 10 10 11 10 10 10 10 10 10 10 10 10 
163 10 10 10 10 10 10 10 10 10 10 10 10 10 10 10 10 10 10 
164 206 10 643 10 10 10 10 10 10 10 10 10 10 170 
165 180 10 10 10 10 10 10 10 11 10 10 102 10 10 10 11 10 
166 10 10 10 10 10 10 10 10 10 10 
167 9 9 9 9 9 9 9 9 9 9 53 261 
168 35 35 35 35 35 35 35 35 35 35 35 35 35 35 35 35 
169 95 10 117 10 10 10 10 10 11 10 10 10 10 10 10 10 
170 35 35 35 35 35 35 35 35 35 35 
171 10 10 10 10 10 10 10 10 10 10 10 10 130 10 
172 10 10 10 10 10 10 10 10 10 10 10 10 10 10 10 10 10 10 
173 10 44 10 10 10 10 10 10 10 412 10 10 10 204 10 10 
174 10 10 10 10 10 10 10 10 10 280 10 
175 10 10 10 10 141 10 10 10 10 10 10 10 9 10 10 10 
176 30 10 10 10 10 10 10 10 10 10 10 10 10 102 
177 10 10 177 10 10 10 10 10 10 10 10 261 
178 39 39 39 39 39 53 39 39 39 39 232 39 39 39 9 39 720 
179 35 35 35 35 742 35 35 35 742 35 35 35 35 35 35 69 35 35 
180 35 35 35 35 35 35 35 35 35 35 261 603 35 35 10 39 35 35 35 
181 10 10 10 270 10 10 94 10 10 10 10 10 10 10 10 10 35 
182 10 10 10 10 10 10 10 10 10 10 10 10 10 10 10 10 10 10 127 
183 10 10 10 10 10 10 10 10 10 10 10 10 10 
184 10 10 10 10 10 10 10 10 10 10 10 600 10 10 10 10 10 
185 10 10 10 10 10 10 10 10 10 180 10 
186 10 10 10 10 10 10 10 10 10 10 10 10 10 10 486 
187 10 10 35 10 10 10 10 10 10 10 10 10 10 10 10 
188 35 35 35 35 35 35 35 35 35 35 35 35 35 35 35 720 
189 35 35 35 35 35 35 35 35 35 1125 35 35 35 
190 40 10 10 10 10 10 10 89 10 10 10 10 10 
191 39 39 232 239 9 39 39 39 39 39 39 39 39 39 39 9 39 39 39 
192 10 77 10 10 10 10 10 10 10 10 10 10 10 10 10 10 
193 35 35 35 35 35 742 35 9 35 35 35 35 35 35 
194 102 474 39 39 39 512 39 39 39 39 94 39 39 39 
195 35 35 35 35 643 35 720 35 35 720 35 35 35 
196 35 35 35 35 35 35 35 35 35 35 35 77 35 35 35 
197 10 10 10 10 10 10 10 10 10 10 10 10 10 10 10 
198 10 10 10 10 10 10 10 10 10 10 10 77 180 
199 127 127 10 10 10 10 10 10 10 10 10 10 10 10 
200 10 10 10 10 10 10 10 10 10 10 10 10 10 10 10 10 130 
201 35 53 35 35 35 95 35 35 207 35 35 
202 10 10 269 10 10 10 10 10 10 10 10 10 10 10 10 
203 10 10 10 10 10 87 10 10 10 333 10 10 10 10 10 10 
204 10 10 10 10 10 10 10 10 10 10 10 261 10 77 10 10 
205 9 9 9 9 9 9 9 9 9 9 645 239 9 316 
206 10 10 10 10 10 10 10 10 44 10 10 10 10 10 10 10 
207 35 35 35 35 35 35 35 35 35 35 35 35 35 
208 10 10 10 10 10 10 10 10 10 10 10 10 10 10 10 10 
209 53 53 53 53 53 170 53 53 53 238 53 39 53 53 
210 10 10 10 10 10 10 10 10 10 10 
211 35 35 35 35 35 35 35 35 35 35 35 35 35 35 
212 35 35 35 35 35 35 35 35 35 35 35 35 35 631 35 35 
213 35 170 35 35 35 35 35 35 35 177 35 35 35 35 35 35 170 
214 261 118 373 35 35 35 35 35 35 94 35 35 742 35 35 35 
215 10 10 239 10 299 11 10 10 10 10 10 10 10 10 10 10 
216 108 820 35 35 592 35 35 35 35 108 35 35 35 35 
217 10 10 10 10 10 10 10 10 10 10 10 10 11 11 10 10 10 
218 170 9 170 170 170 170 170 108 
219 10 10 10 10 10 10 10 10 10 10 10 10 10 
220 10 10 10 10 10 10 10 10 10 35 94 10 10 10 10 10 
221 211 108 282 53 53 53 53 53 127 1125 53 53 53 170 
222 39 39 39 39 39 39 765 39 39 39 39 53 720 39 39 39 
223 10 10 10 10 10 10 10 10 10 10 10 10 39 10 10 10 
224 39 39 39 39 39 39 39 39 39 39 39 39 39 10 39 39 
225 180 35 35 35 35 35 35 35 35 35 35 108 35 10 35 
226 53 53 53 53 53 53 53 53 35 53 53 53 
227 35 371 35 35 35 35 35 35 39 35 582 
228 239 10 10 10 10 10 10 10 10 10 10 10 10 10 10 10 10 10 
229 35 35 35 35 35 720 35 35 35 35 35 108 35 
230 35 35 35 35 35 35 35 35 35 35 35 35 35 
231 35 333 35 35 35 592 35 35 35 11 35 35 170 35 35 35 35 35 25 
232 170 742 239 170 170 170 170 39 170 10 170 170 170 720 170 
233 10 10 53 89 10 10 10 33 10 10 10 10 11 10 10 10 
234 10 10 10 10 10 10 10 602 10 10 10 10 10 10 10 10 180 
235 10 95 10 10 10 10 10 10 10 10 10 10 11 10 10 
236 35 35 35 35 35 35 35 35 35 35 35 35 35 35 
237 10 9 9 9 9 9 9 9 35 9 9 9 9 
238 35 35 35 35 35 35 35 35 35 35 35 35 35 35 
239 10 10 10 10 10 10 270 14 10 77 10 86 10 10 
240 10 10 10 39 77 10 10 10 87 127 10 10 10 
241 10 10 10 10 10 10 77 10 
242 10 10 10 10 10 10 10 10 10 10 10 39 10 10 10 
243 10 10 10 180 10 10 10 30 10 10 305 10 
244 393 35 35 35 35 35 35 35 
245 10 10 10 10 10 10 628 10 10 10 10 10 108 282 834 10 10 
246 10 10 10 10 341 10 10 10 10 10 600 10 10 
247 10 10 10 10 10 10 10 10 10 10 
248 10 10 10 10 10 10 10 10 10 742 10 10 10 10 379 10 
249 9 9 9 113 9 611 9 9 9 39 9 39 9 9 9 9 371 
250 239 53 9 53 9 53 53 170 53 53 53 53 720 
251 102 10 10 53 180 10 742 10 10 10 10 10 10 10 10 
252 39 39 39 39 39 39 94 39 39 39 39 39 39 39 
253 10 261 10 10 10 10 10 10 10 14 10 10 393 10 10 10 10 
254 170 94 94 94 94 94 94 94 
255 10 10 10 10 10 10 180 10 10 10 10 10 10 10 10 
256 102 10 10 94 10 10 10 10 10 10 10 10 10 10 
257 10 30 10 232 10 10 10 10 10 10 10 10 10 143 77 
258 10 10 10 10 10 834 10 10 10 10 53 10 
259 10 10 10 10 39 10 10 10 10 10 10 10 10 39 
260 10 10 10 10 10 10 10 10 10 261 10 77 10 
261 10 10 10 10 10 10 10 10 10 10 11 10 10 177 10 10 
262 35 35 35 35 35 35 35 35 35 35 35 35 326 35 35 
263 10 10 10 10 10 10 10 11 14 10 10 10 
264 10 10 10 10 10 10 10 10 10 10 10 10 
265 10 10 10 10 10 245 10 10 10 10 10 
266 35 35 35 35 35 35 35 35 35 35 35 35 35 35 35 860 35 35 
267 10 10 10 11 10 10 10 10 10 10 10 10 10 10 10 10 
268 102 10 10 10 10 10 204 10 10 10 326 10 10 77 
269 10 10 10 10 10 10 10 10 10 10 10 10 10 10 10 10 10 10 
270 204 10 10 10 10 10 10 10 10 10 720 10 10 10 10 113 341 
271 202 53 10 299 10 10 10 10 10 10 10 10 10 10 10 10 
272 10 10 10 10 10 10 10 10 10 10 10 10 10 10 
273 35 35 35 765 282 35 177 35 35 35 35 628 35 35 35 35 108 
274 10 10 10 10 10 10 10 10 10 10 10 10 
275 10 10 10 10 10 10 10 10 10 10 10 10 
276 10 10 10 10 10 10 10 10 10 10 10 10 10 10 10 10 
277 10 10 10 10 10 53 10 10 10 10 10 10 10 10 
278 10 10 10 10 10 10 10 10 10 10 10 10 10 
279 35 35 35 35 35 35 35 35 160 35 35 35 35 35 35 35 
280 35 35 35 35 35 35 35 35 11 
281 35 35 35 35 35 35 35 35 35 497 35 35 35 10 35 
282 35 35 35 35 35 35 35 35 35 35 35 35 35 35 35 
283 35 35 35 35 35 35 35 720 180 35 35 35 35 35 35 35 35 35 
284 393 35 35 35 35 9 35 35 35 35 35 
285 53 744 720 53 9 53 53 53 53 39 10 53 53 53 211 53 11 
286 35 35 35 35 35 35 35 35 35 35 35 39 
287 10 127 35 10 10 10 10 40 10 10 10 10 
288 177 35 35 318 35 35 35 35 35 35 53 280 35 138 35 380 
289 35 35 35 35 108 35 35 35 53 35 35 35 35 35 35 35 
290 10 10 10 10 10 10 10 10 143 77 39 10 10 10 
291 35 35 35 35 35 35 35 108 35 35 35 35 35 871 35 35 35 35 
292 35 35 35 35 108 305 35 35 35 35 35 35 35 
293 35 35 35 232 35 35 152 35 35 35 180 35 
294 10 10 10 10 10 10 10 10 10 10 10 10 10 10 
295 35 35 35 35 35 35 35 35 35 35 35 35 35 
296 35 35 35 35 35 35 35 35 35 35 35 35 35 35 
297 10 10 10 10 10 10 10 10 10 10 10 10 10 127 10 
298 35 35 35 154 35 35 280 160 35 160 39 35 35 35 
299 35 35 35 35 35 35 35 35 35 35 35 35 35 35 
300 39 94 108 94 94 94 94 94 94 94 
301 10 10 10 10 10 10 113 10 10 600 10 10 10 10 10 
302 10 10 10 10 10 331 10 202 10 10 10 10 
303 10 10 35 10 10 10 10 204 10 10 10 10 10 10 10 10 
304 35 35 35 35 35 35 94 35 35 35 35 108 35 35 35 35 
305 77 10 10 10 39 10 108 341 10 10 10 10 10 10 
306 35 23 35 35 35 139 35 35 35 35 
307 10 10 10 10 10 10 10 11 10 716 10 10 10 10 10 
308 35 138 35 35 35 35 35 35 35 35 35 35 9 35 877 35 35 273 
309 834 53 53 53 53 53 53 53 53 53 53 53 53 53 53 
310 9 9 170 261 9 9 9 9 9 9 94 9 39 9 9 
311 10 10 10 10 10 10 10 39 10 10 10 10 225 10 
312 10 10 282 10 10 10 10 
313 35 35 35 35 35 35 35 35 35 35 35 35 35 
314 10 10 10 10 10 10 10 10 10 10 10 10 10 10 10 10 10 
315 10 10 10 10 10 9 11 113 10 
316 35 35 35 35 35 35 35 35 35 35 
317 53 53 53 53 53 9 53 53 53 9 53 53 53 53 53 69 53 
318 35 35 35 35 35 35 261 35 35 35 
319 35 35 35 35 35 35 35 35 35 35 35 35 35 35 35 35 35 
320 10 10 10 10 10 10 10 10 10 10 10 10 
321 10 10 10 10 10 10 10 10 10 10 10 10 10 10 77 10 10 
322 35 35 35 35 35 
323 10 10 10 10 10 10 10 10 10 10 10 10 10 10 10 
324 10 10 10 10 10 10 10 10 10 129 10 10 9 10 
325 11 10 10 10 10 10 10 10 10 10 202 10 10 
326 10 10 10 10 177 10 239 10 10 127 10 
327 10 10 10 10 10 10 10 10 10 11 53 10 10 10 10 10 
328 170 170 170 170 170 323 
329 10 10 10 11 10 10 10 10 10 10 10 167 10 10 10 10 
330 10 10 10 10 10 10 10 10 177 10 10 742 270 
331 11 9 11 11 11 11 11 11 11 11 11 10 11 11 39 
332 35 35 35 35 11 35 35 35 35 35 35 35 
333 53 53 53 53 53 113 53 53 
334 35 35 35 35 35 10 35 35 35 35 35 35 35 
335 10 280 10 834 10 10 10 10 10 10 10 10 10 10 10 10 10 
336 742 10 10 10 10 10 10 10 180 10 
337 35 35 35 35 35 35 35 35 35 35 35 35 
338 10 10 10 10 108 10 10 10 53 10 10 10 10 
339 10 10 10 10 10 10 10 10 280 10 10 10 10 39 10 10 10 
340 35 35 35 35 35 35 35 35 35 35 35 35 35 35 35 35 720 
341 10 10 10 53 10 10 10 10 10 10 11 742 10 10 10 
342 10 10 10 10 35 10 10 10 10 10 127 10 
343 35 742 35 35 180 35 102 35 35 35 35 35 35 35 35 
344 35 108 35 30 35 34 35 35 35 35 11 35 35 35 
345 35 35 35 35 35 35 35 35 35 11 326 35 35 35 315 
346 10 10 10 10 10 77 10 10 10 10 11 10 10 35 10 
347 170 170 9 170 170 170 170 9 170 170 170 170 742 
348 10 10 10 10 10 10 10 10 10 
349 10 10 10 113 77 10 10 209 10 10 10 10 10 10 10 9 10 
350 10 10 10 10 10 742 10 209 
351 10 10 10 10 10 10 10 10 10 10 742 10 10 10 10 10 10 
352 10 10 35 10 10 10 10 10 10 10 10 10 10 10 10 
353 35 35 35 35 35 35 35 35 35 261 35 35 35 35 35 
354 35 35 35 35 35 35 35 35 35 35 170 35 35 35 35 35 
355 9 9 9 9 39 9 170 239 9 39 9 9 
356 10 10 10 10 10 602 10 10 10 177 10 10 10 10 
357 10 10 11 10 10 10 10 10 10 10 10 77 10 10 10 11 
358 53 53 53 53 53 108 9 53 53 53 53 245 53 53 53 53 
359 10 10 10 10 10 10 10 10 10 10 10 10 10 10 10 10 
360 35 35 10 108 35 35 35 35 35 35 35 35 35 35 35 
361 77 35 35 35 261 35 35 35 35 35 113 35 35 35 
362 10 10 11 10 10 603 10 10 10 10 10 10 113 39 
363 9 9 9 9 9 618 9 9 9 170 53 9 177 39 9 9 9 
364 10 10 10 10 10 10 10 94 10 10 10 10 10 10 10 10 10 
365 10 10 10 628 10 10 10 239 10 10 10 10 10 10 209 10 
366 35 35 495 108 35 35 35 35 35 35 35 35 35 35 35 
367 35 35 282 11 35 35 35 35 35 35 35 35 35 35 
368 10 10 10 10 10 10 10 250 10 10 10 10 10 10 10 89 10 
369 35 35 35 35 35 35 35 35 53 35 35 35 35 35 35 35 35 35 
370 35 35 35 35 35 35 35 35 35 35 35 35 35 35 35 35 35 53 
371 202 10 10 10 10 10 10 10 393 10 10 10 10 10 10 
372 35 35 35 35 35 35 35 35 603 35 35 35 35 35 35 35 11 
373 10 10 10 11 10 280 10 10 10 643 10 10 10 
374 35 765 35 35 35 35 35 35 35 35 35 108 
375 39 39 39 53 39 10 39 39 39 39 39 9 39 39 39 39 
376 9 95 53 9 9 9 9 9 9 9 9 408 53 
377 10 10 10 10 10 10 232 10 10 239 10 10 742 39 10 10 10 
378 742 10 10 10 10 10 10 10 10 10 10 10 10 10 10 
379 10 10 10 10 10 10 239 10 35 10 10 10 10 
380 35 35 35 35 35 11 35 35 35 35 35 35 35 35 
381 10 10 10 10 10 10 10 10 10 10 10 10 351 10 89 
382 10 10 10 10 280 10 10 10 10 10 10 10 10 10 
383 35 35 35 35 35 35 35 35 11 35 35 261 35 35 35 35 
384 35 35 11 35 35 35 35 35 35 35 35 35 35 
385 10 10 10 10 10 10 10 10 10 10 10 10 10 10 10 10 
386 35 35 35 35 35 35 35 35 180 35 35 35 35 35 35 35 35 
387 10 127 10 10 10 10 10 10 77 232 10 232 94 10 10 
388 10 10 10 10 127 10 10 10 10 10 10 10 10 10 
389 10 10 10 10 40 10 10 10 10 10 10 10 10 10 
390 35 35 35 35 35 35 35 35 207 35 35 35 35 35 35 35 167 35 
391 35 35 35 35 35 35 35 35 35 35 180 35 35 35 
392 35 35 35 35 35 600 35 35 35 35 35 35 35 35 35 108 
393 35 35 35 35 10 35 35 35 35 35 35 35 35 35 35 35 
394 35 35 35 35 35 35 35 35 35 35 
395 35 180 87 282 35 11 35 35 35 35 35 720 35 35 35 11 35 35 742 
396 10 10 10 10 10 10 10 10 10 10 11 10 10 206 
397 10 10 10 35 610 10 10 10 11 10 10 10 10 10 10 10 10 10 10 
398 393 393 10 10 10 10 10 10 39 10 10 844 834 10 10 
399 180 10 10 204 10 10 10 10 10 412 10 94 10 10 10 
400 1125 35 113 35 35 35 35 35 35 11 35 269 35 9 35 35 35 35 35 
401 10 10 742 180 10 10 10 10 10 35 180 10 10 10 10 10 10 10 
402 10 10 10 10 10 35 10 10 10 10 10 10 10 
403 35 11 35 35 35 35 35 35 35 35 35 35 
404 10 10 10 10 10 10 10 10 10 10 10 270 10 
405 35 11 87 35 35 35 35 35 720 600 35 35 35 167 35 
406 10 10 10 10 94 10 10 10 10 10 10 10 
407 10 11 10 10 10 10 10 10 10 10 10 10 10 10 10 10 10 
408 94 94 9 94 39 94 94 9 94 94 53 94 10 94 94 108 94 94 
409 35 35 39 35 35 35 35 35 35 35 35 35 35 
410 113 113 113 113 9 87 113 113 35 170 9 113 113 113 113 113 
411 11 11 11 11 11 11 11 11 35 11 11 11 834 10 11 
412 10 180 180 10 10 153 10 10 10 10 10 10 10 
413 10 10 10 10 10 299 10 10 10 10 10 10 10 10 10 
414 53 53 53 53 53 94 39 113 53 53 53 39 53 11 53 53 53 53 
415 10 10 10 10 10 10 10 10 10 10 10 10 10 10 10 
416 10 10 10 10 10 9 834 10 170 10 10 10 10 
417 10 10 10 10 10 10 10 10 11 10 10 10 10 10 10 
418 10 10 11 10 10 10 10 10 30 39 10 10 10 10 10 10 10 10 10 
419 10 10 10 10 10 474 10 10 10 
420 53 53 53 53 239 53 53 53 137 53 53 53 53 
421 39 39 9 39 39 10 39 39 39 39 39 39 170 39 39 
422 10 10 10 10 10 10 10 35 10 10 177 10 10 
423 39 39 39 39 603 765 39 603 11 9 39 39 39 39 39 9 39 39 
424 10 10 10 10 10 10 10 10 10 10 39 10 10 10 10 10 10 
425 35 35 35 35 261 35 35 35 35 35 35 35 
426 170 170 720 170 170 170 39 170 170 170 170 170 
427 53 53 720 53 53 53 53 53 239 53 53 
428 10 10 77 10 10 10 10 10 10 10 10 10 10 10 
429 10 10 10 850 10 10 35 10 10 
430 10 10 10 643 10 10 141 10 10 10 10 10 10 10 10 10 10 155 10 10 
431 39 720 77 77 77 77 10 77 77 
432 35 35 35 35 35 35 720 35 35 35 35 35 35 35 35 
433 10 10 35 77 10 10 10 10 10 87 10 10 
434 10 10 10 10 10 10 10 10 30 10 232 10 10 10 10 10 10 10 
435 10 10 10 10 720 11 10 10 10 10 10 180 
436 87 261 35 35 35 35 35 35 35 35 35 35 11 35 35 
437 170 170 170 53 170 170 170 170 170 170 113 
438 10 10 10 10 10 10 10 10 10 10 10 10 10 77 
439 10 10 10 371 10 10 10 10 10 10 10 10 10 10 10 
440 393 10 10 10 742 10 10 10 10 10 
441 35 35 35 35 35 35 35 35 35 35 35 35 35 
442 10 10 118 10 10 10 10 10 10 10 10 10 10 10 177 10 10 
