0 10 10 10 10 153 10 10 10 10 10 10 10 
1 10 10 10 10 10 10 9 10 10 10 10 77 10 10 10 10 10 10 
2 10 10 35 10 10 10 10 10 10 10 10 10 10 
3 35 10 35 1 10 77 10 1 10 10 10 10 10 10 
4 10 10 10 10 10 10 10 10 11 10 10 10 10 10 10 
5 77 53 10 10 10 10 10 10 10 99 10 10 10 10 897 10 10 
6 10 10 497 10 10 765 10 10 10 10 10 10 10 161 10 10 
7 10 10 10 10 10 10 10 10 10 
8 10 10 10 35 10 10 10 10 10 10 10 10 10 10 10 10 10 
9 10 10 10 10 10 10 10 10 10 10 99 10 10 10 10 10 10 10 10 10 
10 10 10 10 10 10 10 10 10 10 10 10 10 
11 91 39 10 820 10 91 10 91 10 
12 35 10 9 39 35 10 10 10 94 10 10 10 170 720 10 10 10 
13 10 10 765 10 10 10 10 10 77 10 10 10 10 10 
14 10 10 10 10 10 10 10 10 10 261 10 10 10 10 
15 314 10 10 10 167 10 10 10 112 10 35 10 10 1240 
16 10 10 10 9 10 29 10 10 10 10 358 77 10 35 
17 10 10 10 10 10 77 10 10 10 10 
18 10 10 10 10 10 77 10 10 10 10 35 10 10 
19 718 10 10 77 10 35 10 834 94 39 10 10 
20 10 10 167 35 69 10 77 10 10 10 10 10 10 
21 10 10 10 10 10 10 10 10 10 10 10 10 10 10 10 10 10 
22 10 10 10 10 10 10 10 10 10 10 11 10 77 10 
23 10 10 10 10 10 29 10 10 10 10 10 10 
24 10 10 10 10 10 10 10 10 10 10 10 10 10 10 10 10 35 
25 10 10 10 10 108 
26 113 10 10 10 10 10 10 10 10 167 592 10 10 10 
27 10 10 10 10 154 10 269 10 10 10 10 199 10 10 154 10 
28 167 10 94 10 10 10 10 10 10 35 820 10 35 
29 10 10 10 10 10 10 77 10 10 10 10 10 10 10 10 
30 380 10 10 10 10 10 10 14 113 10 10 834 
31 10 10 10 10 10 10 10 10 10 10 10 10 10 10 9 10 
32 10 10 10 10 10 10 10 10 10 10 10 10 10 10 
33 10 10 35 77 10 35 10 10 10 35 10 10 10 10 10 
34 10 10 10 390 10 10 10 10 10 10 10 161 112 10 10 10 
35 10 10 10 10 10 10 10 10 10 647 10 10 10 10 35 
36 10 10 10 10 10 474 10 10 10 10 10 10 10 
37 10 10 10 10 10 10 10 10 10 10 1294 10 35 10 
38 10 10 10 10 10 10 10 10 10 10 10 10 10 10 9 10 10 10 
39 239 10 35 10 10 209 10 10 10 10 10 77 10 10 
40 10 10 926 10 10 834 10 10 10 10 10 10 77 11 10 10 10 
41 10 10 10 10 10 167 10 10 10 10 10 10 10 10 10 10 10 
42 35 10 1029 10 720 10 10 10 10 35 10 10 622 10 10 
43 10 10 10 10 834 10 10 10 10 167 10 10 10 216 10 10 
44 10 10 10 10 10 10 10 10 10 10 10 10 
45 35 35 10 139 167 10 35 834 10 10 10 10 
46 35 10 77 10 10 10 10 10 10 10 10 10 
47 77 10 10 10 10 10 35 10 10 10 10 10 10 10 9 10 10 10 
48 10 10 10 10 10 10 10 10 10 10 10 10 10 10 
49 10 10 10 10 35 10 39 10 10 10 10 112 10 10 10 
50 10 10 10 10 10 10 10 10 112 10 10 333 10 10 10 10 669 
51 10 10 77 10 10 10 112 10 10 10 10 
52 10 10 10 10 10 10 10 10 10 10 10 10 10 10 
53 10 10 10 10 10 77 35 10 77 167 10 10 10 10 
54 10 10 10 10 10 10 10 10 10 10 10 224 10 10 10 
55 10 10 10 10 10 10 11 10 35 10 10 10 10 10 
56 10 10 10 10 10 35 10 35 35 77 10 10 
57 10 10 10 10 10 10 10 10 10 10 94 10 10 10 10 
58 10 10 10 10 77 10 10 1032 10 10 10 10 10 10 
59 10 10 226 10 10 10 10 10 10 10 10 10 10 77 10 10 10 10 
60 10 35 10 10 9 10 10 10 10 10 10 10 10 10 10 10 
61 10 35 10 167 10 10 10 882 10 10 10 10 10 
62 239 269 139 35 10 10 720 10 10 10 10 10 10 10 10 77 
63 10 10 10 10 10 10 10 10 10 333 10 10 10 10 
64 10 10 10 10 10 10 112 99 10 10 10 10 10 10 11 10 10 
65 53 10 10 112 10 10 10 10 10 10 10 10 35 
66 10 9 10 10 10 10 10 35 10 10 10 10 10 
67 10 77 10 10 10 10 10 10 10 10 10 10 
68 10 10 10 10 10 10 10 10 10 177 10 10 10 10 10 
69 280 35 10 10 10 10 10 11 10 39 10 10 10 
70 10 10 10 10 10 10 10 10 10 10 10 10 9 10 53 
71 10 10 10 10 10 10 10 10 10 
72 39 10 10 10 10 269 10 10 10 10 10 10 10 10 834 10 379 
73 10 10 538 10 10 10 10 100 10 77 10 10 10 10 
74 10 10 127 167 10 582 10 10 10 720 10 10 77 1079 10 
75 35 35 10 87 10 10 10 35 10 10 10 10 10 
76 10 127 10 10 10 10 10 10 10 10 167 10 10 10 10 10 10 
77 10 187 77 10 10 10 167 10 10 10 10 10 10 
78 10 10 10 10 10 10 10 10 10 10 10 11 10 10 10 10 10 
79 10 10 10 10 10 35 10 10 39 
80 10 10 10 35 10 10 10 10 10 10 10 
81 1294 10 10 77 10 10 10 10 10 10 10 10 10 10 10 
82 10 10 742 177 10 10 10 10 10 10 10 35 10 10 10 
83 10 10 742 10 10 10 10 10 10 
84 10 10 10 10 69 10 10 10 10 10 10 10 
85 10 10 10 720 10 10 35 10 10 10 10 10 10 10 10 
86 10 10 10 87 10 10 10 10 10 10 10 10 10 10 10 10 
87 10 10 10 10 35 10 10 10 10 10 10 10 10 10 
88 10 10 39 10 379 10 323 10 10 10 1006 35 10 
89 226 10 10 35 10 10 10 522 35 10 10 10 10 10 10 
90 10 10 167 10 9 10 10 10 129 167 10 10 10 10 
91 10 10 10 10 10 10 10 10 10 10 10 10 10 10 10 10 
92 314 10 10 10 10 10 269 10 10 10 10 10 39 35 10 
93 10 10 10 10 10 10 10 757 
94 10 10 10 10 10 10 10 10 10 10 10 10 10 35 
95 10 10 10 77 10 10 10 10 10 10 10 323 10 10 10 
96 10 10 10 10 474 77 10 10 10 77 10 10 10 10 10 10 10 
97 10 834 10 10 10 10 139 10 77 199 9 10 10 10 
98 10 10 10 35 10 10 10 10 10 10 10 10 10 35 
99 10 10 438 10 10 10 53 10 167 10 10 10 999 10 10 10 
100 10 393 10 280 10 360 10 834 10 742 53 10 10 35 10 10 
101 10 10 10 10 382 10 10 10 77 10 10 10 35 791 
102 10 35 10 10 10 10 10 
103 10 10 10 10 10 10 10 10 10 10 10 10 10 
104 10 10 10 10 10 10 10 77 10 11 10 10 
105 10 10 10 1191 29 10 10 10 10 10 94 10 10 10 10 10 10 
106 216 10 10 35 10 9 10 77 10 10 10 10 
107 834 10 10 10 10 10 10 271 30 10 167 10 10 35 10 
108 10 35 10 10 10 10 10 720 167 10 10 10 10 10 
109 10 10 10 94 10 970 170 35 10 10 10 10 10 10 10 
110 10 341 10 10 10 10 10 10 10 10 10 10 10 10 10 10 
111 10 10 10 10 10 10 10 99 10 10 10 10 10 10 10 834 10 
112 10 10 10 10 10 10 10 10 10 10 10 10 
113 10 10 269 10 10 10 10 35 10 10 522 10 
114 10 10 10 35 834 10 10 35 10 10 10 10 10 10 10 199 
115 35 10 35 10 10 10 10 10 9 116 10 10 10 10 
116 669 1121 10 10 10 10 10 10 10 10 10 10 10 379 10 
117 10 10 10 10 10 10 39 10 10 10 10 10 
118 10 10 10 1000 35 10 10 10 10 77 10 10 10 10 10 474 
119 10 10 35 10 10 10 11 10 10 10 77 77 
120 77 10 10 10 10 10 10 10 10 167 10 10 10 
121 10 10 10 10 35 10 10 10 10 10 10 10 10 
122 10 10 10 10 154 10 10 10 1121 10 
123 10 10 127 10 10 167 10 10 10 10 10 10 10 
124 10 10 10 10 10 10 10 10 10 10 10 10 483 10 
125 379 77 10 77 10 10 10 10 10 10 10 10 10 10 10 10 10 
126 10 9 10 10 10 10 10 10 1230 10 10 10 10 10 
127 834 10 10 10 10 261 10 10 10 10 10 10 10 
128 10 10 10 10 10 10 10 10 10 77 10 10 10 10 10 10 35 35 
129 10 10 10 10 10 10 10 10 10 77 10 10 10 10 10 
130 10 10 172 10 10 77 
131 10 10 10 35 10 10 211 10 10 77 10 10 10 10 10 10 10 
132 10 77 10 10 10 333 10 10 10 11 10 10 
133 10 10 10 10 89 10 89 10 10 10 35 10 10 35 
134 10 10 10 10 9 10 10 10 30 10 77 10 
135 10 10 77 10 501 10 10 10 10 10 10 10 10 10 10 10 
136 10 88 10 514 10 10 10 10 269 35 10 154 154 10 
137 10 10 10 10 10 10 10 10 10 10 10 10 10 77 10 
138 53 95 10 167 77 10 10 493 10 10 35 10 10 10 10 35 
139 10 10 379 10 53 14 10 10 834 10 10 10 834 10 
140 10 35 10 10 10 39 10 10 10 10 999 10 10 10 35 
141 10 35 10 10 10 10 10 10 10 10 10 10 10 10 10 
142 10 10 10 10 10 10 10 10 10 10 10 10 834 10 10 10 10 
143 10 10 10 10 10 256 10 10 10 10 10 10 10 
144 10 10 139 10 35 1045 10 10 10 10 10 882 10 
145 10 10 10 10 10 167 10 10 10 10 
146 10 10 238 10 10 77 35 35 10 10 10 112 39 10 10 
147 10 10 10 10 10 10 10 10 10 10 10 167 10 820 77 10 10 10 
148 10 10 10 10 10 10 10 10 10 10 10 10 10 35 1182 10 10 
149 10 10 10 10 10 10 77 10 10 35 10 
150 10 10 10 10 77 10 10 10 10 10 10 10 10 10 
151 10 77 10 10 35 10 239 10 11 10 10 10 239 
152 35 10 35 10 10 167 10 10 35 10 10 10 10 226 10 
153 10 35 10 10 10 10 10 10 10 10 10 10 10 10 10 
154 10 35 10 10 10 10 10 269 10 10 10 10 1182 
155 10 10 10 10 10 10 10 10 10 10 1157 834 10 259 
156 10 10 77 10 10 10 10 10 10 10 10 10 77 742 10 35 
157 10 10 10 35 10 10 10 10 77 10 10 77 834 53 
158 10 834 10 10 10 10 10 10 10 35 10 834 
159 9 10 10 177 10 10 10 10 10 10 10 10 10 10 10 10 10 
160 10 10 10 10 10 10 10 77 10 10 10 10 10 10 10 10 10 10 616 
161 53 10 10 10 77 10 10 10 29 10 10 10 
162 570 10 10 10 10 10 10 720 10 10 10 10 10 10 10 10 10 
163 10 10 10 10 10 10 10 10 10 10 10 10 10 10 10 10 10 10 
164 580 10 53 10 10 10 10 10 10 10 10 10 10 170 
165 172 10 10 10 10 10 10 10 834 10 10 102 10 10 10 167 10 
166 10 10 10 10 10 10 10 10 10 10 
167 10 10 10 11 10 10 10 11 10 10 10 261 
168 10 35 10 10 10 77 10 35 10 10 10 10 10 10 35 10 
169 95 10 30 10 10 10 10 10 269 10 10 10 10 10 10 10 
170 10 10 10 10 10 10 10 10 35 10 
171 10 10 10 10 10 10 10 10 10 10 10 10 11 10 
172 10 10 10 10 10 10 10 10 10 10 10 10 10 10 10 10 10 10 
173 10 31 10 10 10 10 10 10 10 29 10 10 10 514 10 10 
174 10 10 10 10 10 10 10 10 10 280 10 
175 10 10 10 10 1282 10 10 10 10 10 10 10 9 10 10 10 
176 35 10 10 10 10 10 10 10 10 10 10 10 10 172 
177 10 10 177 10 10 10 10 10 10 10 10 261 
178 10 10 10 10 10 53 834 765 10 10 232 10 10 10 10 10 379 
179 10 10 10 10 250 10 10 10 742 970 10 10 10 10 10 358 10 10 
180 35 10 35 10 10 10 10 35 10 10 10 10 10 10 10 39 10 10 10 
181 10 10 10 94 10 10 884 10 10 10 10 10 10 10 10 10 35 
182 10 10 10 10 10 10 10 10 10 10 10 10 10 10 10 10 10 10 199 
183 10 10 10 10 10 10 10 10 10 10 10 10 10 
184 10 10 10 10 10 10 10 10 10 10 10 77 10 10 10 10 10 
185 10 10 10 10 10 10 10 10 10 1006 10 
186 10 10 10 10 10 10 10 10 10 10 10 10 10 10 493 
187 10 10 35 10 10 10 10 10 10 10 10 10 10 10 10 
188 622 35 10 10 10 10 10 10 10 10 35 10 10 10 10 834 
189 10 10 10 10 35 271 77 10 10 1125 10 941 10 
190 77 10 10 10 10 10 10 77 10 10 10 10 10 
191 10 10 10 239 10 10 10 10 199 10 10 77 10 10 10 9 10 10 10 
192 10 77 10 10 10 10 10 10 10 10 10 10 10 10 10 10 
193 10 77 10 10 10 167 10 9 523 10 10 77 10 10 
194 102 474 10 10 10 77 10 199 10 10 271 77 10 10 
195 10 10 10 10 134 10 720 10 10 1294 10 10 35 
196 10 10 10 10 10 10 10 10 10 10 10 77 10 77 10 
197 10 10 10 10 10 10 10 10 10 10 10 10 10 10 10 
198 10 10 10 10 10 10 10 10 10 10 10 77 669 
199 77 694 10 10 10 10 10 10 10 10 10 10 10 10 
200 10 10 10 10 10 10 10 10 10 10 10 10 10 10 10 10 644 
201 10 53 77 10 10 95 10 10 341 10 10 
202 10 10 269 10 10 10 10 10 10 10 10 10 10 10 10 
203 10 10 10 10 10 87 10 10 10 333 10 10 10 10 10 10 
204 10 10 10 10 10 10 10 10 10 10 10 261 10 77 10 10 
205 10 10 35 10 10 10 10 10 10 9 35 10 10 199 
206 10 10 10 10 10 10 10 10 134 10 10 10 10 10 10 10 
207 10 10 10 10 10 10 35 10 10 10 10 10 10 
208 10 10 10 10 10 10 10 10 10 10 10 10 10 10 10 10 
209 10 10 238 10 10 170 10 10 10 697 10 39 10 10 
210 10 10 10 10 10 10 10 10 10 10 
211 10 10 10 10 10 10 10 10 77 35 10 10 10 10 
212 35 35 10 10 10 10 10 10 10 10 269 10 10 10 10 10 
213 35 170 10 10 10 35 10 10 10 10 10 10 10 10 10 10 170 
214 9 484 10 10 834 10 10 153 10 1140 10 10 10 10 10 10 
215 10 10 800 10 35 216 10 10 10 10 10 10 10 10 10 10 
216 10 10 77 10 592 35 10 10 518 10 10 10 10 10 
217 10 10 10 10 10 10 10 10 10 10 10 10 11 11 10 10 10 
218 10 10 35 10 10 10 77 30 
219 10 10 10 10 10 10 10 10 10 10 10 10 10 
220 10 10 10 10 10 10 10 10 10 35 170 10 10 10 10 10 
221 11 108 767 10 167 10 77 10 10 10 10 10 10 170 
222 10 10 10 239 10 10 10 10 10 10 10 53 10 10 77 10 
223 10 10 10 10 10 10 10 10 10 10 10 10 39 10 10 10 
224 10 10 10 10 10 10 10 10 10 10 10 77 77 10 882 10 
225 180 10 10 10 10 10 10 77 10 10 10 269 10 10 35 
226 333 10 10 10 10 10 10 10 35 757 10 10 
227 10 10 35 35 139 10 10 10 39 10 10 
228 23 10 10 10 10 10 10 10 10 10 10 10 10 10 10 10 10 10 
229 10 35 10 10 10 720 35 941 10 10 10 11 10 
230 35 10 10 10 10 10 35 10 10 10 77 10 10 
231 10 333 10 10 10 592 10 10 10 11 10 10 10 10 10 10 35 379 834 
232 10 742 35 10 10 10 10 1223 10 10 10 10 10 930 170 
233 10 10 53 89 10 10 10 29 10 10 10 10 11 10 10 10 
234 10 10 10 10 10 10 10 762 10 10 10 10 10 10 10 10 669 
235 10 95 10 10 10 10 10 10 10 10 10 10 647 10 10 
236 10 10 35 10 10 10 10 10 10 10 10 10 10 35 
237 10 10 10 10 10 834 10 10 35 10 10 10 10 
238 10 10 77 10 10 10 10 10 10 10 35 10 10 10 
239 10 10 10 10 10 10 501 77 10 77 10 237 10 10 
240 10 10 10 39 77 10 10 10 87 127 10 10 10 
241 10 10 10 10 10 10 77 10 
242 10 10 10 10 10 10 10 10 10 10 10 39 10 10 10 
243 10 10 10 180 10 10 10 35 10 10 305 10 
244 10 10 10 77 10 10 167 10 
245 10 10 10 10 10 10 474 10 10 10 10 10 108 261 834 10 10 
246 10 10 10 10 35 10 10 10 10 10 600 10 10 
247 10 10 10 10 10 10 10 10 10 10 
248 10 10 10 10 10 10 10 10 10 742 10 10 10 10 379 10 
249 10 10 9 14 10 10 10 10 762 834 10 10 10 10 10 10 935 
250 23 10 10 53 679 10 10 77 10 10 77 10 720 
251 102 10 10 35 9 10 35 10 10 10 10 10 10 10 10 
252 10 10 10 10 10 35 94 10 10 10 10 10 10 10 
253 10 261 10 10 10 10 10 10 10 14 10 10 35 10 10 10 10 
254 170 10 10 35 10 77 10 10 
255 10 10 10 10 10 10 180 10 10 10 10 10 10 10 10 
256 102 10 10 94 10 10 10 10 10 10 10 10 10 10 
257 10 30 10 232 10 10 10 10 10 10 10 10 10 35 77 
258 10 10 10 10 10 834 10 10 10 10 35 10 
259 10 10 10 10 35 10 10 10 10 10 10 10 10 39 
260 10 10 10 10 10 10 10 10 10 261 10 77 10 
261 10 10 10 10 10 10 10 10 10 10 167 10 10 35 10 10 
262 10 10 10 10 10 10 10 10 10 10 10 35 249 10 10 
263 10 10 10 10 10 10 10 77 14 10 10 10 
264 10 10 10 10 10 10 10 10 10 10 10 10 
265 10 10 10 10 10 245 10 10 10 10 10 
266 10 10 10 77 10 10 10 10 10 35 10 10 10 10 10 10 10 10 
267 10 10 10 77 10 10 10 10 10 10 10 10 10 10 10 10 
268 9 10 10 10 10 10 77 10 10 10 89 10 10 77 
269 10 10 10 10 10 10 10 10 10 10 10 10 10 10 10 10 10 10 
270 834 10 10 10 10 10 10 10 10 10 35 10 10 10 10 633 408 
271 318 53 10 35 10 10 10 10 10 10 10 10 10 10 10 10 
272 10 10 10 10 10 10 10 10 10 10 10 10 10 10 
273 10 10 35 10 9 10 10 10 35 35 10 834 10 10 10 10 1116 
274 10 10 10 10 10 10 10 10 10 10 10 10 
275 10 10 10 10 10 10 10 10 10 10 10 10 
276 10 10 10 10 10 10 10 10 10 10 10 10 10 10 10 10 
277 10 10 10 10 10 53 10 10 10 10 10 10 10 10 
278 10 10 10 10 10 10 10 10 10 10 10 10 10 
279 10 10 669 10 10 10 669 10 10 10 10 10 10 10 10 669 
280 1294 10 10 10 10 10 10 10 11 
281 10 10 77 10 10 10 10 10 10 10 10 35 35 10 10 
282 10 10 10 10 35 10 10 35 10 10 35 10 10 10 10 
283 10 10 379 10 10 10 10 514 10 10 10 10 10 10 10 10 669 10 
284 10 10 10 10 35 10 10 10 35 10 10 
285 89 744 10 10 10 11 10 10 167 39 10 10 10 10 14 35 11 
286 10 35 10 10 10 10 10 10 10 10 10 10 
287 10 77 35 10 10 10 10 269 10 10 10 10 
288 10 10 10 10 10 10 216 10 10 10 53 10 35 269 35 380 
289 10 10 35 10 153 10 10 10 53 35 10 10 10 10 10 10 
290 10 10 10 10 10 10 10 10 35 77 39 10 10 10 
291 10 10 10 10 10 10 10 77 10 77 35 35 10 10 10 10 10 10 
292 10 10 10 10 108 305 10 10 10 10 10 10 10 
293 35 10 10 167 10 10 10 10 10 941 170 10 
294 10 10 10 10 10 10 10 10 10 10 10 10 10 10 
295 10 10 10 10 10 10 10 10 10 35 10 35 10 
296 10 10 10 10 10 10 10 10 10 10 10 10 35 10 
297 10 10 10 10 10 10 10 10 10 10 10 10 10 35 10 
298 35 10 10 154 10 10 280 154 10 154 39 10 10 10 
299 10 10 10 10 10 10 834 1000 10 10 10 10 10 10 
300 10 10 77 10 94 10 10 10 269 10 
301 10 10 10 10 10 10 113 10 10 77 10 10 10 10 10 
302 10 10 10 10 10 35 10 77 10 10 10 10 
303 10 10 35 10 10 10 10 77 10 10 10 10 10 10 10 10 
304 10 10 10 10 35 10 10 834 10 10 10 10 10 10 10 10 
305 77 10 10 10 35 10 108 341 10 10 10 10 10 10 
306 10 460 35 10 10 139 167 10 10 10 
307 10 10 10 10 10 10 10 77 10 716 10 10 10 10 10 
308 10 138 10 10 10 10 10 10 10 10 10 10 834 10 941 10 10 89 
309 834 10 10 10 10 10 10 10 10 10 77 11 10 10 10 
310 10 35 10 261 10 834 10 10 77 10 10 10 10 10 616 
311 10 10 10 10 10 10 10 39 10 10 10 10 69 10 
312 10 10 35 10 10 10 10 
313 10 10 35 10 10 10 10 10 10 10 10 10 10 
314 10 10 10 10 10 10 10 10 10 10 10 10 10 10 10 10 10 
315 10 10 10 10 10 9 77 113 10 
316 10 10 10 10 10 10 10 10 77 10 
317 10 10 11 10 10 10 10 10 10 10 1000 10 10 10 10 69 10 
318 35 10 97 77 10 10 10 10 10 10 
319 10 10 10 10 10 10 10 10 10 10 10 77 10 10 10 10 77 
320 10 10 10 10 10 10 10 10 10 10 10 10 
321 10 10 10 10 10 10 10 10 10 10 10 10 10 10 77 10 10 
322 10 10 10 10 35 
323 10 10 10 10 10 10 10 10 10 10 10 10 10 10 10 
324 10 10 10 10 10 10 10 10 10 129 10 10 1092 10 
325 11 10 10 10 10 10 10 10 10 10 77 10 10 
326 10 10 10 10 177 10 239 10 10 77 10 
327 10 10 10 10 10 10 10 10 10 77 199 10 10 10 10 10 
328 10 10 10 10 77 77 
329 10 10 10 35 10 10 10 10 10 10 10 167 10 10 10 10 
330 10 10 10 10 10 10 10 10 177 10 10 613 94 
331 834 9 10 77 10 10 10 10 10 10 10 10 10 10 882 
332 10 10 10 77 167 1282 77 10 10 10 10 10 
333 740 10 10 10 10 113 10 9 
334 834 10 10 10 10 10 10 834 10 10 10 10 10 
335 10 280 10 834 10 10 10 10 10 10 10 10 10 10 10 10 10 
336 1048 10 10 10 10 10 10 10 35 10 
337 35 10 10 10 10 10 10 77 10 10 10 10 
338 10 10 10 10 1027 10 10 10 35 10 10 10 10 
339 10 10 10 10 10 10 10 10 280 10 10 10 10 39 10 10 10 
340 10 10 10 10 10 10 10 10 10 10 35 10 10 10 10 10 10 
341 10 10 10 53 10 10 10 10 10 10 11 161 10 10 10 
342 10 10 10 10 35 10 10 10 10 10 77 10 
343 10 10 10 10 9 10 102 10 10 10 10 77 77 1157 10 
344 35 10 35 10 10 187 10 10 10 10 697 35 10 10 
345 10 10 10 10 10 77 10 379 10 167 647 10 77 10 10 
346 10 10 10 10 10 77 10 10 10 10 11 10 10 35 10 
347 170 10 10 10 834 10 10 9 10 10 10 10 10 
348 10 10 10 10 10 10 10 10 10 
349 10 10 10 113 77 10 10 269 10 10 10 10 10 10 10 616 10 
350 10 10 10 10 10 742 10 35 
351 10 10 10 10 10 10 10 10 10 10 77 10 10 10 10 10 10 
352 10 10 35 10 10 10 10 10 10 10 10 10 10 10 10 
353 10 35 10 10 35 10 10 10 10 10 10 10 10 10 10 
354 10 10 10 10 10 10 10 10 10 10 1062 10 35 77 10 10 
355 10 77 10 108 39 10 834 77 10 882 10 10 
356 10 10 10 10 10 762 10 10 10 177 10 10 10 10 
357 10 10 11 10 10 10 10 10 10 10 10 77 10 10 10 11 
358 740 10 10 10 10 10 10 10 10 10 10 11 10 10 10 9 
359 10 10 10 10 10 10 10 10 10 10 10 10 10 10 10 10 
360 77 99 10 29 10 10 10 10 10 10 10 10 10 10 10 
361 77 35 10 10 261 10 10 10 77 10 10 10 10 10 
362 10 10 77 10 10 167 10 10 10 10 10 10 113 39 
363 10 10 77 10 10 618 10 11 10 170 10 10 177 77 10 10 10 
364 10 10 10 10 10 10 10 35 10 10 10 10 10 10 10 10 10 
365 10 10 10 628 10 10 10 35 10 10 10 10 10 10 35 10 
366 10 10 10 29 35 10 10 10 10 10 10 35 10 10 10 
367 10 10 9 11 10 10 10 10 10 10 10 390 10 10 
368 10 10 10 10 10 10 10 834 10 10 10 10 10 10 10 271 10 
369 35 10 10 10 10 10 77 35 10 10 106 10 10 10 10 10 10 10 
370 10 10 10 10 10 10 10 10 35 10 10 10 10 10 35 10 10 10 
371 318 10 10 10 10 10 10 10 77 10 10 10 10 10 10 
372 10 10 10 10 10 1000 10 77 10 10 10 10 10 10 10 29 10 
373 10 10 10 11 10 280 10 10 10 720 10 10 10 
374 10 765 10 10 10 10 35 10 10 10 10 77 
375 10 10 167 53 10 10 10 10 10 77 10 11 10 10 77 10 
376 10 95 10 10 10 834 199 1113 10 10 10 10 10 
377 10 10 10 10 10 10 77 10 10 153 10 10 379 39 10 10 10 
378 77 10 10 10 10 10 10 10 10 10 10 10 10 10 10 
379 10 10 10 10 10 10 35 10 35 10 10 10 10 
380 10 10 10 10 10 10 10 269 941 10 10 35 10 10 
381 10 10 10 10 10 10 10 10 10 10 10 10 167 10 77 
382 10 10 10 10 280 10 10 10 10 10 10 10 10 10 
383 10 10 10 10 10 10 35 10 11 10 10 10 10 10 161 10 
384 10 10 11 10 10 10 10 10 10 10 35 10 10 
385 10 10 10 10 10 10 10 10 10 10 10 10 10 10 10 10 
386 834 10 10 10 10 10 35 10 180 10 10 10 10 10 10 10 10 
387 10 127 10 10 10 10 10 10 77 77 10 77 94 10 10 
388 10 10 10 10 127 10 10 10 10 10 10 10 10 10 
389 10 10 10 10 77 10 10 10 10 10 10 10 10 10 
390 10 10 1294 10 10 35 10 10 207 10 10 10 10 10 35 10 77 77 
391 10 10 35 10 10 10 10 10 941 77 1140 10 10 10 
392 10 10 10 10 10 237 10 10 10 35 10 10 10 35 10 1116 
393 10 10 10 35 10 10 10 10 10 10 10 10 10 10 77 10 
394 10 10 35 10 10 10 10 10 10 10 
395 35 9 941 1149 10 10 35 10 10 10 10 720 10 10 10 11 10 10 996 
396 10 10 10 10 10 10 10 10 10 10 1240 10 10 580 
397 10 10 10 35 610 10 10 10 1294 10 10 10 10 10 10 10 10 10 10 
398 393 393 10 10 10 10 10 10 39 10 10 77 834 10 10 
399 501 10 10 154 10 10 10 10 10 29 10 9 10 10 10 
400 897 10 10 318 10 10 35 10 10 11 10 897 10 10 77 10 10 10 77 
401 10 10 77 77 10 10 10 10 10 35 167 10 10 10 10 10 10 10 
402 10 10 10 10 10 35 10 10 10 10 10 10 10 
403 10 11 10 999 10 10 10 10 10 10 10 167 
404 10 10 10 10 10 10 10 10 10 10 10 129 10 
405 10 11 10 10 10 10 77 10 10 167 10 10 35 77 10 
406 10 10 10 10 9 10 10 10 10 10 10 10 
407 10 11 10 10 10 10 10 10 10 10 10 10 10 10 10 10 10 
408 10 10 10 10 39 10 10 35 10 884 1140 153 10 10 10 720 10 10 
409 10 10 10 35 10 10 10 10 10 10 10 10 10 
410 113 10 10 10 10 87 10 10 35 170 10 10 10 10 742 10 
411 10 834 10 10 10 10 10 10 35 10 11 10 834 10 10 
412 10 180 108 10 10 77 10 10 10 10 10 10 10 
413 10 10 10 10 10 647 10 10 10 10 10 10 10 10 10 
414 53 10 10 10 1121 10 77 10 10 10 10 39 10 11 10 10 10 10 
415 10 10 10 10 10 10 10 10 10 10 10 10 10 10 10 
416 10 10 10 10 10 9 834 10 35 10 10 10 10 
417 10 10 10 10 10 10 10 10 167 10 10 10 10 10 10 
418 10 10 1294 10 10 10 10 10 30 39 10 10 10 10 10 10 10 10 10 
419 10 10 10 10 10 269 10 10 10 
420 10 10 10 10 239 10 10 10 10 10 35 10 10 
421 139 10 108 10 10 10 39 10 10 10 10 10 35 11 10 
422 10 10 10 10 10 10 10 35 10 10 918 10 10 
423 10 10 39 10 167 765 10 10 249 11 10 10 10 10 10 10 10 53 
424 10 10 10 10 10 10 10 10 10 10 39 10 10 10 10 10 10 
425 10 10 10 10 10 10 35 10 10 10 10 35 
426 10 10 269 10 10 10 10 622 10 10 170 10 
427 10 199 10 10 10 10 10 10 239 10 10 
428 10 10 77 10 10 10 10 10 10 10 10 10 10 10 
429 10 10 10 35 10 10 35 10 10 
430 10 10 10 53 10 10 1282 10 10 10 10 10 10 10 10 10 10 35 10 10 
431 333 161 10 10 10 77 10 77 77 
432 10 10 10 10 10 10 1294 10 474 10 10 10 77 10 35 
433 10 10 35 834 10 10 10 10 10 91 10 10 
434 10 10 10 10 10 10 10 10 441 10 167 10 10 10 10 10 10 10 
435 10 10 10 10 720 1240 10 10 10 10 10 1006 
436 10 261 10 10 10 10 10 379 10 10 10 10 167 10 10 
437 834 10 10 10 10 10 10 834 10 10 834 
438 10 10 10 10 10 10 10 10 10 10 10 10 10 77 
439 10 10 10 53 10 10 10 10 10 10 10 10 10 10 10 
440 393 10 10 10 11 10 10 10 10 10 
441 10 10 10 10 35 10 10 10 10 10 10 647 10 
442 10 10 484 10 10 10 10 10 10 10 10 10 10 10 177 10 10 
