0 10 10 10 10 35 10 10 10 10 10 10 10 
1 10 10 10 10 10 10 9 10 10 10 10 299 10 10 10 10 10 10 
2 10 10 35 10 10 10 10 10 10 10 10 10 10 
3 35 35 35 14 35 35 35 14 35 35 35 35 35 35 
4 10 10 10 10 10 10 10 10 11 10 10 10 10 10 10 
5 35 53 35 10 35 35 35 35 35 35 35 35 35 10 35 35 35 
6 35 35 177 35 35 231 35 35 35 35 35 35 35 35 35 35 
7 10 10 10 10 10 10 10 10 10 
8 10 10 10 35 10 10 10 10 10 10 10 10 10 10 10 10 10 
9 10 10 10 10 10 10 10 10 10 10 35 10 10 10 10 10 10 10 10 10 
10 10 10 10 10 10 10 10 10 10 10 10 10 
11 87 39 10 170 10 87 10 87 10 
12 35 35 9 39 35 35 35 35 94 35 35 35 170 720 35 10 35 
13 10 10 35 10 10 10 10 10 35 10 10 10 10 10 
14 10 10 10 10 10 10 10 10 10 261 10 10 10 10 
15 314 9 9 9 9 9 10 9 113 9 35 9 9 11 
16 10 10 10 9 10 108 10 10 10 10 137 77 10 985 
17 10 10 10 10 10 333 10 10 10 10 
18 35 35 35 10 35 35 35 35 35 35 35 35 35 
19 94 35 35 720 35 35 35 35 94 39 35 35 
20 35 35 35 35 69 35 35 35 35 35 35 35 35 
21 10 10 10 10 10 10 10 10 10 10 10 10 10 10 10 10 10 
22 35 35 35 35 35 35 35 35 35 35 11 35 35 35 
23 10 10 10 10 10 29 10 10 10 10 10 10 
24 10 10 10 10 10 10 10 10 10 10 10 10 10 10 10 10 35 
25 10 10 10 10 108 
26 113 35 35 35 35 35 35 35 35 35 592 35 35 35 
27 10 35 35 35 35 35 9 35 35 35 35 35 35 35 160 35 
28 9 35 94 35 35 35 35 35 35 35 820 35 35 
29 10 10 10 10 10 10 35 10 10 10 10 10 10 10 10 
30 380 10 10 10 10 10 10 14 113 10 10 834 
31 10 10 10 10 10 10 10 10 10 10 10 10 10 10 9 10 
32 10 10 10 10 10 10 10 10 10 10 10 10 10 10 
33 35 35 35 35 35 35 35 35 35 35 35 35 35 35 35 
34 35 35 35 35 35 35 10 35 35 35 35 35 35 35 35 35 
35 10 10 10 10 10 10 10 10 10 53 10 10 10 10 35 
36 10 10 10 10 10 232 10 10 10 10 10 10 10 
37 10 10 10 10 10 10 10 10 10 10 10 10 35 10 
38 10 10 10 10 10 10 10 10 10 10 10 10 10 10 9 10 10 10 
39 239 10 35 10 10 170 10 10 10 10 10 249 10 10 
40 35 35 249 35 35 35 35 35 35 35 35 35 35 39 35 35 35 
41 10 10 10 10 10 9 10 10 10 10 10 10 10 10 10 10 10 
42 102 130 102 102 720 102 102 10 102 102 102 102 102 10 102 
43 10 10 10 10 35 10 10 10 10 9 10 10 10 155 10 10 
44 10 10 10 10 10 10 10 10 10 10 10 10 
45 35 35 35 35 167 35 35 170 35 35 35 35 
46 35 35 35 10 35 35 35 35 35 35 35 35 
47 108 35 35 35 35 35 35 35 35 35 35 35 35 35 9 35 35 35 
48 10 10 10 10 10 10 10 10 10 10 10 10 10 10 
49 10 10 10 10 35 10 39 10 10 10 10 108 10 10 10 
50 35 35 35 35 35 35 35 35 112 35 10 35 35 35 35 35 35 
51 10 10 35 10 10 10 112 10 10 10 10 
52 10 10 10 10 10 10 10 10 10 10 10 10 10 10 
53 10 10 10 10 10 35 35 10 232 35 10 10 10 10 
54 10 10 10 10 10 10 10 10 10 10 10 25 10 10 10 
55 10 10 10 10 10 10 11 10 35 10 10 10 10 10 
56 35 35 35 35 35 35 35 35 35 35 35 10 
57 10 10 10 10 10 10 10 10 10 10 94 10 10 10 10 
58 10 10 10 10 239 10 10 113 10 10 10 10 10 10 
59 35 35 35 10 35 35 35 35 35 35 35 35 35 35 35 35 35 35 
60 35 35 35 35 9 35 35 35 35 35 35 35 35 35 35 35 
61 35 35 35 35 35 35 35 882 35 35 10 35 10 
62 239 269 35 35 35 35 720 35 35 35 35 35 10 35 35 39 
63 35 35 35 35 35 35 35 35 35 35 35 35 35 35 
64 10 10 10 10 10 10 112 35 10 10 10 10 10 10 53 10 10 
65 53 10 10 112 10 10 10 10 10 10 10 10 35 
66 35 9 35 35 35 35 35 35 35 35 35 35 35 
67 10 35 10 10 10 10 10 10 10 10 10 10 
68 10 10 10 10 10 10 10 10 10 177 10 10 10 10 10 
69 280 35 35 35 35 35 35 11 35 39 35 35 35 
70 10 10 10 10 10 10 10 10 10 10 10 10 9 10 53 
71 10 10 10 10 10 10 10 10 10 
72 39 10 10 10 10 250 10 10 10 10 10 10 10 10 9 10 35 
73 10 10 35 10 10 10 10 100 10 232 10 10 10 10 
74 35 35 9 35 35 177 35 35 10 720 35 35 35 9 35 
75 35 35 35 87 35 35 35 35 35 35 35 35 35 
76 10 9 10 10 10 10 10 10 10 10 9 10 10 10 10 10 10 
77 35 245 35 35 35 10 35 35 35 35 35 35 35 
78 10 10 10 10 10 10 10 10 10 10 10 11 10 10 10 10 10 
79 10 10 10 10 10 35 10 10 39 
80 35 35 35 35 35 35 35 35 35 35 35 
81 35 10 10 77 10 10 10 10 10 10 10 10 10 10 10 
82 10 10 742 177 10 10 10 10 10 10 10 35 10 10 10 
83 10 10 742 10 10 10 10 10 10 
84 10 10 10 10 69 10 10 10 10 10 10 10 
85 10 10 10 720 10 10 35 10 10 10 10 10 10 10 10 
86 10 10 10 87 10 10 10 10 10 10 10 10 10 10 10 10 
87 10 10 10 10 35 10 10 10 10 10 10 10 10 10 
88 35 35 39 35 35 35 53 35 35 35 180 35 35 
89 35 35 35 35 35 35 35 245 35 35 35 35 35 35 35 
90 9 9 9 108 9 9 9 9 129 9 9 9 9 9 
91 10 10 10 10 10 10 10 10 10 10 10 10 10 10 10 10 
92 314 10 10 10 10 10 204 10 10 10 10 10 39 35 10 
93 10 10 10 10 10 10 10 757 
94 35 35 35 35 35 35 35 35 35 35 35 35 35 35 
95 10 10 10 239 10 10 10 10 10 10 10 323 10 10 10 
96 35 35 35 35 232 35 35 35 35 35 35 35 35 35 35 35 35 
97 9 35 9 9 9 9 139 9 9 9 9 9 9 9 
98 35 35 35 35 35 35 35 35 35 35 35 35 35 35 
99 35 35 280 35 35 35 53 35 127 35 35 35 35 35 35 35 
100 10 9 10 280 10 39 10 35 10 742 53 10 10 35 10 10 
101 10 10 10 10 35 10 10 10 30 10 10 10 108 9 
102 35 35 35 35 35 35 35 
103 10 10 10 10 10 10 10 10 10 10 10 10 10 
104 10 10 10 10 10 10 10 35 10 11 10 10 
105 10 10 10 35 29 10 10 10 10 10 94 10 10 10 10 10 10 
106 216 35 35 35 35 9 35 35 35 35 35 35 
107 35 35 35 10 35 35 35 35 232 10 127 35 35 35 35 
108 10 108 10 10 10 10 10 720 167 10 10 10 10 10 
109 35 35 35 94 35 35 170 35 35 35 35 35 35 35 35 
110 10 341 10 10 10 10 10 10 10 10 10 10 10 10 10 10 
111 10 10 10 10 10 10 10 35 10 10 10 10 10 10 10 9 10 
112 10 10 10 10 10 10 10 10 10 10 10 10 
113 35 35 39 35 35 35 35 35 35 35 245 10 
114 35 35 35 35 35 35 35 35 35 35 35 35 35 10 10 127 
115 35 35 35 35 35 35 35 35 9 35 35 35 35 35 
116 35 35 35 35 35 35 35 35 35 35 35 35 35 742 35 
117 10 10 10 10 10 10 39 10 10 10 10 10 
118 35 35 35 35 35 35 35 35 35 35 35 35 35 10 35 9 
119 10 10 35 10 10 10 9 10 10 10 11 108 
120 69 10 10 10 10 10 10 10 10 35 10 10 10 
121 10 10 10 10 35 10 10 10 10 10 10 10 10 
122 10 10 10 10 160 10 10 10 108 10 
123 35 35 127 35 35 35 35 35 35 35 35 35 35 
124 10 10 10 10 10 10 10 10 10 10 10 10 265 10 
125 35 35 35 9 35 35 35 35 35 35 35 35 35 35 35 35 10 
126 10 9 10 10 10 10 10 10 170 10 10 10 10 10 
127 170 10 10 10 10 261 10 10 10 10 10 10 10 
128 10 10 10 10 10 10 10 10 10 35 10 10 10 10 10 10 35 35 
129 10 10 10 10 10 10 10 10 10 53 10 10 10 10 10 
130 35 35 172 35 35 35 
131 35 35 35 35 35 35 113 35 35 35 35 35 35 35 35 35 35 
132 10 77 10 10 10 333 10 10 10 53 10 10 
133 35 35 35 35 232 35 177 35 35 35 35 35 35 35 
134 10 9 9 10 9 9 9 9 9 9 9 9 
135 10 10 177 10 270 10 10 10 10 10 10 10 10 10 10 10 
136 10 35 10 720 10 10 10 10 204 35 10 160 160 10 
137 10 10 10 10 10 10 10 10 10 10 10 10 10 35 10 
138 53 95 35 35 9 35 35 35 35 35 35 35 35 35 35 35 
139 35 35 35 35 53 280 35 35 380 35 35 35 53 35 
140 10 35 35 35 35 39 35 35 35 35 35 35 35 35 35 
141 10 35 10 10 10 10 10 10 10 10 10 10 10 10 10 
142 10 10 10 10 10 10 10 10 10 10 10 10 9 10 10 10 10 
143 10 10 10 10 10 256 10 10 10 10 10 10 10 
144 39 39 39 10 39 553 39 39 39 39 39 39 39 
145 10 10 10 10 10 9 10 10 10 10 
146 35 35 53 35 35 280 35 35 35 35 35 108 39 35 35 
147 35 35 35 35 35 35 35 35 35 35 35 9 35 820 35 35 35 35 
148 10 10 10 10 10 10 10 10 10 10 10 10 10 35 39 10 10 
149 35 35 35 35 35 35 35 35 35 35 35 
150 10 10 10 10 108 10 10 10 10 10 10 10 10 10 
151 10 77 10 10 239 10 239 10 39 10 10 10 239 
152 35 35 35 35 35 35 35 35 35 35 35 35 35 35 10 
153 10 35 10 10 10 10 10 10 10 10 10 10 10 10 10 
154 10 35 10 10 10 10 10 53 10 10 10 10 39 
155 11 11 11 11 11 11 10 11 11 11 11 834 11 11 
156 35 35 35 35 35 35 10 35 35 35 35 35 127 742 35 35 
157 39 39 10 39 39 39 39 39 39 39 39 9 39 39 
158 10 35 10 10 10 10 10 10 10 35 10 834 
159 9 10 10 177 10 10 10 10 10 10 10 10 10 10 10 10 10 
160 10 10 10 10 10 10 10 14 10 10 10 10 10 10 10 10 10 10 9 
161 53 10 10 10 9 10 10 10 108 10 10 10 
162 39 10 10 10 10 10 10 720 10 10 10 10 10 10 10 10 10 
163 10 10 10 10 10 10 10 10 10 10 10 10 10 10 10 10 10 10 
164 206 10 53 10 10 10 10 10 10 10 10 10 10 170 
165 180 10 10 10 10 10 10 10 35 10 10 102 10 10 10 11 10 
166 10 10 10 10 10 10 10 10 10 10 
167 9 9 9 9 9 9 9 9 9 9 10 261 
168 35 35 35 35 35 35 35 35 35 35 35 35 35 35 35 35 
169 95 10 117 10 10 10 10 10 35 10 10 10 10 10 10 10 
170 35 35 35 35 35 35 35 35 35 35 
171 10 10 10 10 10 10 10 10 10 10 10 10 130 10 
172 10 10 10 10 10 10 10 10 10 10 10 10 10 10 10 10 10 10 
173 10 44 10 10 10 10 10 10 10 412 10 10 10 35 10 10 
174 10 10 10 10 10 10 10 10 10 280 10 
175 10 10 10 10 35 10 10 10 10 10 10 10 9 10 10 10 
176 35 10 10 10 10 10 10 10 10 10 10 10 10 102 
177 10 10 177 10 10 10 10 10 10 10 10 261 
178 39 39 39 39 39 53 39 39 39 39 232 39 39 39 10 39 720 
179 35 35 35 35 742 35 35 35 742 35 35 35 35 35 35 69 35 35 
180 35 10 35 10 10 10 10 35 10 10 10 10 10 10 10 39 10 10 10 
181 10 10 10 94 10 10 94 10 10 10 10 10 10 10 10 10 35 
182 10 10 10 10 10 10 10 10 10 10 10 10 10 10 10 10 10 10 127 
183 10 10 10 10 10 10 10 10 10 10 10 10 10 
184 10 10 10 10 10 10 10 10 10 10 10 35 10 10 10 10 10 
185 10 10 10 10 10 10 10 10 10 180 10 
186 10 10 10 10 10 10 10 10 10 10 10 10 10 10 486 
187 10 10 35 10 10 10 10 10 10 10 10 10 10 10 10 
188 35 35 35 35 35 35 35 35 35 35 35 35 35 35 35 53 
189 35 35 35 35 35 35 35 35 35 1125 35 35 35 
190 35 10 10 10 10 10 10 35 10 10 10 10 10 
191 10 10 10 239 10 10 10 10 35 10 10 232 10 10 10 9 10 10 10 
192 10 9 10 10 10 10 10 10 10 10 10 10 10 10 10 10 
193 35 35 35 35 35 127 35 9 35 35 35 35 35 35 
194 102 474 39 39 39 512 39 39 39 39 94 39 39 39 
195 35 35 35 35 39 35 720 35 35 720 35 35 35 
196 35 35 35 35 35 35 35 35 35 35 35 77 35 35 35 
197 10 10 10 10 10 10 10 10 10 10 10 10 10 10 10 
198 10 10 10 10 10 10 10 10 10 10 10 77 35 
199 35 127 10 10 10 10 10 10 10 10 10 10 10 10 
200 10 10 10 10 10 10 10 10 10 10 10 10 10 10 10 10 130 
201 35 53 35 35 35 95 35 35 207 35 35 
202 10 10 269 10 10 10 10 10 10 10 10 10 10 10 10 
203 10 10 10 10 10 87 10 10 10 333 10 10 10 10 10 10 
204 10 10 10 10 10 10 10 10 10 10 10 261 10 77 10 10 
205 10 10 35 10 10 10 10 10 10 9 35 10 10 137 
206 10 10 10 10 10 10 10 10 44 10 10 10 10 10 10 10 
207 35 35 35 35 35 35 35 35 35 35 35 35 35 
208 10 10 10 10 10 10 10 10 10 10 10 10 10 10 10 10 
209 53 53 53 53 53 170 53 53 53 238 53 39 53 53 
210 10 10 10 10 10 10 10 10 10 10 
211 35 35 35 35 35 35 35 35 35 35 35 35 35 35 
212 35 35 35 35 35 35 35 35 35 35 35 35 35 10 35 35 
213 35 170 35 35 35 35 35 35 35 10 35 35 35 35 35 35 170 
214 9 118 10 35 35 35 35 35 35 94 35 35 10 35 35 35 
215 10 10 239 10 108 35 10 10 10 10 10 10 10 10 10 10 
216 10 10 35 10 117 35 10 10 239 10 10 10 10 10 
217 10 10 10 10 10 10 10 10 10 10 10 10 177 11 10 10 10 
218 35 35 35 35 35 35 170 108 
219 10 10 10 10 10 10 10 10 10 10 10 10 10 
220 10 10 10 10 10 10 10 10 10 35 170 10 10 10 10 10 
221 39 108 767 10 9 10 232 10 10 10 10 10 10 170 
222 10 10 10 239 10 10 10 10 10 10 10 53 10 10 35 10 
223 10 10 10 10 10 10 10 10 10 10 10 10 39 10 10 10 
224 39 39 39 39 39 39 39 39 39 39 39 39 39 10 39 39 
225 180 35 35 35 35 35 35 35 35 35 35 108 35 10 35 
226 53 53 53 53 53 53 53 53 35 53 53 53 
227 35 10 35 35 35 35 35 35 39 35 10 
228 239 10 10 10 10 10 10 10 10 10 10 10 10 10 10 10 10 10 
229 35 35 35 35 35 720 35 35 35 35 35 108 35 
230 35 35 35 35 35 35 35 35 35 35 35 35 35 
231 35 333 35 35 35 592 35 35 35 11 35 35 10 35 35 35 35 35 25 
232 10 742 239 10 10 10 10 39 10 10 10 10 10 720 170 
233 10 10 53 39 10 10 10 33 10 10 10 10 177 10 10 10 
234 10 10 10 10 10 10 10 108 10 10 10 10 10 10 10 10 35 
235 10 95 10 10 10 10 10 10 10 10 10 10 35 10 10 
236 35 35 35 35 35 35 35 35 35 35 35 35 35 35 
237 10 10 10 10 10 35 10 10 35 10 10 10 10 
238 35 35 35 35 35 35 35 35 35 35 35 35 35 35 
239 10 10 10 10 10 10 270 14 10 77 10 86 10 10 
240 10 10 10 39 35 10 10 10 87 127 10 10 10 
241 10 10 10 10 10 10 170 10 
242 10 10 10 10 10 10 10 10 10 10 10 39 10 10 10 
243 10 10 10 180 10 10 10 35 10 10 305 10 
244 10 35 35 35 35 35 35 35 
245 10 10 10 10 10 10 474 10 10 10 10 10 108 261 834 10 10 
246 10 10 10 10 35 10 10 10 10 10 600 10 10 
247 10 10 10 10 10 10 10 10 10 10 
248 10 10 10 10 10 10 10 10 10 742 10 10 10 10 108 10 
249 10 10 9 14 10 10 10 10 108 39 10 10 10 10 10 10 371 
250 239 53 10 53 9 53 53 170 53 53 53 53 720 
251 102 10 10 35 9 10 35 10 10 10 10 10 10 10 10 
252 35 35 35 35 35 35 94 35 35 35 35 35 35 35 
253 10 261 10 10 10 10 10 10 10 14 10 10 35 10 10 10 10 
254 170 35 35 35 35 35 35 35 
255 10 10 10 10 10 10 180 10 10 10 10 10 10 10 10 
256 102 10 10 94 10 10 10 10 10 10 10 10 10 10 
257 10 53 10 232 10 10 10 10 10 10 10 10 10 35 77 
258 10 10 10 10 10 9 10 10 10 10 35 10 
259 10 10 10 10 35 10 10 10 10 10 10 10 10 39 
260 10 10 10 10 10 10 10 10 10 261 10 9 10 
261 10 10 10 10 10 10 10 10 10 10 9 10 10 35 10 10 
262 35 35 35 35 35 35 35 35 35 35 35 35 326 35 35 
263 10 10 10 10 10 10 10 108 14 10 10 10 
264 10 10 10 10 10 10 10 10 10 10 10 10 
265 10 10 10 10 10 245 10 10 10 10 10 
266 35 35 35 35 35 35 35 35 35 35 35 35 35 35 35 10 35 35 
267 10 10 10 108 10 10 10 10 10 10 10 10 10 10 10 10 
268 9 10 10 10 10 10 204 10 10 10 326 10 10 77 
269 10 10 10 10 10 10 10 10 10 10 10 10 10 10 10 10 10 10 
270 170 10 10 10 10 10 10 10 10 10 35 10 10 10 10 113 341 
271 35 53 10 108 10 10 10 10 10 10 10 10 10 10 10 10 
272 10 10 10 10 10 10 10 10 10 10 10 10 10 10 
273 35 35 35 10 9 35 10 35 35 35 35 53 35 35 35 35 108 
274 10 10 10 10 10 10 10 10 10 10 10 10 
275 10 10 10 10 10 10 10 10 10 10 10 10 
276 10 10 10 10 10 10 10 10 10 10 10 10 10 10 10 10 
277 10 10 10 10 10 53 10 10 10 10 10 10 10 10 
278 10 10 10 10 10 10 10 10 10 10 10 10 10 
279 35 35 35 35 35 35 35 35 160 35 35 35 35 35 35 35 
280 35 35 35 35 35 35 35 35 11 
281 35 35 35 35 35 35 35 35 35 10 35 35 35 10 35 
282 35 35 35 35 35 35 35 35 35 35 35 35 35 35 35 
283 35 35 35 35 35 35 35 720 10 35 35 35 35 35 35 35 35 35 
284 10 10 10 10 35 10 10 10 35 10 10 
285 53 744 10 53 10 53 53 53 53 39 10 53 53 53 211 53 11 
286 10 35 10 10 10 10 10 10 10 10 10 10 
287 10 127 35 10 10 10 10 40 10 10 10 10 
288 10 35 35 10 35 35 35 35 35 35 53 10 35 138 35 380 
289 35 35 35 35 108 35 35 35 53 35 35 35 35 35 35 35 
290 10 10 10 10 10 10 10 10 35 77 39 10 10 10 
291 35 35 35 35 35 35 35 108 35 35 35 35 35 10 35 35 35 35 
292 10 10 10 10 108 305 10 10 10 10 10 10 10 
293 35 35 35 232 35 35 10 35 35 35 170 35 
294 10 10 10 10 10 10 10 10 10 10 10 10 10 10 
295 35 35 35 35 35 35 35 35 35 35 35 35 35 
296 35 35 35 35 35 35 35 35 35 35 35 35 35 35 
297 10 10 10 10 10 10 10 10 10 10 10 10 10 35 10 
298 35 35 35 154 35 35 39 160 35 160 39 35 35 35 
299 35 35 35 35 35 35 35 35 35 35 35 35 35 35 
300 10 94 108 94 94 94 94 94 94 94 
301 10 10 10 10 10 10 113 10 10 35 10 10 10 10 10 
302 10 10 10 10 10 35 10 35 10 10 10 10 
303 10 10 35 10 10 10 10 204 10 10 10 10 10 10 10 10 
304 10 10 10 10 35 10 10 35 10 10 10 10 10 10 10 10 
305 77 10 10 10 35 10 108 341 10 10 10 10 10 10 
306 35 23 35 35 35 139 35 35 35 35 
307 10 10 10 10 10 10 10 69 10 716 10 10 10 10 10 
308 35 138 35 35 35 35 35 35 35 35 35 35 9 35 877 35 35 273 
309 834 53 53 53 53 53 53 53 53 53 53 53 53 53 53 
310 35 35 35 261 35 35 35 35 35 35 10 10 35 35 9 
311 10 10 10 10 10 10 10 39 10 10 10 10 69 10 
312 10 10 35 10 10 10 10 
313 35 35 35 35 35 35 35 35 35 35 35 35 35 
314 10 10 10 10 10 10 10 10 10 10 10 10 10 10 10 10 10 
315 10 10 10 10 10 9 170 113 10 
316 35 35 35 35 35 35 35 35 35 35 
317 10 10 53 10 10 10 10 10 10 10 239 10 10 10 10 69 10 
318 35 35 35 35 35 35 10 35 35 35 
319 35 35 35 35 35 35 35 35 35 35 35 35 35 35 35 35 35 
320 10 10 10 10 10 10 10 10 10 10 10 10 
321 10 10 10 10 10 10 10 10 10 10 10 10 10 10 77 10 10 
322 35 35 35 35 35 
323 10 10 10 10 10 10 10 10 10 10 10 10 10 10 10 
324 10 10 10 10 10 10 10 10 10 129 10 10 9 10 
325 39 10 10 10 10 10 10 10 10 10 35 10 10 
326 10 10 10 10 177 10 239 10 10 9 10 
327 10 10 10 10 10 10 10 10 10 35 53 10 10 10 10 10 
328 170 170 170 170 170 323 
329 10 10 10 35 10 10 10 10 10 10 10 167 10 10 10 10 
330 10 10 10 10 10 10 10 10 177 10 10 108 94 
331 35 9 35 35 35 35 35 35 35 35 35 10 35 35 39 
332 35 35 35 35 9 35 35 35 35 35 35 35 
333 53 53 53 53 53 113 53 53 
334 35 35 35 35 35 10 35 35 35 35 35 35 35 
335 10 280 10 834 10 10 10 10 10 10 10 10 10 10 10 10 10 
336 720 10 10 10 10 10 10 10 35 10 
337 35 35 35 35 35 35 35 35 35 35 35 35 
338 10 10 10 10 108 10 10 10 35 10 10 10 10 
339 10 10 10 10 10 10 10 10 280 10 10 10 10 39 10 10 10 
340 10 10 10 10 10 10 10 10 10 10 35 10 10 10 10 10 10 
341 10 10 10 53 10 10 10 10 10 10 39 35 10 10 10 
342 10 10 10 10 35 10 10 10 10 10 35 10 
343 35 10 35 35 9 35 102 35 35 35 35 35 35 35 35 
344 35 108 35 10 35 34 35 35 35 35 170 35 35 35 
345 35 35 35 35 35 35 35 35 35 9 326 35 35 35 10 
346 10 10 10 10 10 9 10 10 10 10 11 10 10 35 10 
347 170 10 10 10 170 10 10 9 10 10 10 10 10 
348 10 10 10 10 10 10 10 10 10 
349 10 10 10 113 77 10 10 53 10 10 10 10 10 10 10 9 10 
350 10 10 10 10 10 742 10 35 
351 10 10 10 10 10 10 10 10 10 10 720 10 10 10 10 10 10 
352 10 10 35 10 10 10 10 10 10 10 10 10 10 10 10 
353 35 35 35 35 35 35 35 35 35 10 35 35 35 35 35 
354 35 35 35 35 35 35 35 35 35 35 170 35 35 35 35 35 
355 35 35 35 108 39 35 170 35 35 39 35 35 
356 10 10 10 10 10 108 10 10 10 177 10 10 10 10 
357 10 10 108 10 10 10 10 10 10 10 10 77 10 10 10 9 
358 232 10 10 10 10 10 10 10 10 10 10 11 10 10 10 9 
359 10 10 10 10 10 10 10 10 10 10 10 10 10 10 10 10 
360 35 35 10 108 35 35 35 35 35 35 35 35 35 35 35 
361 77 35 35 35 261 35 35 35 35 35 10 35 35 35 
362 10 10 69 10 10 603 10 10 10 10 10 10 113 39 
363 35 35 9 35 35 618 35 9 35 170 35 35 177 35 35 35 35 
364 10 10 10 10 10 10 10 35 10 10 10 10 10 10 10 10 10 
365 10 10 10 628 10 10 10 239 10 10 10 10 10 10 35 10 
366 35 35 10 108 35 35 35 35 35 35 35 35 35 35 35 
367 35 35 9 11 35 35 35 35 35 35 35 35 35 35 
368 10 10 10 10 10 10 10 35 10 10 10 10 10 10 10 108 10 
369 35 35 35 35 35 35 35 35 10 35 35 35 35 35 35 35 35 35 
370 35 35 35 35 35 35 35 35 35 35 35 35 35 35 35 35 35 10 
371 35 10 10 10 10 10 10 10 108 10 10 10 10 10 10 
372 35 35 35 35 35 35 35 35 10 35 35 35 35 35 35 35 10 
373 10 10 10 11 10 9 10 10 10 108 10 10 10 
374 35 765 35 35 35 35 35 35 35 35 35 108 
375 39 39 39 53 39 10 39 39 39 39 39 9 39 39 39 39 
376 10 95 10 10 10 9 35 9 10 10 10 10 10 
377 10 10 10 10 10 10 232 10 10 239 10 10 742 39 10 10 10 
378 742 10 10 10 10 10 10 10 10 10 10 10 10 10 10 
379 10 10 10 10 10 10 239 10 35 10 10 10 10 
380 35 35 35 35 35 10 35 35 35 35 35 35 35 35 
381 10 10 10 10 10 10 10 10 10 10 10 10 170 10 35 
382 10 10 10 10 9 10 10 10 10 10 10 10 10 10 
383 35 35 35 35 35 35 35 35 11 35 35 10 35 35 35 35 
384 35 35 11 35 35 35 35 35 35 35 35 35 35 
385 10 10 10 10 10 10 10 10 10 10 10 10 10 10 10 10 
386 35 35 35 35 35 35 35 35 180 35 35 35 35 35 35 35 35 
387 10 127 10 10 10 10 10 10 170 232 10 232 94 10 10 
388 10 10 10 10 127 10 10 10 10 10 10 10 10 10 
389 10 10 10 10 35 10 10 10 10 10 10 10 10 10 
390 35 35 35 35 35 35 35 35 207 35 35 35 35 35 35 35 77 35 
391 35 35 35 35 35 35 35 35 35 35 53 35 35 35 
392 35 35 35 35 35 9 35 35 35 35 35 35 35 35 35 108 
393 35 35 35 35 10 35 35 35 35 35 35 35 35 35 35 35 
394 35 35 35 35 35 35 35 35 35 35 
395 35 9 87 53 35 10 35 35 35 35 35 720 35 35 35 53 35 35 742 
396 10 10 10 10 10 10 10 10 10 10 35 10 10 206 
397 10 10 10 35 610 10 10 10 720 10 10 10 10 10 10 10 10 10 10 
398 53 393 10 10 10 10 10 10 39 10 10 35 170 10 10 
399 180 10 10 35 10 10 10 10 10 412 10 9 10 10 10 
400 1125 35 10 35 35 35 35 35 35 9 35 170 35 10 35 35 35 35 35 
401 10 10 742 9 10 10 10 10 10 35 53 10 10 10 10 10 10 10 
402 10 10 10 10 10 35 10 10 10 10 10 10 10 
403 35 11 35 35 35 35 35 35 35 35 35 35 
404 10 10 10 10 10 10 10 10 10 10 10 170 10 
405 10 53 10 10 10 10 35 10 10 600 10 10 35 77 10 
406 10 10 10 10 9 10 10 10 10 10 10 10 
407 10 11 10 10 10 10 10 10 10 10 10 10 10 10 10 10 10 
408 10 10 10 10 39 10 10 35 10 94 53 35 10 10 10 108 10 10 
409 10 10 10 35 10 10 10 10 10 10 10 10 10 
410 113 10 10 10 10 87 10 10 35 170 10 10 10 10 742 10 
411 35 35 35 35 35 35 35 35 35 35 11 35 113 10 35 
412 10 180 108 10 10 35 10 10 10 10 10 10 10 
413 10 10 10 10 10 53 10 10 10 10 10 10 10 10 10 
414 53 10 10 10 35 10 35 10 10 10 10 39 10 11 10 10 10 10 
415 10 10 10 10 10 10 10 10 10 10 10 10 10 10 10 
416 10 10 10 10 10 9 834 10 35 10 10 10 10 
417 10 10 10 10 10 10 10 10 35 10 10 10 10 10 10 
418 10 10 35 10 10 10 10 10 39 39 10 10 10 10 10 10 10 10 10 
419 10 10 10 10 10 35 10 10 10 
420 10 10 10 10 239 10 10 10 10 10 35 10 10 
421 39 39 9 39 39 10 39 39 39 39 39 39 35 39 39 
422 10 10 10 10 10 10 10 35 10 10 35 10 10 
423 10 10 39 10 603 231 10 10 249 9 10 10 10 10 10 10 10 53 
424 10 10 10 10 10 10 10 10 10 10 39 10 10 10 10 10 10 
425 35 35 35 35 10 35 35 35 35 35 35 35 
426 170 170 35 170 170 170 10 170 170 170 170 170 
427 10 108 10 10 10 10 10 10 239 10 10 
428 10 10 77 10 10 10 10 10 10 10 10 10 10 10 
429 10 10 10 850 10 10 35 10 10 
430 10 10 10 53 10 10 35 10 10 10 10 10 10 10 10 10 10 155 10 10 
431 35 720 77 77 77 77 10 77 77 
432 35 35 35 35 35 35 720 35 35 35 35 35 35 35 35 
433 10 10 35 170 10 10 10 10 10 87 10 10 
434 10 10 10 10 10 10 10 10 30 10 232 10 10 10 10 10 10 10 
435 10 10 10 10 720 11 10 10 10 10 10 180 
436 10 261 10 10 10 10 10 818 10 10 10 10 11 10 10 
437 170 170 170 10 170 170 170 170 170 170 834 
438 10 10 10 10 10 10 10 10 10 10 10 10 10 35 
439 10 10 10 53 10 10 10 10 10 10 10 10 10 10 10 
440 393 10 10 10 742 10 10 10 10 10 
441 35 35 35 35 35 35 35 35 35 35 35 35 35 
442 10 10 118 10 10 10 10 10 10 10 10 10 10 10 177 10 10 
