0 10 10 10 304 35 108 980 10 10 10 10 10 
1 10 10 10 242 10 10 9 10 10 678 10 299 10 10 10 10 232 10 
2 10 10 35 10 242 10 10 10 10 10 242 10 496 
3 35 10 35 14 10 35 10 14 10 10 10 238 10 10 
4 10 10 10 10 10 10 10 678 11 10 242 10 10 496 10 
5 168 53 10 10 10 10 10 10 1217 99 10 187 744 10 35 10 160 
6 10 10 645 238 10 231 10 1240 1094 10 160 10 10 35 10 160 
7 10 10 10 232 10 10 10 242 10 
8 10 160 10 898 10 10 10 10 160 10 10 10 10 10 1281 10 76 
9 10 232 10 10 10 10 10 10 10 10 99 10 238 841 10 108 10 10 10 454 
10 10 10 10 10 10 10 242 10 10 10 160 10 
11 91 39 14 820 10 91 10 91 10 
12 35 10 9 39 35 242 10 10 94 10 187 10 170 982 242 10 10 
13 232 10 35 10 10 242 10 10 35 10 10 10 10 147 
14 10 10 242 10 10 238 10 10 10 261 10 10 1281 10 
15 314 10 10 10 9 10 10 10 114 10 35 10 10 1240 
16 10 841 10 9 10 108 1094 10 10 724 137 77 67 985 
17 10 10 160 10 10 333 10 10 1217 10 
18 242 10 10 14 841 232 242 10 67 10 108 10 242 
19 717 10 238 720 10 35 34 238 94 39 10 10 
20 10 10 35 35 69 238 35 841 10 10 10 10 10 
21 10 988 10 10 10 10 10 10 10 10 10 10 841 819 10 10 10 
22 10 10 242 10 232 10 678 10 232 10 11 10 249 10 
23 10 160 160 10 10 157 10 108 238 10 10 160 
24 678 10 160 10 10 242 10 678 10 10 10 10 10 212 10 10 35 
25 10 10 10 10 108 
26 113 10 10 10 678 242 10 10 232 34 592 10 34 160 
27 10 160 10 10 35 10 9 238 10 10 10 35 10 10 160 10 
28 9 10 94 678 10 10 76 10 232 35 820 160 35 
29 10 10 10 10 10 10 35 10 10 841 187 10 10 10 10 
30 380 10 10 187 10 422 10 14 113 232 10 834 
31 10 10 10 10 10 10 10 10 10 10 10 10 187 10 9 10 
32 10 10 10 10 10 10 10 10 10 10 10 238 10 10 
33 10 10 35 35 10 35 10 10 841 35 10 10 10 232 10 
34 10 10 10 35 1240 238 10 10 380 10 10 35 347 10 160 10 
35 10 10 10 10 10 841 10 108 238 53 10 678 10 10 35 
36 232 10 232 678 10 232 347 10 10 242 10 10 10 
37 10 10 10 10 10 10 10 130 678 10 1294 10 766 238 
38 10 10 10 10 10 10 10 10 10 10 10 10 10 10 9 10 10 45 
39 239 238 35 10 10 170 10 10 242 130 10 249 232 10 
40 10 10 249 238 10 238 10 678 10 841 10 10 35 39 10 10 10 
41 10 10 108 238 10 9 10 10 10 10 160 10 10 232 10 232 10 
42 35 130 108 10 720 10 841 108 10 35 10 10 112 10 160 
43 678 108 10 10 1025 10 10 10 108 9 10 10 10 155 10 10 
44 10 678 10 10 10 10 10 10 10 108 10 160 
45 35 35 238 35 1110 10 35 170 10 10 10 10 
46 35 238 35 10 10 10 108 10 10 678 238 10 
47 108 10 10 10 10 10 35 238 10 10 10 10 232 10 9 10 242 232 
48 10 10 160 10 10 10 10 744 10 187 10 10 10 76 
49 10 10 242 10 35 10 39 10 242 10 10 108 10 10 10 
50 10 108 10 10 678 10 10 10 114 10 10 333 10 10 10 10 35 
51 10 238 35 10 10 242 112 10 10 10 10 
52 10 10 130 678 10 10 212 10 10 242 10 10 242 10 
53 232 10 232 10 10 35 35 10 232 35 10 232 10 10 
54 10 10 1217 10 10 10 10 10 678 10 10 224 10 10 10 
55 10 10 1224 10 10 10 11 10 35 10 238 10 10 10 
56 10 10 238 10 10 35 10 35 35 112 160 10 
57 10 10 10 10 10 1281 238 10 232 10 94 108 10 10 108 
58 187 10 10 10 239 10 10 1032 160 10 10 10 10 10 
59 10 10 277 10 898 10 10 678 238 10 99 10 10 35 10 10 187 10 
60 10 35 10 10 9 10 10 10 10 242 10 10 10 10 10 10 
61 10 592 10 232 76 10 10 1259 10 10 10 10 10 
62 239 269 35 76 10 242 720 10 242 10 10 10 10 10 10 39 
63 10 10 232 10 10 10 238 10 10 333 10 10 10 10 
64 10 10 10 10 1217 10 114 99 10 10 10 980 10 10 53 10 10 
65 53 10 10 112 10 10 10 10 10 1240 10 10 35 
66 10 9 10 10 10 160 10 35 10 232 10 10 242 
67 10 35 10 10 10 10 10 10 10 10 678 232 
68 10 10 10 10 678 10 238 10 10 177 10 10 10 160 242 
69 280 35 242 422 10 108 10 11 10 39 10 10 160 
70 10 10 10 242 10 10 242 10 10 10 10 10 9 10 53 
71 10 10 10 10 10 10 10 242 10 
72 39 10 10 242 108 724 10 10 10 10 10 10 10 10 9 10 35 
73 10 10 538 10 10 10 10 100 242 232 10 10 10 10 
74 10 10 9 35 10 177 10 10 10 720 238 10 249 9 10 
75 35 35 10 87 10 10 10 35 10 232 10 10 10 
76 10 9 841 10 678 10 10 232 10 10 9 10 10 10 10 10 242 
77 108 187 112 238 10 10 108 10 232 10 10 232 232 
78 10 108 238 10 10 10 841 1094 242 242 10 1095 10 10 160 10 76 
79 678 10 108 678 10 35 10 10 39 
80 10 10 10 35 10 10 10 10 10 10 10 
81 1294 10 10 77 10 10 841 10 10 108 10 160 10 10 496 
82 10 10 742 177 10 422 10 412 10 10 10 35 10 10 10 
83 10 10 742 10 10 10 10 10 76 
84 10 10 10 10 69 1094 10 10 678 10 10 242 
85 10 10 10 720 10 10 35 108 10 160 10 10 10 10 10 
86 10 10 10 87 10 10 10 10 108 10 10 841 10 10 10 1094 
87 10 10 10 678 35 10 10 10 678 10 10 10 10 10 
88 10 10 39 1094 35 10 323 10 10 10 1006 35 160 
89 277 242 10 35 10 10 238 522 35 10 10 841 10 242 10 
90 10 10 35 108 9 10 10 10 129 9 10 10 10 10 
91 10 678 10 10 10 10 10 10 10 10 160 10 10 10 10 10 
92 314 10 76 10 10 10 204 242 10 10 10 160 39 35 10 
93 10 10 10 10 10 10 10 757 
94 10 10 10 10 10 10 10 10 10 277 10 238 10 35 
95 10 10 242 239 10 242 10 10 10 10 10 323 10 10 980 
96 496 10 10 10 232 35 10 347 10 35 10 10 10 10 10 160 10 
97 10 35 10 10 242 10 139 10 35 35 9 187 10 10 
98 10 10 242 35 108 10 10 232 10 160 10 10 187 35 
99 10 10 438 10 10 10 53 10 626 10 10 10 35 10 10 10 
100 10 9 10 280 10 39 10 35 10 742 53 10 10 168 114 10 
101 10 10 242 10 35 10 238 10 238 10 10 10 108 9 
102 10 35 10 242 10 10 10 
103 10 10 10 10 10 10 10 238 10 10 10 10 10 
104 160 10 10 108 10 10 10 35 10 11 10 10 
105 10 10 10 841 29 10 10 10 10 10 94 10 10 10 10 34 238 
106 202 242 10 35 10 9 10 35 10 238 10 10 
107 35 10 10 10 10 242 10 35 232 10 626 10 10 35 10 
108 10 108 10 10 10 10 10 720 167 238 10 10 10 10 
109 10 10 232 94 10 455 170 35 10 10 10 238 10 10 10 
110 232 341 10 10 10 10 10 10 10 10 10 724 10 10 10 1094 
111 10 10 10 187 10 10 10 99 10 10 10 380 10 841 10 9 34 
112 10 10 841 10 10 1217 10 10 232 10 10 10 
113 10 10 724 10 10 10 10 35 10 10 522 10 
114 10 242 10 35 238 232 10 35 10 10 10 10 187 10 10 127 
115 35 10 35 238 238 242 10 10 9 212 10 10 10 678 
116 35 35 10 10 10 10 242 10 238 10 841 10 724 742 10 
117 10 242 10 10 10 10 39 10 10 10 10 242 
118 10 10 10 35 108 10 10 10 10 232 10 10 10 10 10 474 
119 10 10 35 10 453 242 9 10 10 10 11 108 
120 242 10 10 242 678 238 10 10 10 35 10 10 10 
121 10 10 242 678 35 841 108 10 10 10 10 10 10 
122 10 232 1063 10 160 1217 10 160 108 10 
123 10 10 127 238 242 35 10 10 841 10 187 10 10 
124 10 10 10 10 10 238 841 10 34 841 10 45 265 10 
125 35 35 678 9 678 10 10 10 238 10 10 242 10 10 160 10 10 
126 10 9 10 10 10 988 10 678 1171 10 10 10 10 10 
127 170 10 10 453 10 261 10 10 10 10 422 10 76 
128 10 10 10 10 10 10 10 10 10 35 10 10 10 10 10 10 35 35 
129 10 10 10 242 10 10 10 10 10 53 841 744 10 10 10 
130 10 10 172 10 10 35 
131 187 108 10 35 678 10 211 10 10 35 10 10 10 10 10 678 10 
132 10 77 238 10 10 333 10 10 10 53 160 10 
133 10 10 10 238 232 10 498 10 238 10 108 10 10 35 
134 10 10 10 10 9 10 10 10 9 232 187 10 
135 10 108 323 10 501 10 10 10 10 242 242 10 10 10 10 10 
136 160 35 10 720 10 10 160 238 204 35 10 160 160 160 
137 10 10 187 422 380 10 678 1217 10 10 744 10 10 35 238 
138 53 95 10 232 9 160 10 495 10 10 35 10 10 238 10 35 
139 108 10 35 10 53 14 10 10 380 232 238 10 53 10 
140 10 239 10 10 10 39 10 238 108 187 35 10 10 160 35 
141 10 35 10 10 10 10 242 10 10 238 10 10 10 10 841 
142 10 10 10 10 10 10 10 10 10 10 678 238 9 242 10 10 160 
143 10 10 10 242 10 256 10 242 10 10 10 10 238 
144 10 10 35 10 35 1045 10 10 10 10 10 1259 10 
145 10 10 10 10 10 9 10 1171 10 76 
146 10 10 238 10 10 280 35 35 10 10 10 108 39 10 10 
147 10 242 10 10 10 10 10 10 10 10 10 9 10 820 35 10 10 10 
148 10 10 10 10 10 242 841 10 34 10 10 10 10 35 39 10 10 
149 10 76 10 238 10 10 35 678 10 985 10 
150 10 160 10 10 108 10 10 10 10 10 10 10 10 10 
151 10 380 10 10 239 10 239 108 39 10 10 10 239 
152 35 10 592 10 10 232 10 10 35 10 10 1224 10 34 10 
153 10 35 187 10 10 10 10 10 108 10 10 10 10 108 10 
154 10 35 232 10 10 1281 10 907 10 10 10 744 39 
155 678 10 10 10 108 678 160 10 10 10 35 834 10 112 
156 10 108 35 519 10 10 10 76 10 10 242 10 127 742 10 35 
157 10 10 10 35 10 10 10 10 39 160 10 422 53 53 
158 10 567 10 10 988 1171 10 10 10 35 10 834 
159 9 10 10 177 678 10 10 238 10 242 277 10 10 10 10 10 10 
160 10 10 10 10 238 10 242 14 10 232 10 10 10 10 10 10 10 232 9 
161 53 10 10 10 743 238 10 108 108 160 10 108 
162 571 10 1094 1217 10 10 242 720 238 10 10 108 10 10 10 10 10 
163 10 10 242 10 10 10 10 519 10 10 10 10 10 242 10 10 10 10 
164 580 10 53 10 10 10 10 10 10 10 10 10 10 170 
165 998 10 10 10 108 347 10 10 35 10 1281 102 238 14 980 1110 10 
166 10 10 10 10 10 242 242 108 10 10 
167 10 10 10 985 10 10 10 9 10 678 10 261 
168 10 35 108 10 10 35 10 35 10 10 10 10 10 10 35 10 
169 95 10 117 10 242 10 10 744 35 10 10 10 160 10 232 10 
170 10 10 242 10 10 238 10 242 35 10 
171 10 10 10 277 10 678 10 10 10 10 10 10 130 10 
172 10 10 10 10 10 678 242 238 10 10 10 10 10 242 108 10 1217 10 
173 10 44 988 10 10 10 10 10 10 412 841 10 10 35 160 10 
174 10 10 10 232 10 10 10 10 10 280 76 
175 10 10 10 10 1281 10 10 10 10 242 10 108 9 10 10 160 
176 35 187 10 10 10 10 10 744 10 10 10 10 10 102 
177 10 10 177 10 10 10 10 10 10 10 10 261 
178 10 10 10 10 10 53 720 335 10 10 232 10 380 10 10 10 108 
179 242 10 108 10 250 10 10 10 742 455 10 160 10 10 10 137 10 10 
180 35 10 35 10 10 76 10 35 10 10 10 10 10 242 10 39 242 76 10 
181 10 10 10 94 10 10 884 10 10 10 10 10 238 45 10 10 35 
182 10 10 242 10 10 10 10 76 10 10 10 10 10 10 10 10 10 108 127 
183 10 10 10 10 76 10 10 10 10 10 10 10 10 
184 10 10 10 10 10 10 10 10 10 10 10 35 10 10 10 10 10 
185 10 10 10 10 242 10 108 10 10 1006 10 
186 10 10 108 10 242 10 34 242 10 678 10 10 10 238 592 
187 10 10 35 10 10 10 10 232 10 10 10 10 10 10 10 
188 854 35 10 10 10 1224 10 10 841 108 35 10 10 114 10 53 
189 10 10 10 10 35 35 232 238 10 850 10 35 10 
190 35 678 988 10 242 10 10 35 10 10 10 10 10 
191 10 10 232 239 10 10 10 10 35 10 10 232 841 10 10 9 10 232 10 
192 232 743 10 10 10 10 10 10 841 10 160 10 10 114 1171 10 
193 10 232 10 10 76 626 10 9 523 841 10 35 10 10 
194 102 850 10 10 724 108 10 35 10 10 70 39 10 10 
195 10 10 10 10 134 10 720 10 678 1294 238 10 35 
196 10 10 10 10 10 10 10 10 10 10 10 0 10 35 10 
197 10 10 10 10 10 10 10 841 232 45 10 10 1171 10 10 
198 10 10 10 10 10 10 10 10 10 10 10 77 35 
199 168 694 242 10 10 10 10 10 724 242 10 10 10 160 
200 10 10 1224 10 242 10 10 10 10 10 841 10 10 10 10 10 130 
201 10 53 35 242 242 95 10 10 341 10 10 
202 10 10 269 10 10 10 678 10 10 10 10 10 10 10 242 
203 10 10 10 10 10 87 10 10 10 333 10 10 10 10 10 10 
204 10 10 10 10 10 10 10 108 10 160 10 261 10 77 10 10 
205 10 10 35 10 10 678 232 10 678 9 35 10 10 316 
206 10 10 10 10 242 10 678 10 44 10 10 841 10 10 10 10 
207 108 10 10 277 10 10 35 678 10 238 10 10 10 
208 10 10 10 10 841 10 10 10 10 678 841 10 10 10 10 160 
209 10 10 238 10 10 170 10 10 187 238 10 39 10 10 
210 841 10 10 10 10 10 10 238 242 10 
211 10 678 160 10 10 10 10 232 108 35 10 10 10 10 
212 35 850 10 10 10 678 10 10 10 744 35 238 10 10 10 10 
213 35 170 10 10 10 35 678 10 10 10 10 10 10 10 10 10 170 
214 9 484 10 10 238 10 10 35 10 1140 10 10 10 10 160 232 
215 347 187 239 10 108 35 678 10 841 10 10 10 10 10 10 10 
216 108 10 35 10 592 35 10 238 239 108 67 10 10 10 
217 496 10 10 10 10 678 10 10 232 108 10 10 177 11 45 10 10 
218 10 10 35 10 10 10 170 108 
219 496 10 10 10 678 10 10 238 160 10 10 114 10 
220 10 10 108 10 242 10 10 841 10 35 170 10 10 10 76 108 
221 211 108 767 10 9 108 232 10 10 10 441 10 10 170 
222 10 10 10 239 10 212 10 10 10 10 841 53 10 422 35 454 
223 10 10 10 422 10 10 10 108 10 10 10 10 39 10 10 10 
224 10 108 10 10 10 10 10 1217 187 10 841 108 232 10 1259 232 
225 180 10 10 10 347 10 10 35 160 304 232 108 238 10 168 
226 333 10 160 10 242 10 10 10 35 757 10 10 
227 10 10 35 35 35 10 232 10 39 10 10 
228 239 10 10 10 10 10 10 10 10 10 10 10 841 10 10 187 10 10 
229 10 35 10 10 10 720 35 35 10 10 10 108 10 
230 35 10 10 10 10 10 232 10 10 10 35 160 1217 
231 10 333 10 10 10 592 10 10 242 11 10 10 10 10 10 187 35 35 224 
232 10 742 239 10 10 10 10 39 242 10 108 10 108 406 170 
233 678 10 53 39 10 10 10 33 10 10 10 10 177 160 10 10 
234 10 10 10 10 10 10 10 1094 10 10 10 678 678 10 10 10 35 
235 10 95 10 10 10 10 10 10 744 10 10 160 1281 10 242 
236 10 10 35 10 10 347 10 10 10 10 744 160 10 35 
237 10 108 10 10 10 238 10 10 35 10 108 10 10 
238 347 108 35 10 10 10 85 10 10 242 35 10 10 10 
239 10 10 10 232 10 10 501 14 841 77 10 86 10 10 
240 238 10 160 39 35 10 10 238 87 127 10 10 10 
241 10 108 10 10 10 10 170 10 
242 232 10 818 10 10 10 10 10 10 10 108 39 10 10 10 
243 10 10 10 180 10 10 108 35 10 242 305 238 
244 10 10 242 35 10 10 35 242 
245 10 10 10 242 422 10 474 10 10 10 347 10 108 261 834 10 10 
246 10 316 10 10 35 10 160 238 10 10 600 10 10 
247 10 10 10 10 187 10 10 10 10 10 
248 10 10 10 10 10 10 238 10 10 742 10 10 10 10 108 10 
249 10 10 9 14 10 10 10 242 1094 39 10 10 980 10 10 818 935 
250 239 10 10 53 679 10 10 170 10 160 35 10 720 
251 102 10 1224 35 9 10 35 10 10 841 10 10 10 160 10 
252 10 10 10 10 10 35 94 10 10 10 10 10 187 980 
253 10 261 232 108 10 10 108 10 242 14 10 10 35 10 10 10 232 
254 170 10 242 239 10 35 10 10 
255 242 10 242 10 10 10 180 10 10 10 10 10 10 242 10 
256 102 10 10 94 10 10 232 347 10 10 10 10 242 10 
257 10 53 10 232 10 10 10 10 10 232 10 10 10 35 77 
258 10 10 10 10 10 9 10 10 1224 678 35 10 
259 232 10 935 10 35 412 10 10 10 10 242 10 187 39 
260 10 10 10 10 841 10 1217 10 10 261 10 9 10 
261 10 10 10 10 10 242 10 10 10 10 9 841 496 35 454 108 
262 10 10 10 10 242 10 10 10 10 10 10 35 326 10 841 
263 10 10 10 10 10 10 10 108 14 10 1281 10 
264 10 10 10 10 160 10 10 10 10 10 10 10 
265 10 108 108 10 10 245 10 10 10 10 10 
266 238 10 242 35 242 10 10 242 10 35 10 10 10 10 242 10 10 242 
267 10 187 347 108 10 242 10 10 10 10 10 10 45 10 10 10 
268 9 10 10 10 10 10 204 108 10 10 326 1281 10 77 
269 10 10 10 10 10 10 10 10 10 242 10 10 10 10 160 10 10 10 
270 170 242 10 10 10 10 10 10 10 10 35 10 10 10 10 633 341 
271 35 53 160 108 10 238 130 10 10 10 10 10 10 10 10 10 
272 10 10 678 10 10 10 10 10 10 10 10 10 10 10 
273 316 10 35 10 9 10 10 10 35 35 10 53 10 10 10 10 108 
274 242 10 10 347 10 10 10 10 10 108 10 10 
275 10 10 10 10 10 10 10 10 10 1281 10 10 
276 10 841 10 10 10 841 10 10 10 10 841 242 242 10 1171 10 
277 10 10 10 10 10 53 10 10 10 10 10 10 10 160 
278 10 10 10 10 160 10 678 10 10 10 10 1217 160 
279 10 10 35 10 10 10 35 10 160 108 10 724 10 45 10 35 
280 1294 10 10 10 10 10 10 10 11 
281 10 10 35 10 10 10 10 10 10 10 10 985 35 10 10 
282 10 841 10 10 35 10 10 35 238 10 35 67 10 10 10 
283 10 10 35 10 422 10 10 720 10 10 10 242 10 10 99 242 35 10 
284 10 10 729 10 35 10 10 45 35 242 10 
285 53 496 10 10 10 53 242 10 53 39 10 841 10 10 14 35 11 
286 10 35 238 10 10 10 10 678 238 34 10 10 
287 10 127 35 10 10 980 10 40 10 10 242 232 
288 10 1217 10 10 10 10 35 10 232 10 53 10 35 907 35 380 
289 10 841 35 10 108 10 10 10 53 35 242 232 10 10 10 10 
290 10 10 10 10 10 678 10 232 35 77 39 10 10 10 
291 10 10 242 10 10 10 10 108 10 35 347 35 10 10 10 10 10 10 
292 242 10 10 10 108 305 10 10 10 10 10 10 10 
293 35 10 242 232 10 10 10 10 10 412 170 1281 
294 10 10 10 10 10 10 10 10 10 10 10 10 160 160 
295 10 10 10 10 10 10 10 495 10 881 10 35 160 
296 10 10 10 10 108 10 10 10 10 10 232 10 35 10 
297 10 160 10 10 10 10 1281 10 10 10 242 841 10 35 10 
298 35 160 10 154 10 10 39 160 841 160 39 76 267 10 
299 10 10 108 10 422 10 238 35 10 10 347 10 34 10 
300 10 10 108 10 94 10 10 724 204 160 
301 10 10 10 10 10 160 113 10 841 35 10 10 10 10 10 
302 10 10 10 232 10 35 10 35 10 10 10 10 
303 232 10 35 10 10 818 10 204 10 841 10 10 160 10 10 10 
304 10 10 10 10 35 10 10 238 10 10 10 108 10 10 10 10 
305 77 841 10 10 35 108 108 341 10 10 108 10 10 10 
306 10 461 35 10 10 139 35 10 10 10 
307 10 10 160 10 10 10 10 242 935 716 10 1094 10 10 10 
308 10 138 10 10 108 10 10 10 10 10 10 232 9 10 877 10 238 273 
309 867 10 10 10 10 10 10 10 10 1217 35 53 45 10 160 
310 10 239 10 261 10 35 10 678 232 841 10 10 10 10 9 
311 232 10 10 10 10 232 160 39 10 187 10 10 69 10 
312 10 10 35 10 10 10 422 
313 10 10 239 34 10 10 10 1025 10 10 10 10 10 
314 10 10 10 10 10 10 678 1094 10 10 10 10 10 1063 45 10 10 
315 242 10 10 10 10 9 170 113 10 
316 10 160 10 10 10 10 10 187 35 10 
317 10 10 380 10 678 10 10 10 242 160 239 10 10 10 10 69 238 
318 35 242 35 35 10 10 10 10 10 10 
319 10 10 10 10 10 10 10 10 10 980 10 35 10 10 10 10 187 
320 10 10 10 10 10 10 10 10 10 10 678 10 
321 10 10 10 10 242 10 10 10 1281 10 10 10 10 678 77 238 10 
322 10 10 10 108 35 
323 10 10 10 160 10 10 10 1281 10 10 10 10 160 10 232 
324 10 412 10 10 10 10 10 10 10 129 10 10 1094 1094 
325 211 10 238 347 10 678 10 10 10 10 35 10 10 
326 10 10 380 10 177 10 239 10 454 422 10 
327 10 10 333 108 10 10 10 10 10 35 53 10 232 10 10 10 
328 10 10 10 10 108 380 
329 10 10 10 35 10 10 10 10 10 10 10 167 10 10 10 160 
330 10 10 10 1224 10 10 10 10 177 10 108 108 94 
331 35 9 10 35 10 10 10 242 10 10 10 10 10 160 1259 
332 10 10 10 35 9 1281 35 1281 242 10 10 242 
333 232 10 841 10 10 113 10 9 
334 35 242 10 10 10 10 242 35 10 10 10 10 10 
335 108 280 10 1086 10 10 10 10 10 242 10 242 10 10 242 10 10 
336 1048 10 10 10 10 10 108 10 35 10 
337 35 10 242 10 10 10 242 35 10 10 10 45 
338 10 10 108 10 108 99 10 10 35 99 238 10 160 
339 10 10 10 10 10 10 10 10 280 10 238 10 10 39 10 454 10 
340 10 232 10 10 108 10 10 10 10 10 35 108 10 10 242 10 1094 
341 1217 10 10 53 10 10 10 10 10 10 39 35 10 10 160 
342 10 10 10 242 35 10 10 242 160 10 35 10 
343 10 412 10 10 9 108 102 238 10 10 10 35 35 35 10 
344 35 108 35 10 10 187 10 10 10 10 238 35 232 10 
345 10 10 10 10 10 112 10 35 10 9 985 10 35 10 10 
346 10 10 10 242 34 9 10 10 10 10 11 108 10 35 10 
347 170 10 10 841 170 10 10 9 242 10 10 10 10 
348 10 10 10 10 10 108 10 1281 10 
349 10 10 10 113 77 10 242 907 10 10 10 10 422 10 45 9 10 
350 187 10 10 242 108 742 10 35 
351 10 10 347 10 10 10 678 10 10 10 720 10 10 10 10 10 242 
352 10 232 35 160 678 10 10 10 10 10 10 10 10 1217 10 
353 10 35 10 10 35 10 10 10 10 10 10 212 10 242 10 
354 10 160 232 10 10 10 10 678 10 10 170 10 35 35 10 10 
355 10 232 10 108 39 10 170 239 238 1259 10 10 
356 10 10 935 10 10 1094 10 678 108 177 10 10 108 10 
357 10 10 108 10 10 242 277 10 10 10 10 380 108 10 10 1071 
358 232 10 10 10 10 108 10 10 10 10 238 522 841 10 10 9 
359 412 10 242 10 10 10 10 10 10 10 10 10 10 10 10 242 
360 35 35 10 108 10 10 10 841 10 10 242 841 242 10 10 
361 474 35 10 678 261 160 10 980 35 10 10 10 10 242 
362 10 10 242 10 10 603 10 238 10 10 10 10 113 39 
363 10 10 250 10 10 618 10 9 10 170 744 10 177 35 160 10 10 
364 10 238 10 10 10 10 10 35 10 10 242 10 10 10 10 10 10 
365 10 108 187 628 10 10 10 239 10 10 187 10 10 10 35 10 
366 238 232 10 108 239 10 10 678 238 238 10 985 10 10 10 
367 10 238 9 1128 10 242 10 10 10 10 108 108 841 10 
368 10 108 10 10 10 242 10 238 10 10 347 10 10 10 10 108 108 
369 35 10 10 10 10 10 35 35 10 10 35 10 10 10 10 10 10 10 
370 238 10 10 10 10 10 10 10 35 160 10 10 10 10 35 10 10 10 
371 35 10 10 10 10 422 10 10 108 10 10 10 10 10 242 
372 10 10 10 10 10 35 678 35 10 10 10 1281 10 242 10 14 10 
373 10 232 10 11 10 9 10 10 10 108 10 10 10 
374 10 765 10 10 10 10 985 10 10 10 10 108 
375 10 10 232 53 242 10 242 10 10 108 10 9 160 10 187 10 
376 10 95 10 10 10 380 35 1114 10 10 160 10 10 
377 10 10 10 422 10 10 232 10 10 239 160 10 742 39 10 10 10 
378 797 108 10 10 678 10 10 10 10 160 10 841 10 238 10 
379 10 10 10 242 10 10 239 99 35 380 10 678 10 
380 841 10 10 238 10 10 10 35 35 10 67 985 10 238 
381 10 10 10 108 1094 10 10 10 10 160 10 10 170 160 35 
382 108 10 10 10 9 10 108 10 10 10 841 10 10 10 
383 10 10 10 10 187 10 35 10 11 10 841 242 10 10 35 10 
384 10 10 1128 10 10 10 10 10 10 10 35 10 10 
385 10 10 10 10 10 242 10 10 10 10 108 10 10 10 10 10 
386 35 10 10 10 10 10 35 242 180 678 10 10 10 10 10 160 10 
387 10 127 108 108 10 10 10 10 170 232 160 232 94 10 232 
388 10 10 10 10 127 10 10 10 10 10 10 10 10 10 
389 10 10 10 10 35 10 10 10 242 10 10 10 10 1281 
390 10 10 1294 10 10 35 160 10 207 232 242 841 10 10 35 10 77 239 
391 10 10 35 10 10 10 10 10 35 35 53 10 10 10 
392 10 160 10 10 10 86 10 10 10 35 841 10 10 35 10 108 
393 10 10 10 35 10 678 10 10 10 10 10 678 10 10 249 242 
394 10 10 35 10 304 232 10 10 10 45 
395 35 9 941 1149 10 412 35 10 347 10 10 720 10 10 10 53 10 10 995 
396 10 45 10 10 10 232 10 10 10 34 1240 10 10 580 
397 10 10 10 35 610 108 10 10 1294 10 678 10 10 10 108 10 10 10 242 
398 53 393 10 242 108 1094 10 10 39 108 10 35 170 10 10 
399 180 10 10 35 10 10 34 10 10 412 10 9 10 160 10 
400 1125 10 10 35 10 10 35 10 10 9 10 170 10 10 35 10 10 10 187 
401 10 242 797 9 10 10 76 10 10 35 53 10 10 10 10 10 10 10 
402 10 10 10 10 10 35 10 10 10 10 10 10 10 
403 10 11 10 35 10 10 10 10 10 187 10 239 
404 10 1217 10 818 10 10 10 242 1217 10 10 170 10 
405 10 53 10 10 10 10 35 412 10 600 10 242 35 77 10 
406 10 10 108 108 9 10 10 10 10 10 10 10 
407 10 1128 10 10 10 10 10 10 347 10 10 10 10 10 1281 160 10 
408 10 10 10 10 39 10 10 35 422 884 53 35 10 10 10 108 10 724 
409 10 10 10 35 10 10 10 10 10 10 10 10 10 
410 113 10 10 10 10 87 678 242 35 170 10 10 10 10 742 160 
411 10 35 238 10 10 10 10 10 35 841 1095 10 834 10 10 
412 10 180 108 238 10 35 10 10 10 10 10 10 10 
413 10 10 10 10 10 53 10 10 10 10 10 10 10 10 10 
414 53 10 10 10 35 10 35 10 10 10 10 39 10 11 10 10 10 10 
415 10 10 242 10 10 10 10 10 10 10 10 326 10 10 160 
416 10 678 980 10 10 9 834 10 35 10 10 10 10 
417 10 160 10 10 10 10 10 10 35 10 841 10 10 10 10 
418 10 10 1294 10 10 10 10 232 39 39 10 10 304 841 10 232 238 10 10 
419 10 10 10 10 10 35 10 1240 1171 
420 841 242 10 10 239 10 10 238 212 67 168 10 10 
421 35 242 108 678 238 10 39 10 841 10 10 10 108 239 10 
422 10 10 10 10 10 232 10 35 10 10 918 10 10 
423 10 10 39 10 603 231 10 76 249 9 10 238 10 10 10 108 232 53 
424 10 10 10 10 10 1224 10 10 10 10 39 10 10 10 10 10 10 
425 678 10 841 10 242 242 35 10 108 10 10 35 
426 10 10 35 10 10 10 10 112 10 242 170 10 
427 10 108 10 10 10 10 10 242 239 1171 10 
428 10 10 77 10 10 10 10 10 10 10 10 10 76 10 
429 10 10 10 850 10 10 35 10 10 
430 10 10 10 53 242 10 1281 10 10 10 242 10 10 242 10 10 10 155 10 10 
431 333 720 10 10 10 743 10 108 622 
432 10 10 841 496 242 10 1294 10 474 10 10 232 232 10 35 
433 10 10 35 170 10 160 412 10 10 91 10 76 
434 10 10 10 10 10 10 10 238 441 232 232 10 10 10 10 10 10 10 
435 10 10 10 10 720 1240 10 10 10 10 10 1006 
436 10 261 10 10 10 10 160 818 10 10 10 1094 1110 10 10 
437 170 238 10 10 10 10 10 238 10 10 834 
438 1094 10 10 10 10 10 678 10 242 10 744 10 10 35 
439 10 10 10 53 10 10 347 10 10 10 10 108 10 108 10 
440 393 10 10 34 742 10 10 160 10 10 
441 10 10 10 10 35 10 10 10 10 10 10 1281 10 
442 232 108 484 10 10 10 10 10 10 10 10 10 10 10 177 10 10 
