0 2 19 2
1 4 90 4
2 2 16 2
3 2 23 2
4 2 31 2
5 3 48 3
6 3 56 3
7 4 73 4
8 2 26 2
9 2 55 2
10 8 157 7
11 3 46 3
12 2 32 2
13 2 26 2
14 3 41 3
15 2 29 2
16 2 39 2
17 2 25 2
18 6 161 6
19 5 91 5
20 3 22 3
21 22 483 11
22 2 28 2
23 3 24 3
24 3 35 3
25 3 47 3
26 3 44 3
27 3 84 3
28 2 19 2
29 4 33 4
30 3 23 3
31 3 25 3
32 3 42 3
33 2 24 2
34 2 24 2
35 3 28 3
36 4 36 4
37 2 65 2
38 2 23 2
39 2 21 2
40 2 19 2
41 2 31 2
42 3 43 3
43 2 30 2
44 2 42 2
45 3 31 3
46 2 14 2
47 2 28 2
48 3 80 3
49 5 125 5
50 3 33 3
51 2 10 2
52 3 28 3
53 2 24 2
54 3 73 3
55 2 19 2
56 2 56 2
57 3 33 3
58 2 28 2
59 4 86 4
60 3 47 3
61 3 32 3
62 2 46 2
63 3 26 3
64 3 29 3
65 3 34 3
66 2 18 2
67 5 88 5
68 3 23 3
69 2 13 2
70 4 42 4
71 3 52 3
72 2 17 2
73 3 138 3
74 2 30 2
75 5 73 5
76 2 22 2
77 5 85 5
78 2 36 2
79 2 35 2
80 2 16 2
81 3 43 3
82 3 49 3
83 2 26 2
84 2 16 2
85 2 38 2
86 2 15 2
87 2 10 2
88 4 59 4
89 3 42 3
90 3 22 3
91 2 21 2
92 2 15 2
93 5 47 5
94 2 24 2
95 2 25 2
96 2 104 2
97 5 122 5
98 3 30 3
99 5 65 5
100 2 16 2
101 3 34 3
102 2 14 2
103 2 37 2
104 10 149 7
105 2 13 2
106 4 64 4
107 2 22 2
108 2 25 2
109 2 61 2
110 2 23 2
111 2 30 2
112 3 68 3
113 2 32 2
114 2 21 2
115 2 13 2
116 5 42 5
117 2 60 2
118 2 34 2
119 2 31 2
120 2 19 2
121 2 12 2
122 2 31 2
123 2 61 2
124 3 46 3
125 4 37 4
126 3 46 3
127 3 38 3
128 3 43 3
129 3 63 3
130 2 34 2
131 3 62 3
132 2 13 2
133 2 16 2
134 3 46 3
135 3 37 3
136 3 19 3
137 2 19 2
138 3 67 3
139 4 45 4
140 3 39 3
141 2 26 2
142 2 25 2
143 2 18 2
144 4 30 4
145 3 58 3
146 3 58 3
147 2 18 2
148 3 51 3
149 2 19 2
150 3 21 3
151 2 37 2
152 2 16 2
153 4 64 4
154 7 67 7
155 2 24 2
156 2 15 2
157 3 30 3
158 3 63 3
159 2 12 2
160 2 26 2
161 4 60 4
162 2 38 2
163 2 18 2
164 3 33 3
165 2 12 2
166 3 25 3
167 4 79 4
168 2 14 2
169 2 29 2
170 2 34 2
171 3 26 3
172 6 84 6
173 2 31 2
174 2 19 2
175 4 59 4
176 6 142 6
177 2 36 2
178 2 40 2
179 2 32 2
180 2 13 2
181 2 15 2
182 3 37 3
183 4 88 4
184 3 50 3
185 2 44 2
186 2 33 2
187 2 24 2
188 2 17 2
189 4 64 4
190 3 28 3
191 2 13 2
192 2 16 2
193 2 24 2
194 4 51 4
195 3 47 3
196 2 17 2
197 2 28 2
198 5 45 5
199 4 68 4
200 2 19 2
201 2 20 2
202 3 22 3
203 2 21 2
204 3 77 3
205 2 35 2
206 2 31 2
207 2 30 2
208 5 72 5
209 3 22 3
210 4 46 4
211 2 22 2
212 3 46 3
213 2 19 2
214 2 20 2
215 3 34 3
216 4 36 4
217 4 40 4
218 2 20 2
219 2 10 2
220 5 77 5
221 2 23 2
222 2 18 2
223 3 108 3
224 4 31 4
225 2 16 2
226 5 85 5
227 2 23 2
228 2 26 2
229 4 29 4
230 2 11 2
231 2 17 2
232 2 27 2
233 2 12 2
234 2 31 2
235 4 75 4
236 2 28 2
237 4 34 4
238 3 18 3
239 2 32 2
240 2 19 2
241 3 18 3
242 2 17 2
243 2 10 2
244 2 24 2
245 2 11 2
246 2 36 2
247 2 24 2
248 2 21 2
249 3 28 3
250 3 17 3
251 2 23 2
252 3 16 3
253 2 48 2
254 2 21 2
255 3 65 3
256 4 42 4
257 3 33 3
258 3 21 3
259 4 52 4
260 2 17 2
261 2 39 2
262 3 48 3
263 2 21 2
264 2 25 2
265 3 66 3
266 3 21 3
267 2 15 2
268 4 48 4
269 4 81 4
270 2 20 2
271 5 41 5
272 5 54 5
273 2 19 2
274 3 50 3
275 6 108 5
276 2 16 2
277 3 73 3
278 3 22 3
279 2 33 2
280 3 35 3
281 2 22 2
282 2 10 2
283 4 40 4
284 2 17 2
285 2 24 2
286 2 15 2
287 5 144 5
288 2 26 2
289 2 18 2
290 3 41 3
291 9 132 7
292 2 38 2
293 2 13 2
294 2 14 2
295 3 24 3
296 3 25 3
297 2 20 2
298 2 34 2
299 2 28 2
300 2 12 2
301 3 70 3
302 3 36 3
303 3 57 3
304 2 13 2
305 2 15 2
306 2 14 2
307 2 15 2
308 4 68 4
309 2 13 2
310 2 12 2
311 2 19 2
312 3 25 3
313 3 34 3
314 2 25 2
315 2 14 2
316 2 28 2
317 2 25 2
318 5 76 5
319 3 52 3
320 2 34 2
321 2 12 2
322 3 32 3
323 2 12 2
324 4 49 4
325 3 33 3
326 2 28 2
327 3 33 3
328 2 39 2
329 3 76 3
330 3 34 3
331 2 13 2
332 3 18 3
333 4 70 4
334 2 18 2
335 2 29 2
336 2 23 2
337 3 48 3
338 7 75 6
339 4 57 4
340 3 23 3
341 2 21 2
342 3 40 3
343 2 12 2
344 10 260 8
345 2 19 2
346 3 62 3
347 2 34 2
348 3 26 3
349 2 14 2
350 2 52 2
351 4 74 4
352 3 40 3
353 2 31 2
354 4 21 4
355 4 193 4
356 2 20 2
357 2 20 2
358 3 30 3
359 2 31 2
360 3 21 3
361 2 91 2
362 2 18 2
363 2 27 2
364 2 17 2
365 2 26 2
366 2 21 2
367 2 37 2
368 2 17 2
369 2 15 2
370 2 34 2
371 2 14 2
372 2 16 2
373 2 31 2
374 2 45 2
375 3 24 3
376 2 29 2
377 2 23 2
378 2 16 2
379 4 75 4
380 2 15 2
381 2 19 2
382 4 66 4
383 2 18 2
384 2 12 2
385 3 30 3
386 7 136 6
387 2 14 2
388 2 30 2
389 2 10 2
390 4 78 4
391 2 18 2
392 2 13 2
393 3 52 3
394 2 21 2
395 2 32 2
396 2 34 2
397 2 23 2
398 2 22 2
399 2 22 2
400 3 49 3
401 9 86 6
402 2 15 2
403 3 26 3
404 2 29 2
405 2 22 2
406 2 12 2
407 2 15 2
408 3 25 3
409 6 171 5
410 2 33 2
411 2 27 2
412 2 23 2
413 2 31 2
414 2 17 2
415 2 20 2
416 3 24 3
417 3 44 3
418 3 19 3
419 2 15 2
420 3 59 3
421 7 114 5
422 2 29 2
423 4 50 4
424 4 59 4
425 2 38 2
426 2 27 2
427 2 20 2
428 4 40 4
429 2 16 2
430 2 18 2
431 9 201 8
432 2 38 2
433 2 11 2
434 2 20 2
435 3 26 3
436 2 37 2
437 2 44 2
438 3 36 3
439 2 18 2
440 2 35 2
441 4 45 4
442 2 19 2
443 2 61 2
444 2 32 2
445 2 23 2
446 3 36 3
447 2 26 2
448 2 17 2
449 3 35 3
450 2 14 2
451 2 16 2
452 2 32 2
453 2 21 2
454 2 46 2
455 2 20 2
456 2 24 2
457 5 47 5
458 2 17 2
459 2 22 2
460 4 52 4
461 2 20 2
462 2 21 2
463 4 76 4
464 2 11 2
465 2 26 2
466 2 18 2
467 2 15 2
468 2 11 2
469 2 19 2
470 2 12 2
471 4 60 4
472 3 43 3
473 2 13 2
474 3 23 3
475 2 20 2
476 2 18 2
477 2 10 2
478 2 15 2
479 2 12 2
480 2 16 2
481 2 53 2
482 2 34 2
483 4 47 4
484 2 20 2
485 2 15 2
486 2 26 2
487 2 30 2
488 2 13 2
489 2 34 2
490 2 82 2
491 2 27 2
492 2 36 2
493 7 136 6
494 3 37 3
495 2 14 2
496 2 33 2
497 3 41 3
498 2 22 2
499 2 16 2
500 2 17 2
501 5 107 5
502 2 13 2
503 3 59 3
504 2 16 2
505 2 22 2
506 2 17 2
507 2 22 2
508 2 11 2
509 2 14 2
510 2 10 2
511 2 45 2
512 2 12 2
513 2 33 2
514 4 72 4
515 2 20 2
516 2 17 2
517 2 14 2
518 4 42 4
519 3 34 3
520 2 16 2
521 2 14 2
522 2 17 2
523 3 17 3
524 2 56 2
525 2 15 2
526 2 20 2
527 2 14 2
528 3 32 3
529 2 32 2
530 2 16 2
531 3 44 3
532 2 14 2
533 2 10 2
534 2 17 2
535 2 36 2
536 2 16 2
537 2 20 2
538 4 45 4
539 4 40 4
540 2 11 2
541 2 13 2
542 2 17 2
543 2 23 2
544 2 21 2
545 3 19 3
546 3 29 3
547 2 17 2
548 2 11 2
549 2 20 2
550 4 94 4
551 3 60 3
552 2 17 2
553 2 23 2
554 2 16 2
555 5 48 5
556 3 47 3
557 2 12 2
558 4 32 4
559 2 14 2
560 2 26 2
561 2 25 2
562 2 15 2
563 2 13 2
564 2 23 2
565 2 22 2
566 2 31 2
567 2 17 2
568 2 10 2
569 2 13 2
570 3 30 3
571 2 24 2
572 7 130 6
573 2 21 2
574 2 69 2
575 3 39 3
576 3 37 3
577 3 27 3
578 3 52 3
579 2 23 2
580 3 26 3
581 2 16 2
582 3 28 3
583 4 40 4
584 3 39 3
585 5 63 5
586 3 33 3
587 2 12 2
588 2 14 2
589 2 23 2
590 2 19 2
591 2 24 2
592 2 28 2
593 2 12 2
594 2 53 2
595 2 14 2
596 2 22 2
597 3 20 3
598 2 26 2
599 3 27 3
600 2 28 2
601 4 99 4
602 3 23 3
603 3 32 3
604 2 28 2
605 3 48 3
606 2 20 2
607 3 35 3
608 3 46 3
609 2 22 2
610 2 14 2
611 2 29 2
612 2 23 2
613 4 24 4
614 4 78 4
615 3 30 3
616 3 45 3
617 2 18 2
618 2 21 2
619 2 26 2
620 2 41 2
621 3 59 3
622 4 43 4
623 2 25 2
624 2 28 2
625 6 184 6
626 3 42 3
627 2 20 2
628 2 34 2
629 2 15 2
630 2 31 2
631 2 22 2
632 2 19 2
633 2 19 2
634 2 18 2
635 2 18 2
636 2 34 2
637 2 25 2
638 2 18 2
639 2 38 2
640 9 253 8
641 3 28 3
642 3 43 3
643 2 46 2
644 3 47 3
645 2 14 2
646 3 46 3
647 8 159 6
648 2 36 2
649 3 32 3
650 3 33 3
651 2 21 2
652 5 49 5
653 3 102 3
654 3 26 3
655 2 20 2
656 2 58 2
657 3 33 3
658 4 44 4
659 3 35 3
660 3 41 3
661 2 38 2
662 2 23 2
663 2 50 2
664 3 37 3
665 2 18 2
666 5 72 5
667 4 42 4
668 2 18 2
669 4 54 4
670 2 15 2
671 2 20 2
672 3 52 3
673 2 19 2
674 2 36 2
675 3 29 3
676 3 42 3
677 2 27 2
678 2 18 2
679 2 52 2
680 2 42 2
681 4 53 4
682 2 47 2
683 3 19 3
684 2 12 2
685 3 37 3
686 2 15 2
687 2 10 2
688 2 10 2
689 3 34 3
690 3 41 3
691 2 22 2
692 3 24 3
693 2 22 2
694 3 64 3
695 2 28 2
696 2 19 2
697 4 55 4
698 2 24 2
699 2 24 2
700 2 14 2
701 2 14 2
702 2 28 2
703 2 23 2
704 2 11 2
705 2 33 2
706 2 16 2
707 3 33 3
708 2 18 2
709 13 280 8
710 2 25 2
711 2 15 2
712 2 12 2
713 2 17 2
714 2 52 2
715 2 10 2
716 2 24 2
717 2 22 2
718 3 27 3
719 2 17 2
720 3 36 3
721 2 24 2
722 5 37 5
723 2 27 2
724 2 15 2
725 2 28 2
726 2 27 2
727 4 57 4
728 2 51 2
729 3 30 3
730 2 27 2
731 2 22 2
732 2 18 2
733 2 14 2
734 3 39 3
735 2 51 2
736 2 43 2
737 2 15 2
738 2 27 2
739 2 10 2
740 3 20 3
741 3 30 3
742 2 15 2
743 4 40 4
744 3 18 3
745 2 26 2
746 2 14 2
747 3 52 3
748 5 40 5
749 2 21 2
750 3 21 3
751 2 39 2
752 4 56 4
753 4 53 4
754 3 31 3
755 4 34 4
756 2 27 2
757 3 42 3
758 2 32 2
759 2 21 2
760 2 22 2
761 3 27 3
762 3 22 3
763 2 18 2
764 4 70 4
765 5 86 5
766 2 11 2
767 6 154 6
768 2 17 2
769 2 31 2
770 6 66 5
771 2 17 2
772 3 23 3
773 2 12 2
774 3 49 3
775 2 29 2
776 2 46 2
777 2 27 2
778 2 12 2
779 2 76 2
780 6 97 6
781 2 13 2
782 2 24 2
783 2 15 2
784 5 49 5
785 2 44 2
786 3 29 3
787 2 20 2
788 2 23 2
789 3 19 3
790 3 26 3
791 4 63 4
792 4 45 4
793 3 31 3
794 3 42 3
795 2 13 2
796 2 15 2
797 3 28 3
798 3 23 3
799 2 29 2
800 3 37 3
801 4 60 4
802 2 21 2
803 4 80 4
804 2 19 2
805 3 66 3
806 2 18 2
807 2 12 2
808 3 98 3
809 3 27 3
810 2 19 2
811 2 14 2
812 4 97 4
813 2 28 2
814 3 31 3
815 2 21 2
816 2 21 2
817 3 74 3
818 2 16 2
819 2 28 2
820 2 41 2
821 2 10 2
822 3 27 3
823 2 18 2
824 3 29 3
825 2 14 2
826 2 19 2
827 2 21 2
828 2 19 2
829 2 22 2
830 3 86 3
831 2 29 2
832 2 21 2
833 4 60 4
834 6 221 6
835 6 72 6
836 2 18 2
837 2 47 2
838 2 28 2
839 3 22 3
840 2 30 2
841 2 17 2
842 3 29 3
843 2 10 2
844 2 40 2
845 2 45 2
846 2 16 2
847 2 25 2
848 2 12 2
849 2 14 2
850 2 16 2
851 3 42 3
852 2 14 2
853 3 33 3
854 3 40 3
855 2 15 2
856 2 52 2
857 2 15 2
858 3 21 3
859 3 93 3
860 2 17 2
861 2 20 2
862 2 22 2
863 2 20 2
864 2 12 2
865 2 19 2
866 2 19 2
867 2 15 2
868 2 15 2
869 2 15 2
870 3 84 3
871 2 42 2
872 2 23 2
873 2 10 2
874 2 42 2
875 2 15 2
876 2 17 2
877 2 21 2
878 2 34 2
879 2 43 2
880 3 22 3
881 2 41 2
882 4 47 4
883 3 34 3
884 2 11 2
885 2 12 2
886 2 22 2
887 2 12 2
888 2 17 2
889 2 12 2
890 2 18 2
891 2 13 2
892 4 62 4
893 2 28 2
894 2 14 2
895 2 48 2
896 2 17 2
897 8 223 6
898 2 30 2
899 2 18 2
900 3 25 3
901 2 13 2
902 2 23 2
903 2 15 2
904 2 17 2
905 2 14 2
906 3 81 3
907 2 24 2
908 3 39 3
909 3 33 3
910 2 32 2
911 3 59 3
912 2 20 2
913 2 19 2
914 5 83 5
915 2 36 2
916 2 36 2
917 2 13 2
918 4 76 4
919 3 45 3
920 3 24 3
921 2 20 2
922 3 28 3
923 2 15 2
924 2 73 2
925 5 144 5
926 4 40 4
927 2 14 2
928 2 22 2
929 2 13 2
930 4 101 4
931 2 16 2
932 4 33 4
933 2 31 2
934 2 16 2
935 4 62 4
936 2 20 2
937 2 21 2
938 5 73 5
939 2 30 2
940 2 25 2
941 7 118 6
942 2 31 2
943 2 18 2
944 2 25 2
945 2 15 2
946 2 12 2
947 2 20 2
948 2 15 2
949 2 17 2
950 2 20 2
951 2 11 2
952 2 16 2
953 2 22 2
954 2 44 2
955 2 15 2
956 3 19 3
957 6 104 6
958 2 37 2
959 3 29 3
960 5 64 5
961 4 95 4
962 2 19 2
963 2 75 2
964 2 20 2
965 4 28 4
966 3 61 3
967 2 12 2
968 2 19 2
969 2 25 2
970 5 163 5
971 3 38 3
972 2 60 2
973 3 49 3
974 3 39 3
975 2 18 2
976 3 43 3
977 2 22 2
978 2 18 2
979 3 85 3
980 3 41 3
981 4 95 4
982 2 18 2
983 3 32 3
984 2 24 2
985 2 34 2
986 2 11 2
987 5 126 5
988 2 20 2
989 2 21 2
990 2 19 2
991 2 32 2
992 2 30 2
993 2 43 2
994 7 118 6
995 2 24 2
996 3 40 3
997 2 18 2
998 4 53 4
999 4 38 4
1000 4 61 4
1001 3 46 3
1002 2 21 2
1003 2 45 2
1004 2 11 2
1005 3 93 3
1006 5 189 5
1007 2 21 2
1008 2 51 2
1009 2 13 2
1010 2 54 2
1011 4 50 4
1012 2 17 2
1013 2 25 2
1014 2 25 2
1015 2 38 2
1016 2 19 2
1017 2 14 2
1018 2 29 2
1019 4 27 4
1020 3 18 3
1021 4 56 4
1022 2 43 2
1023 3 97 3
1024 2 24 2
1025 2 24 2
1026 2 36 2
1027 6 57 5
1028 2 15 2
1029 3 63 3
1030 2 10 2
1031 3 29 3
1032 2 18 2
1033 2 25 2
1034 4 39 4
1035 2 21 2
1036 2 13 2
1037 2 22 2
1038 2 19 2
1039 2 14 2
1040 2 19 2
1041 2 88 2
1042 2 23 2
1043 2 15 2
1044 3 53 3
1045 2 17 2
1046 2 10 2
1047 2 24 2
1048 4 66 4
1049 3 24 3
1050 2 17 2
1051 2 15 2
1052 5 67 5
1053 3 46 3
1054 2 20 2
1055 2 14 2
1056 5 77 5
1057 2 16 2
1058 3 20 3
1059 2 30 2
1060 2 42 2
1061 2 35 2
1062 3 40 3
1063 2 14 2
1064 2 49 2
1065 2 33 2
1066 3 42 3
1067 2 22 2
1068 2 14 2
1069 2 20 2
1070 3 27 3
1071 2 13 2
1072 3 18 3
1073 2 15 2
1074 3 30 3
1075 2 19 2
1076 2 19 2
1077 2 24 2
1078 3 70 3
1079 4 42 4
1080 2 21 2
1081 2 33 2
1082 2 21 2
1083 2 12 2
1084 2 29 2
1085 2 13 2
1086 2 20 2
1087 3 44 3
1088 2 26 2
1089 2 17 2
1090 3 24 3
1091 2 24 2
1092 3 21 3
1093 2 31 2
1094 2 23 2
1095 2 30 2
1096 3 15 3
1097 3 25 3
1098 2 25 2
1099 4 100 4
1100 2 29 2
1101 3 50 3
1102 2 22 2
1103 3 50 3
1104 2 21 2
1105 3 38 3
1106 3 23 3
1107 2 58 2
1108 3 38 3
1109 7 113 6
1110 3 24 3
1111 2 23 2
1112 2 47 2
1113 3 30 3
1114 2 23 2
1115 2 12 2
1116 3 62 3
1117 2 64 2
1118 2 23 2
1119 2 26 2
1120 2 41 2
1121 4 75 4
1122 2 22 2
1123 2 12 2
1124 2 14 2
1125 3 54 3
1126 3 39 3
1127 2 13 2
1128 2 48 2
1129 3 23 3
1130 2 17 2
1131 3 57 3
1132 2 13 2
1133 2 27 2
1134 3 54 3
1135 2 14 2
1136 2 10 2
1137 3 66 3
1138 2 21 2
1139 2 42 2
1140 3 28 3
1141 3 60 3
1142 4 74 4
1143 2 61 2
1144 3 30 3
1145 2 18 2
1146 2 18 2
1147 2 20 2
1148 2 21 2
1149 3 21 3
1150 3 56 3
1151 2 95 2
1152 2 15 2
1153 2 28 2
1154 2 40 2
1155 2 20 2
1156 2 21 2
1157 4 49 4
1158 3 39 3
1159 2 24 2
1160 3 24 3
1161 2 21 2
1162 2 20 2
1163 2 49 2
1164 2 18 2
1165 2 16 2
1166 2 20 2
1167 6 95 6
1168 2 18 2
1169 3 33 3
1170 2 13 2
1171 3 59 3
1172 2 19 2
1173 2 33 2
1174 2 38 2
1175 2 11 2
1176 2 33 2
1177 2 13 2
1178 2 23 2
1179 2 10 2
1180 2 15 2
1181 3 99 3
1182 7 118 6
1183 2 24 2
1184 2 27 2
1185 2 15 2
1186 4 36 4
1187 3 25 3
1188 2 28 2
1189 2 45 2
1190 2 21 2
1191 4 68 4
1192 3 65 3
1193 2 23 2
1194 2 35 2
1195 2 22 2
1196 3 46 3
1197 8 131 7
1198 2 17 2
1199 3 23 3
1200 2 48 2
1201 2 23 2
1202 2 19 2
1203 3 65 3
1204 2 27 2
1205 2 17 2
1206 2 18 2
1207 2 14 2
1208 2 17 2
1209 2 17 2
1210 4 48 4
1211 2 18 2
1212 2 78 2
1213 2 14 2
1214 5 137 5
1215 2 25 2
1216 3 27 3
1217 3 103 3
1218 2 25 2
1219 2 74 2
1220 2 41 2
1221 2 28 2
1222 4 75 4
1223 3 24 3
1224 2 23 2
1225 4 142 4
1226 2 31 2
1227 2 15 2
1228 2 31 2
1229 3 23 3
1230 7 139 6
1231 2 19 2
1232 2 14 2
1233 2 17 2
1234 2 15 2
1235 2 24 2
1236 2 14 2
1237 2 15 2
1238 2 14 2
1239 2 20 2
1240 5 90 5
1241 3 86 3
1242 2 15 2
1243 2 30 2
1244 2 21 2
1245 2 18 2
1246 3 105 3
1247 3 56 3
1248 2 27 2
1249 2 20 2
1250 2 20 2
1251 2 28 2
1252 2 24 2
1253 3 45 3
1254 2 12 2
1255 3 30 3
1256 3 27 3
1257 2 31 2
1258 2 19 2
1259 2 12 2
1260 2 73 2
1261 2 17 2
1262 2 23 2
1263 2 30 2
1264 2 12 2
1265 2 50 2
1266 2 20 2
1267 4 112 4
1268 2 35 2
1269 2 24 2
1270 2 48 2
1271 2 13 2
1272 2 18 2
1273 2 41 2
1274 2 25 2
1275 3 61 3
1276 3 31 3
1277 2 12 2
1278 2 28 2
1279 3 21 3
1280 2 16 2
1281 2 10 2
1282 5 124 5
1283 3 70 3
1284 4 117 4
1285 3 102 3
1286 3 128 3
1287 2 74 2
1288 2 17 2
1289 2 25 2
1290 4 277 4
1291 2 18 2
1292 2 15 2
1293 2 23 2
1294 7 143 7