876	1220
875	1217
317	1216
318	1215
319	1214
675	1213
1062	1212
676	1211
677	1210
1064	1219
678	1218
482	1231
483	1230
29	0
901	1228
458	1
383	1227
162	2
693	1226
217	3
896	1225
641	4
629	1224
642	5
1093	1223
165	6
898	1222
462	7
690	1221
53	8
464	800
4	9
1017	801
1146	802
728	803
823	804
579	805
580	806
900	1229
1148	807
931	808
1147	809
201	1000
704	1242
1097	1241
271	1240
268	1239
269	1238
160	1237
270	1236
1098	1235
694	1234
695	1233
481	1232
730	810
729	811
1149	812
814	813
108	814
282	815
418	816
283	817
148	818
581	819
322	1011
708	1253
323	1010
709	1252
710	1251
1114	1250
1070	1008
880	1007
175	1249
881	1006
1106	1248
882	1005
517	1247
1066	1004
1101	1246
680	1003
904	1245
66	820
1067	1002
703	1244
1068	1001
631	1243
934	821
935	822
564	823
1019	824
297	825
937	826
1154	827
1159	828
1069	1009
1158	829
1076	1022
1118	1264
1072	1021
913	1263
682	1020
327	1262
328	1261
329	1260
681	1019
883	1018
1007	1017
325	1259
1073	1016
326	1258
190	1015
914	1257
1071	1014
342	1256
735	830
320	1013
711	1255
1157	831
321	1012
249	1254
1164	832
1165	833
46	834
171	835
582	836
627	837
939	838
1173	839
1077	1033
420	1275
259	1032
421	1274
885	1031
1167	1273
1078	1030
736	1272
422	1271
1162	1270
798	1029
449	1028
1074	1027
1163	1269
1075	1026
492	1268
1172	840
683	1025
734	1267
390	841
25	600
684	1024
232	1266
737	842
685	1023
1018	601
1155	1265
1168	843
391	602
188	844
173	603
493	845
797	846
1151	604
936	605
940	847
815	606
941	848
1152	607
817	849
1153	608
816	609
416	1044
1180	1286
417	1043
944	1285
1142	1042
1183	1284
361	1041
1174	1283
362	1040
331	1282
332	1281
333	1280
360	1039
209	850
926	1038
1140	1037
1175	1279
1218	851
289	610
1141	1036
1177	1278
961	852
723	1035
389	611
942	1277
960	853
397	854
1082	1034
638	612
419	1276
513	613
752	855
491	614
635	856
587	615
962	857
1156	616
1220	858
938	617
1219	859
216	618
1160	619
179	1055
576	1054
1144	1053
1143	1052
741	1294
574	1051
742	1293
575	1050
364	1292
945	1291
584	1290
392	860
573	1049
430	861
324	1048
1161	620
431	862
928	1047
1166	621
583	1289
432	863
461	622
726	1046
1187	1288
433	864
185	1045
1169	623
586	1287
434	865
1170	624
303	866
739	867
1171	625
1176	626
753	868
1178	627
600	869
74	628
1179	629
157	1066
158	1065
1016	1064
727	1063
813	1062
1145	1061
930	1060
599	870
455	871
388	872
943	630
112	631
387	1059
964	873
204	874
577	1058
1181	632
578	1057
1185	633
754	875
929	1056
740	634
755	876
295	877
1186	635
284	636
821	878
585	879
365	637
366	638
367	639
1210	1077
286	1076
228	1075
1209	1074
954	1073
592	1072
955	1071
569	1070
1225	880
399	881
41	882
965	640
1226	641
966	883
1012	642
272	884
568	400
45	643
136	1069
948	401
602	885
363	886
1194	402
159	1068
636	644
117	645
1195	403
142	1067
1229	887
949	404
967	646
724	888
75	647
1196	405
968	889
470	406
601	648
1197	407
756	649
238	408
588	409
1211	1080
1214	1088
116	1087
237	1086
1213	1085
593	1084
594	1083
1212	1082
957	1081
1228	890
1227	891
264	650
1231	892
970	651
606	893
1198	410
603	652
759	894
745	411
604	653
1230	895
72	412
605	654
971	896
167	897
1199	413
749	1079
757	655
1200	414
956	1078
758	656
371	898
1201	415
372	899
1232	657
1202	416
435	658
1203	417
349	659
746	418
950	419
1216	1091
958	1090
751	1099
1217	1098
959	1097
820	1096
76	1095
181	1094
176	1093
596	1092
386	660
1233	661
1204	420
1234	662
1205	421
1235	663
350	664
1206	422
344	423
457	665
747	424
1239	666
748	425
1215	1089
1240	667
1207	426
1241	668
56	669
370	427
427	428
428	429
235	670
503	671
951	430
504	672
524	673
952	431
1208	432
294	674
953	433
1244	675
765	676
1246	434
306	435
973	677
611	678
612	436
496	437
974	679
1249	438
772	439
975	680
976	681
977	682
770	440
465	441
978	683
963	200
979	684
1250	442
178	443
147	201
980	685
291	444
191	202
523	686
767	687
776	445
616	203
81	204
768	688
777	446
500	205
1245	689
778	447
111	206
779	448
96	207
1251	449
794	208
43	209
981	690
1247	691
120	692
1252	450
822	451
1248	693
436	694
1253	452
1275	210
125	211
591	453
281	695
884	212
437	696
982	454
393	213
773	697
613	455
774	698
983	456
1276	214
345	215
210	457
775	699
246	216
1254	458
1255	459
619	217
620	218
621	219
1256	460
330	461
984	462
796	220
1040	221
1257	463
854	222
1258	464
134	465
1041	223
1042	224
1259	466
80	225
1010	467
227	226
516	468
536	227
985	469
537	228
856	229
781	470
646	471
664	230
1260	472
163	231
522	473
38	232
30	474
858	233
1263	475
1033	476
299	234
650	477
665	235
182	236
208	478
429	479
78	237
293	238
19	239
652	480
653	481
305	482
225	240
838	483
1046	241
129	242
656	484
466	485
859	243
400	244
241	486
50	245
307	487
308	488
538	246
224	489
1047	247
769	248
113	249
309	490
846	491
94	250
351	492
352	493
1048	251
353	494
666	252
166	495
1050	253
368	496
860	254
255	497
771	255
658	498
395	256
253	499
1051	257
1052	258
861	259
862	260
13	261
1053	262
1054	263
300	264
186	265
780	266
863	267
864	268
15	269
27	270
396	271
667	272
187	273
61	274
542	275
213	276
782	277
121	278
472	279
47	280
473	281
22	282
402	283
867	284
354	285
866	286
669	287
670	288
1056	289
1057	290
547	291
548	292
549	293
1059	294
871	295
872	296
315	297
316	298
54	299
373	900
374	901
375	902
376	903
337	904
338	905
339	906
377	907
378	908
379	909
380	910
807	911
972	912
608	913
609	914
607	915
1238	916
763	917
761	918
762	919
1222	1110
497	1107
498	1106
597	1105
598	1104
1223	1103
1224	1102
1004	1101
123	1100
501	920
502	921
1237	922
1236	923
764	924
512	925
398	926
499	1109
1243	927
454	1108
1242	928
610	929
615	1121
356	1120
1271	1118
1270	1117
1266	1116
994	1115
783	1114
784	1113
785	1112
1002	930
254	931
1221	1111
1284	932
1283	933
144	934
624	935
1289	936
1287	937
1285	938
149	939
786	1119
278	1132
279	1131
280	1130
997	1129
62	1128
792	1127
790	1126
82	1125
441	1124
1290	940
119	941
343	1123
304	700
614	1122
800	942
833	701
801	943
834	702
1291	944
394	703
802	945
1030	704
152	946
830	705
1292	947
831	706
1005	948
531	707
1006	949
532	708
1027	709
446	1143
447	1142
448	1141
87	1140
657	1139
795	1138
310	1137
442	1136
803	950
947	951
618	1135
1028	710
156	1134
1295	952
1032	711
793	1133
1294	953
1031	712
804	954
647	713
805	955
590	714
806	956
837	715
1293	957
825	958
154	716
824	959
468	717
469	718
836	719
1000	1154
623	1153
508	1152
1277	1151
1278	1150
622	1149
639	960
528	1148
640	961
998	1147
1022	962
28	720
443	1146
1020	963
651	721
444	1145
1021	964
1035	722
445	1144
1024	965
1034	723
643	966
655	724
826	967
750	725
1023	968
840	726
463	969
369	727
839	728
256	729
1001	1165
141	1164
1281	1163
1003	1162
1282	1161
799	1160
828	970
829	971
1279	1159
645	972
533	730
1280	1158
1026	973
534	731
509	1157
832	974
842	732
510	1156
219	975
1036	733
999	1155
220	976
841	734
221	977
1038	735
222	978
233	736
223	979
298	737
845	738
1037	739
539	1176
540	1175
200	1174
541	1173
1049	1172
438	1171
450	1170
218	980
1029	981
648	982
843	740
649	983
844	741
625	1169
18	742
835	984
850	500
626	1168
760	743
659	501
73	985
1286	1167
296	744
660	502
265	986
1288	1166
849	745
661	503
1063	987
847	746
654	504
553	988
589	505
848	747
879	989
851	506
887	748
852	507
511	749
662	508
663	509
311	1187
312	1186
313	1185
314	1184
1055	1183
543	1182
244	1181
245	1180
878	990
180	991
679	992
1080	750
877	993
628	751
1039	510
1065	994
886	752
853	511
242	1179
247	995
1079	753
55	512
243	1178
554	996
888	754
153	755
855	513
865	1177
556	997
261	756
146	514
668	998
161	757
857	515
67	999
1043	516
526	758
58	517
1081	759
1044	518
1045	519
288	1190
869	1198
870	1197
552	1196
355	1195
1058	1194
868	1193
229	1192
791	1191
1083	760
686	761
258	762
1085	520
889	763
1086	521
1084	764
1087	522
544	1189
93	765
183	523
545	1188
1008	766
172	524
192	767
195	525
145	526
890	768
196	527
1090	769
197	528
969	529
1089	770
1088	771
248	772
893	530
687	773
557	531
688	774
515	532
689	775
691	533
474	776
692	534
671	1199
892	777
1009	535
546	536
891	778
234	537
251	779
630	538
1095	539
897	780
894	781
895	782
1096	540
525	541
1091	783
873	300
1092	784
555	542
617	301
484	785
696	543
1061	302
341	786
697	544
485	787
698	545
1013	303
1094	788
699	546
1109	304
899	789
902	547
214	305
700	548
520	306
903	549
1112	307
1113	308
1115	309
382	790
1011	791
406	792
1099	550
407	793
518	551
408	794
905	552
565	310
409	795
150	553
1116	311
140	554
478	796
1117	312
206	313
77	797
701	555
60	314
358	798
702	556
189	315
1100	799
558	557
559	558
357	316
1102	559
215	317
527	318
514	319
451	560
486	561
487	562
912	320
1103	563
915	321
488	564
916	322
33	323
489	565
1104	566
712	324
906	567
267	325
1105	568
133	326
907	569
412	327
413	328
414	329
262	570
453	571
1107	572
411	330
99	331
340	573
561	574
198	332
205	333
562	575
563	576
479	334
1108	577
184	335
908	578
273	336
909	579
274	337
275	338
917	339
705	580
706	581
203	582
918	340
95	341
707	583
85	100
519	584
207	342
126	101
910	585
713	343
9	102
911	586
714	344
71	103
174	345
1110	587
1111	588
1119	346
199	104
744	589
139	347
239	105
1122	348
923	106
808	349
924	107
17	108
571	109
731	590
177	591
1123	350
260	592
346	351
1150	593
194	110
257	594
1124	352
169	111
1125	353
932	595
109	112
1126	354
933	596
10	113
595	355
290	597
404	356
721	114
732	598
718	357
722	115
733	599
384	116
110	358
471	359
131	117
115	118
1137	119
1	10
7	11
827	12
529	13
42	14
644	15
118	16
1025	17
193	18
530	19
236	360
1130	361
57	120
415	362
88	363
410	121
132	364
1138	122
97	123
1131	365
720	366
925	124
1133	367
927	125
212	368
1139	126
20	127
1134	369
725	128
37	129
230	20
34	21
359	22
49	23
348	24
138	25
535	26
505	27
1120	28
31	29
1135	370
36	371
70	130
226	372
467	131
202	373
266	132
334	374
572	133
1182	375
211	134
1184	376
68	135
494	377
495	378
276	136
48	137
44	379
124	138
122	139
26	30
302	31
405	32
63	33
127	34
2	35
1121	36
114	37
98	38
5	39
84	380
1188	381
560	382
277	140
168	141
946	383
130	142
426	384
69	143
423	385
424	386
637	144
425	387
1261	145
285	146
1189	388
743	389
1262	147
1264	148
986	149
40	40
385	41
566	42
567	43
128	44
101	45
83	46
35	47
103	48
91	49
1190	390
1191	391
1192	392
987	150
39	393
1265	151
715	152
335	394
52	153
336	395
738	396
263	154
155	155
818	397
381	398
812	156
809	157
1193	399
490	158
292	159
79	50
51	51
106	52
3	53
107	54
100	55
90	56
59	57
102	58
104	59
86	160
65	161
459	162
988	163
989	164
301	165
990	166
16	167
819	168
250	169
89	60
105	61
92	62
143	63
766	64
919	65
920	66
632	67
921	68
21	69
11	170
991	171
347	172
480	173
992	174
993	175
1267	176
6	177
1268	178
151	179
452	70
240	71
716	72
717	73
521	74
1014	75
164	76
12	77
810	78
231	79
23	180
995	181
1269	182
439	183
440	184
634	185
170	186
287	187
787	188
788	189
719	80
811	81
252	82
1127	83
1128	84
1129	85
135	86
24	87
1132	88
32	89
1272	190
789	191
137	192
1273	193
1274	194
996	195
506	196
507	197
456	198
64	199
460	90
1015	91
922	92
570	93
8	94
14	95
633	96
401	97
1136	98
403	99
477	1206
874	1205
475	1204
476	1203
1060	1202
550	1201
551	1200
672	1209
673	1208
674	1207
