29 2 19 2
458 4 90 4
162 2 16 2
217 2 23 2
641 2 31 2
642 3 48 3
165 3 56 3
462 4 73 4
53 2 26 2
4 2 55 2
1 8 157 7
7 3 46 3
827 2 32 2
529 2 26 2
42 3 41 3
644 2 29 2
118 2 39 2
1025 2 25 2
193 6 161 6
530 5 91 5
230 3 22 3
34 22 483 11
359 2 28 2
49 3 24 3
348 3 35 3
138 3 47 3
535 3 44 3
505 3 84 3
1120 2 19 2
31 4 33 4
26 3 23 3
302 3 25 3
405 3 42 3
63 2 24 2
127 2 24 2
2 3 28 3
1121 4 36 4
114 2 65 2
98 2 23 2
5 2 21 2
40 2 19 2
385 2 31 2
566 3 43 3
567 2 30 2
128 2 42 2
101 3 31 3
83 2 14 2
35 2 28 2
103 3 80 3
91 5 125 5
79 3 33 3
51 2 10 2
106 3 28 3
3 2 24 2
107 3 73 3
100 2 19 2
90 2 56 2
59 3 33 3
102 2 28 2
104 4 86 4
89 3 47 3
105 3 32 3
92 2 46 2
143 3 26 3
766 3 29 3
919 3 34 3
920 2 18 2
632 5 88 5
921 3 23 3
21 2 13 2
452 4 42 4
240 3 52 3
716 2 17 2
717 3 138 3
521 2 30 2
1014 5 73 5
164 2 22 2
12 5 85 5
810 2 36 2
231 2 35 2
719 2 16 2
811 3 43 3
252 3 49 3
1127 2 26 2
1128 2 16 2
1129 2 38 2
135 2 15 2
24 2 10 2
1132 4 59 4
32 3 42 3
460 3 22 3
1015 2 21 2
922 2 15 2
570 5 47 5
8 2 24 2
14 2 25 2
633 2 104 2
401 5 122 5
1136 3 30 3
403 5 65 5
85 2 16 2
126 3 34 3
9 2 14 2
71 2 37 2
199 10 149 7
239 2 13 2
923 4 64 4
924 2 22 2
17 2 25 2
571 2 61 2
194 2 23 2
169 2 30 2
109 3 68 3
10 2 32 2
721 2 21 2
722 2 13 2
384 5 42 5
131 2 60 2
115 2 34 2
1137 2 31 2
57 2 19 2
410 2 12 2
1138 2 31 2
97 2 61 2
925 3 46 3
927 4 37 4
1139 3 46 3
20 3 38 3
725 3 43 3
37 3 63 3
70 2 34 2
467 3 62 3
266 2 13 2
572 2 16 2
211 3 46 3
68 3 37 3
276 3 19 3
48 2 19 2
124 3 67 3
122 4 45 4
277 3 39 3
168 2 26 2
130 2 25 2
69 2 18 2
637 4 30 4
1261 3 58 3
285 3 58 3
1262 2 18 2
1264 3 51 3
986 2 19 2
987 3 21 3
1265 2 37 2
715 2 16 2
52 4 64 4
263 7 67 7
155 2 24 2
812 2 15 2
809 3 30 3
490 3 63 3
292 2 12 2
86 2 26 2
65 4 60 4
459 2 38 2
988 2 18 2
989 3 33 3
301 2 12 2
990 3 25 3
16 4 79 4
819 2 14 2
250 2 29 2
11 2 34 2
991 3 26 3
347 6 84 6
480 2 31 2
992 2 19 2
993 4 59 4
1267 6 142 6
6 2 36 2
1268 2 40 2
151 2 32 2
23 2 13 2
995 2 15 2
1269 3 37 3
439 4 88 4
440 3 50 3
634 2 44 2
170 2 33 2
287 2 24 2
787 2 17 2
788 4 64 4
1272 3 28 3
789 2 13 2
137 2 16 2
1273 2 24 2
1274 4 51 4
996 3 47 3
506 2 17 2
507 2 28 2
456 5 45 5
64 4 68 4
963 2 19 2
147 2 20 2
191 3 22 3
616 2 21 2
81 3 77 3
500 2 35 2
111 2 31 2
96 2 30 2
794 5 72 5
43 3 22 3
1275 4 46 4
125 2 22 2
884 3 46 3
393 2 19 2
1276 2 20 2
345 3 34 3
246 4 36 4
619 4 40 4
620 2 20 2
621 2 10 2
796 5 77 5
1040 2 23 2
854 2 18 2
1041 3 108 3
1042 4 31 4
80 2 16 2
227 5 85 5
536 2 23 2
537 2 26 2
856 4 29 4
664 2 11 2
163 2 17 2
38 2 27 2
858 2 12 2
299 2 31 2
665 4 75 4
182 2 28 2
78 4 34 4
293 3 18 3
19 2 32 2
225 2 19 2
1046 3 18 3
129 2 17 2
859 2 10 2
400 2 24 2
50 2 11 2
538 2 36 2
1047 2 24 2
769 2 21 2
113 3 28 3
94 3 17 3
1048 2 23 2
666 3 16 3
1050 2 48 2
860 2 21 2
771 3 65 3
395 4 42 4
1051 3 33 3
1052 3 21 3
861 4 52 4
862 2 17 2
13 2 39 2
1053 3 48 3
1054 2 21 2
300 2 25 2
186 3 66 3
780 3 21 3
863 2 15 2
864 4 48 4
15 4 81 4
27 2 20 2
396 5 41 5
667 5 54 5
187 2 19 2
61 3 50 3
542 6 108 5
213 2 16 2
782 3 73 3
121 3 22 3
472 2 33 2
47 3 35 3
473 2 22 2
22 2 10 2
402 4 40 4
867 2 17 2
354 2 24 2
866 2 15 2
669 5 144 5
670 2 26 2
1056 2 18 2
1057 3 41 3
547 9 132 7
548 2 38 2
549 2 13 2
1059 2 14 2
871 3 24 3
872 3 25 3
315 2 20 2
316 2 34 2
54 2 28 2
873 2 12 2
617 3 70 3
1061 3 36 3
1013 3 57 3
1109 2 13 2
214 2 15 2
520 2 14 2
1112 2 15 2
1113 4 68 4
1115 2 13 2
565 2 12 2
1116 2 19 2
1117 3 25 3
206 3 34 3
60 2 25 2
189 2 14 2
357 2 28 2
215 2 25 2
527 5 76 5
514 3 52 3
912 2 34 2
915 2 12 2
916 3 32 3
33 2 12 2
712 4 49 4
267 3 33 3
133 2 28 2
412 3 33 3
413 2 39 2
414 3 76 3
411 3 34 3
99 2 13 2
198 3 18 3
205 4 70 4
479 2 18 2
184 2 29 2
273 2 23 2
274 3 48 3
275 7 75 6
917 4 57 4
918 3 23 3
95 2 21 2
207 3 40 3
713 2 12 2
714 10 260 8
174 2 19 2
1119 3 62 3
139 2 34 2
1122 3 26 3
808 2 14 2
1123 2 52 2
346 4 74 4
1124 3 40 3
1125 2 31 2
1126 4 21 4
595 4 193 4
404 2 20 2
718 2 20 2
110 3 30 3
471 2 31 2
236 3 21 3
1130 2 91 2
415 2 18 2
88 2 27 2
132 2 17 2
1131 2 26 2
720 2 21 2
1133 2 37 2
212 2 17 2
1134 2 15 2
1135 2 34 2
36 2 14 2
226 2 16 2
202 2 31 2
334 2 45 2
1182 3 24 3
1184 2 29 2
494 2 23 2
495 2 16 2
44 4 75 4
84 2 15 2
1188 2 19 2
560 4 66 4
946 2 18 2
426 2 12 2
423 3 30 3
424 7 136 6
425 2 14 2
1189 2 30 2
743 2 10 2
1190 4 78 4
1191 2 18 2
1192 2 13 2
39 3 52 3
335 2 21 2
336 2 32 2
738 2 34 2
818 2 23 2
381 2 22 2
1193 2 22 2
568 3 49 3
948 9 86 6
1194 2 15 2
1195 3 26 3
949 2 29 2
1196 2 22 2
470 2 12 2
1197 2 15 2
238 3 25 3
588 6 171 5
1198 2 33 2
745 2 27 2
72 2 23 2
1199 2 31 2
1200 2 17 2
1201 2 20 2
1202 3 24 3
1203 3 44 3
746 3 19 3
950 2 15 2
1204 3 59 3
1205 7 114 5
1206 2 29 2
344 4 50 4
747 4 59 4
748 2 38 2
1207 2 27 2
370 2 20 2
427 4 40 4
428 2 16 2
951 2 18 2
952 9 201 8
1208 2 38 2
953 2 11 2
1246 2 20 2
306 3 26 3
612 2 37 2
496 2 44 2
1249 3 36 3
772 2 18 2
770 2 35 2
465 4 45 4
1250 2 19 2
178 2 61 2
291 2 32 2
776 2 23 2
777 3 36 3
778 2 26 2
779 2 17 2
1251 3 35 3
1252 2 14 2
822 2 16 2
1253 2 32 2
591 2 21 2
982 2 46 2
613 2 20 2
983 2 24 2
210 5 47 5
1254 2 17 2
1255 2 22 2
1256 4 52 4
330 2 20 2
984 2 21 2
1257 4 76 4
1258 2 11 2
134 2 26 2
1259 2 18 2
1010 2 15 2
516 2 11 2
985 2 19 2
781 2 12 2
646 4 60 4
1260 3 43 3
522 2 13 2
30 3 23 3
1263 2 20 2
1033 2 18 2
650 2 10 2
208 2 15 2
429 2 12 2
652 2 16 2
653 2 53 2
305 2 34 2
838 4 47 4
656 2 20 2
466 2 15 2
241 2 26 2
307 2 30 2
308 2 13 2
224 2 34 2
309 2 82 2
846 2 27 2
351 2 36 2
352 7 136 6
353 3 37 3
166 2 14 2
368 2 33 2
255 3 41 3
658 2 22 2
253 2 16 2
850 2 17 2
659 5 107 5
660 2 13 2
661 3 59 3
654 2 16 2
589 2 22 2
851 2 17 2
852 2 22 2
662 2 11 2
663 2 14 2
1039 2 10 2
853 2 45 2
55 2 12 2
855 2 33 2
146 4 72 4
857 2 20 2
1043 2 17 2
58 2 14 2
1044 4 42 4
1045 3 34 3
1085 2 16 2
1086 2 14 2
1087 2 17 2
183 3 17 3
172 2 56 2
195 2 15 2
145 2 20 2
196 2 14 2
197 3 32 3
969 2 32 2
893 2 16 2
557 3 44 3
515 2 14 2
691 2 10 2
692 2 17 2
1009 2 36 2
546 2 16 2
234 2 20 2
630 4 45 4
1095 4 40 4
1096 2 11 2
525 2 13 2
555 2 17 2
696 2 23 2
697 2 21 2
698 3 19 3
699 3 29 3
902 2 17 2
700 2 11 2
903 2 20 2
1099 4 94 4
518 3 60 3
905 2 17 2
150 2 23 2
140 2 16 2
701 5 48 5
702 3 47 3
558 2 12 2
559 4 32 4
1102 2 14 2
451 2 26 2
486 2 25 2
487 2 15 2
1103 2 13 2
488 2 23 2
489 2 22 2
1104 2 31 2
906 2 17 2
1105 2 10 2
907 2 13 2
262 3 30 3
453 2 24 2
1107 7 130 6
340 2 21 2
561 2 69 2
562 3 39 3
563 3 37 3
1108 3 27 3
908 3 52 3
909 2 23 2
705 3 26 3
706 2 16 2
203 3 28 3
707 4 40 4
519 3 39 3
910 5 63 5
911 3 33 3
1110 2 12 2
1111 2 14 2
744 2 23 2
731 2 19 2
177 2 24 2
260 2 28 2
1150 2 12 2
257 2 53 2
932 2 14 2
933 2 22 2
290 3 20 3
732 2 26 2
733 3 27 3
25 2 28 2
1018 4 99 4
391 3 23 3
173 3 32 3
1151 2 28 2
936 3 48 3
815 2 20 2
1152 3 35 3
1153 3 46 3
816 2 22 2
289 2 14 2
389 2 29 2
638 2 23 2
513 4 24 4
491 4 78 4
587 3 30 3
1156 3 45 3
938 2 18 2
216 2 21 2
1160 2 26 2
1161 2 41 2
1166 3 59 3
461 4 43 4
1169 2 25 2
1170 2 28 2
1171 6 184 6
1176 3 42 3
1178 2 20 2
74 2 34 2
1179 2 15 2
943 2 31 2
112 2 22 2
1181 2 19 2
1185 2 19 2
740 2 18 2
1186 2 18 2
284 2 34 2
365 2 25 2
366 2 18 2
367 2 38 2
965 9 253 8
1226 3 28 3
1012 3 43 3
45 2 46 2
636 3 47 3
117 2 14 2
967 3 46 3
75 8 159 6
601 2 36 2
756 3 32 3
264 3 33 3
970 2 21 2
603 5 49 5
604 3 102 3
605 3 26 3
757 2 20 2
758 2 58 2
1232 3 33 3
435 4 44 4
349 3 35 3
386 3 41 3
1233 2 38 2
1234 2 23 2
1235 2 50 2
350 3 37 3
457 2 18 2
1239 5 72 5
1240 4 42 4
1241 2 18 2
56 4 54 4
235 2 15 2
503 2 20 2
504 3 52 3
524 2 19 2
294 2 36 2
1244 3 29 3
765 3 42 3
973 2 27 2
611 2 18 2
974 2 52 2
975 2 42 2
976 4 53 4
977 2 47 2
978 3 19 3
979 2 12 2
980 3 37 3
523 2 15 2
767 2 10 2
768 2 10 2
1245 3 34 3
981 3 41 3
1247 2 22 2
120 3 24 3
1248 2 22 2
436 3 64 3
281 2 28 2
437 2 19 2
773 4 55 4
774 2 24 2
775 2 24 2
304 2 14 2
833 2 14 2
834 2 28 2
394 2 23 2
1030 2 11 2
830 2 33 2
831 2 16 2
531 3 33 3
532 2 18 2
1027 13 280 8
1028 2 25 2
1032 2 15 2
1031 2 12 2
647 2 17 2
590 2 52 2
837 2 10 2
154 2 24 2
468 2 22 2
469 3 27 3
836 2 17 2
28 3 36 3
651 2 24 2
1035 5 37 5
1034 2 27 2
655 2 15 2
750 2 28 2
840 2 27 2
369 4 57 4
839 2 51 2
256 3 30 3
533 2 27 2
534 2 22 2
842 2 18 2
1036 2 14 2
841 3 39 3
1038 2 51 2
233 2 43 2
298 2 15 2
845 2 27 2
1037 2 10 2
843 3 20 3
844 3 30 3
18 2 15 2
760 4 40 4
296 3 18 3
849 2 26 2
847 2 14 2
848 3 52 3
887 5 40 5
511 2 21 2
1080 3 21 3
628 2 39 2
886 4 56 4
1079 4 53 4
888 3 31 3
153 4 34 4
261 2 27 2
161 3 42 3
526 2 32 2
1081 2 21 2
1083 2 22 2
686 3 27 3
258 3 22 3
889 2 18 2
1084 4 70 4
93 5 86 5
1008 2 11 2
192 6 154 6
890 2 17 2
1090 2 31 2
1089 6 66 5
1088 2 17 2
248 3 23 3
687 2 12 2
688 3 49 3
689 2 29 2
474 2 46 2
892 2 27 2
891 2 12 2
251 2 76 2
897 6 97 6
894 2 13 2
895 2 24 2
1091 2 15 2
1092 5 49 5
484 2 44 2
341 3 29 3
485 2 20 2
1094 2 23 2
899 3 19 3
382 3 26 3
1011 4 63 4
406 4 45 4
407 3 31 3
408 3 42 3
409 2 13 2
478 2 15 2
77 3 28 3
358 3 23 3
1100 2 29 2
464 3 37 3
1017 4 60 4
1146 2 21 2
728 4 80 4
823 2 19 2
579 3 66 3
580 2 18 2
1148 2 12 2
931 3 98 3
1147 3 27 3
730 2 19 2
729 2 14 2
1149 4 97 4
814 2 28 2
108 3 31 3
282 2 21 2
418 2 21 2
283 3 74 3
148 2 16 2
581 2 28 2
66 2 41 2
934 2 10 2
935 3 27 3
564 2 18 2
1019 3 29 3
297 2 14 2
937 2 19 2
1154 2 21 2
1159 2 19 2
1158 2 22 2
735 3 86 3
1157 2 29 2
1164 2 21 2
1165 4 60 4
46 6 221 6
171 6 72 6
582 2 18 2
627 2 47 2
939 2 28 2
1173 3 22 3
1172 2 30 2
390 2 17 2
737 3 29 3
1168 2 10 2
188 2 40 2
493 2 45 2
797 2 16 2
940 2 25 2
941 2 12 2
817 2 14 2
209 2 16 2
1218 3 42 3
961 2 14 2
960 3 33 3
397 3 40 3
752 2 15 2
635 2 52 2
962 2 15 2
1220 3 21 3
1219 3 93 3
392 2 17 2
430 2 20 2
431 2 22 2
432 2 20 2
433 2 12 2
434 2 19 2
303 2 19 2
739 2 15 2
753 2 15 2
600 2 15 2
599 3 84 3
455 2 42 2
388 2 23 2
964 2 10 2
204 2 42 2
754 2 15 2
755 2 17 2
295 2 21 2
821 2 34 2
585 2 43 2
1225 3 22 3
399 2 41 2
41 4 47 4
966 3 34 3
272 2 11 2
602 2 12 2
363 2 22 2
1229 2 12 2
724 2 17 2
968 2 12 2
1228 2 18 2
1227 2 13 2
1231 4 62 4
606 2 28 2
759 2 14 2
1230 2 48 2
971 2 17 2
167 8 223 6
371 2 30 2
372 2 18 2
373 3 25 3
374 2 13 2
375 2 23 2
376 2 15 2
337 2 17 2
338 2 14 2
339 3 81 3
377 2 24 2
378 3 39 3
379 3 33 3
380 2 32 2
807 3 59 3
972 2 20 2
608 2 19 2
609 5 83 5
607 2 36 2
1238 2 36 2
763 2 13 2
761 4 76 4
762 3 45 3
501 3 24 3
502 2 20 2
1237 3 28 3
1236 2 15 2
764 2 73 2
512 5 144 5
398 4 40 4
1243 2 14 2
1242 2 22 2
610 2 13 2
1002 4 101 4
254 2 16 2
1284 4 33 4
1283 2 31 2
144 2 16 2
624 4 62 4
1289 2 20 2
1287 2 21 2
1285 5 73 5
149 2 30 2
1290 2 25 2
119 7 118 6
800 2 31 2
801 2 18 2
1291 2 25 2
802 2 15 2
152 2 12 2
1292 2 20 2
1005 2 15 2
1006 2 17 2
803 2 20 2
947 2 11 2
1295 2 16 2
1294 2 22 2
804 2 44 2
805 2 15 2
806 3 19 3
1293 6 104 6
825 2 37 2
824 3 29 3
639 5 64 5
640 4 95 4
1022 2 19 2
1020 2 75 2
1021 2 20 2
1024 4 28 4
643 3 61 3
826 2 12 2
1023 2 19 2
463 2 25 2
828 5 163 5
829 3 38 3
645 2 60 2
1026 3 49 3
832 3 39 3
219 2 18 2
220 3 43 3
221 2 22 2
222 2 18 2
223 3 85 3
218 3 41 3
1029 4 95 4
648 2 18 2
649 3 32 3
835 2 24 2
73 2 34 2
265 2 11 2
1063 5 126 5
553 2 20 2
879 2 21 2
878 2 19 2
180 2 32 2
679 2 30 2
877 2 43 2
1065 7 118 6
247 2 24 2
554 3 40 3
556 2 18 2
668 4 53 4
67 4 38 4
201 4 61 4
1068 3 46 3
1067 2 21 2
680 2 45 2
1066 2 11 2
882 3 93 3
881 5 189 5
880 2 21 2
1070 2 51 2
1069 2 13 2
323 2 54 2
322 4 50 4
321 2 17 2
320 2 25 2
1071 2 25 2
190 2 38 2
1073 2 19 2
1007 2 14 2
883 2 29 2
681 4 27 4
682 3 18 3
1072 4 56 4
1076 2 43 2
685 3 97 3
684 2 24 2
683 2 24 2
1075 2 36 2
1074 6 57 5
449 2 15 2
798 3 63 3
1078 2 10 2
885 3 29 3
259 2 18 2
1077 2 25 2
1082 4 39 4
723 2 21 2
1141 2 13 2
1140 2 22 2
926 2 19 2
360 2 14 2
362 2 19 2
361 2 88 2
1142 2 23 2
417 2 15 2
416 3 53 3
185 2 17 2
726 2 10 2
928 2 24 2
324 4 66 4
573 3 24 3
575 2 17 2
574 2 15 2
1143 5 67 5
1144 3 46 3
576 2 20 2
179 2 14 2
929 5 77 5
578 2 16 2
577 3 20 3
387 2 30 2
930 2 42 2
1145 2 35 2
813 3 40 3
727 2 14 2
1016 2 49 2
158 2 33 2
157 3 42 3
142 2 22 2
159 2 14 2
136 2 20 2
569 3 27 3
955 2 13 2
592 3 18 3
954 2 15 2
1209 3 30 3
228 2 19 2
286 2 19 2
1210 2 24 2
956 3 70 3
749 4 42 4
1211 2 21 2
957 2 33 2
1212 2 21 2
594 2 12 2
593 2 29 2
1213 2 13 2
237 2 20 2
116 3 44 3
1214 2 26 2
1215 2 17 2
958 3 24 3
1216 2 24 2
596 3 21 3
176 2 31 2
181 2 23 2
76 2 30 2
820 3 15 3
959 3 25 3
1217 2 25 2
751 4 100 4
123 2 29 2
1004 3 50 3
1224 2 22 2
1223 3 50 3
598 2 21 2
597 3 38 3
498 3 23 3
497 2 58 2
454 3 38 3
499 7 113 6
1222 3 24 3
1221 2 23 2
785 2 47 2
784 3 30 3
783 2 23 2
994 2 12 2
1266 3 62 3
1270 2 64 2
1271 2 23 2
786 2 26 2
356 2 41 2
615 4 75 4
614 2 22 2
343 2 12 2
441 2 14 2
82 3 54 3
790 3 39 3
792 2 13 2
62 2 48 2
997 3 23 3
280 2 17 2
279 3 57 3
278 2 13 2
793 2 27 2
156 3 54 3
618 2 14 2
442 2 10 2
310 3 66 3
795 2 21 2
657 2 42 2
87 3 28 3
448 3 60 3
447 4 74 4
446 2 61 2
445 3 30 3
444 2 18 2
443 2 18 2
998 2 20 2
528 2 21 2
622 3 21 3
1278 3 56 3
1277 2 95 2
508 2 15 2
623 2 28 2
1000 2 40 2
999 2 20 2
510 2 21 2
509 4 49 4
1280 3 39 3
1279 2 24 2
799 3 24 3
1282 2 21 2
1003 2 20 2
1281 2 49 2
141 2 18 2
1001 2 16 2
1288 2 20 2
1286 6 95 6
626 2 18 2
625 3 33 3
450 2 13 2
438 3 59 3
1049 2 19 2
541 2 33 2
200 2 38 2
540 2 11 2
539 2 33 2
865 2 13 2
243 2 23 2
242 2 10 2
245 2 15 2
244 3 99 3
543 7 118 6
1055 2 24 2
314 2 27 2
313 2 15 2
312 4 36 4
311 3 25 3
545 2 28 2
544 2 45 2
288 2 21 2
791 4 68 4
229 3 65 3
868 2 23 2
1058 2 35 2
355 2 22 2
552 3 46 3
870 8 131 7
869 2 17 2
671 3 23 3
551 2 48 2
550 2 23 2
1060 2 19 2
476 3 65 3
475 2 27 2
874 2 17 2
477 2 18 2
674 2 14 2
673 2 17 2
672 2 17 2
677 4 48 4
676 2 18 2
1062 2 78 2
675 2 14 2
319 5 137 5
318 2 25 2
317 3 27 3
875 3 103 3
678 2 25 2
1064 2 74 2
876 2 41 2
690 2 28 2
898 4 75 4
1093 3 24 3
629 2 23 2
896 4 142 4
693 2 31 2
383 2 15 2
901 2 31 2
900 3 23 3
483 7 139 6
482 2 19 2
481 2 14 2
695 2 17 2
694 2 15 2
1098 2 24 2
270 2 14 2
160 2 15 2
269 2 14 2
268 2 20 2
271 5 90 5
1097 3 86 3
704 2 15 2
631 2 30 2
703 2 21 2
904 2 18 2
1101 3 105 3
517 3 56 3
1106 2 27 2
175 2 20 2
1114 2 20 2
710 2 28 2
709 2 24 2
708 3 45 3
249 2 12 2
711 3 30 3
342 3 27 3
914 2 31 2
326 2 19 2
325 2 12 2
329 2 73 2
328 2 17 2
327 2 23 2
913 2 30 2
1118 2 12 2
1155 2 50 2
232 2 20 2
734 4 112 4
492 2 35 2
1163 2 24 2
1162 2 48 2
422 2 13 2
736 2 18 2
1167 2 41 2
421 2 25 2
420 3 61 3
419 3 31 3
942 2 12 2
1177 2 28 2
1175 3 21 3
333 2 16 2
332 2 10 2
331 5 124 5
1174 3 70 3
1183 4 117 4
944 3 102 3
1180 3 128 3
586 2 74 2
1187 2 17 2
583 2 25 2
584 4 277 4
945 2 18 2
364 2 15 2
742 2 23 2
741 7 143 7
