0 81 170 81 81 81 81 1 81 81 70 16 21 249 81 1329 
1 81 81 70 81 81 81 81 1267 81 81 1489 81 81 81 
2 21 338 81 81 1267 623 81 1267 81 81 81 735 81 81 81 81 
3 70 1489 81 16 81 81 81 81 81 1 81 81 81 81 70 249 81 
4 81 81 81 81 81 81 1267 81 1489 1 234 81 81 81 
5 21 21 1 623 1 81 81 338 21 81 81 81 81 89 254 1489 
6 81 81 81 81 81 81 81 249 1267 1489 81 1 1489 81 81 
7 81 1489 1 81 81 68 81 623 1267 81 21 338 629 68 81 
8 1267 1489 81 81 81 81 81 338 81 1 81 316 81 599 81 
9 81 81 1489 81 623 21 81 81 81 81 81 338 338 89 81 170 81 81 
10 1267 81 81 81 870 81 81 81 81 81 81 81 1 316 1024 
11 16 81 1489 1489 81 81 1267 115 81 81 81 81 81 
12 338 81 500 81 81 81 16 81 170 81 81 81 70 
13 338 81 1354 17 1598 81 81 81 81 81 170 81 81 
14 81 81 81 81 81 338 338 21 1 81 623 338 81 81 
15 81 1489 81 81 81 81 81 81 81 81 81 207 1 
16 81 81 81 81 81 81 21 81 81 81 81 81 81 16 97 292 81 
17 81 623 520 17 81 473 81 81 81 170 338 81 81 1489 917 
18 756 1 1 81 1489 473 81 70 372 81 16 81 21 81 81 81 
19 151 81 81 1 1489 623 114 1489 316 81 170 81 220 81 1489 81 81 
20 1267 1489 21 81 81 81 21 81 1267 81 338 81 81 81 
21 1267 81 167 81 81 81 21 338 81 1267 21 81 81 599 
22 81 81 81 1489 1024 81 81 338 81 81 81 81 81 81 81 81 
23 81 81 81 81 81 81 81 81 81 411 81 81 338 81 81 81 16 
24 1267 81 81 623 81 16 254 16 81 1267 
25 1267 81 16 1489 338 81 81 623 1267 81 81 81 81 81 81 81 81 
26 81 81 81 81 81 768 500 81 81 81 81 1489 81 81 81 81 
27 170 81 81 81 1489 1489 81 81 81 81 81 338 
28 1267 338 170 81 81 338 21 81 81 1267 81 81 81 81 81 
29 81 81 81 1489 81 81 21 411 81 81 81 1267 81 81 338 70 81 81 81 
30 81 1489 81 220 81 1267 81 81 16 81 338 81 97 81 167 
31 21 81 1 1 81 16 1 81 81 81 338 81 
32 81 21 97 81 623 1489 70 81 21 81 81 81 1 338 81 198 81 
33 1267 81 623 81 81 81 81 1 81 1 81 1 81 81 
34 21 81 81 81 1489 136 81 162 1489 16 60 81 779 81 17 1 
35 81 81 81 81 1489 81 16 81 81 70 1 81 286 21 
36 81 81 1389 81 234 1 81 338 81 21 1267 
37 1267 220 70 81 81 81 1 170 81 16 81 81 411 338 
38 1489 81 81 1489 81 1338 81 81 81 81 81 81 81 81 81 411 81 
39 81 81 81 958 1489 97 81 473 1249 81 81 338 
40 1 81 338 81 473 198 81 253 81 81 81 81 81 81 
41 81 81 115 1489 81 81 81 81 16 81 97 81 
42 1267 151 1024 81 81 81 623 81 81 1267 81 81 81 81 81 81 1629 81 
43 81 70 81 81 81 81 21 81 81 81 81 81 1489 81 81 81 
44 81 1489 1489 1489 286 81 81 81 221 1489 81 81 81 81 
45 66 1489 81 81 81 248 81 81 81 81 81 249 70 16 81 81 629 
46 81 70 1489 81 349 81 81 81 70 21 81 210 81 81 81 
47 170 81 81 81 81 81 17 81 81 1276 81 81 81 81 81 
48 70 1077 81 81 1489 81 16 663 170 16 338 1 81 81 81 
49 81 1267 81 338 623 286 411 81 1267 81 1 1 81 170 81 81 81 
50 1267 81 167 1489 81 81 81 81 81 1267 81 1 81 81 
51 756 1024 81 81 1489 97 81 17 1354 81 81 81 16 81 81 81 
52 1267 70 81 81 97 1 81 81 81 81 1267 629 1 81 81 81 
53 1267 81 81 343 81 623 1 81 1 1267 81 1489 81 81 
54 81 81 81 81 81 81 81 1354 81 16 81 81 70 
55 81 81 81 81 21 81 81 81 81 81 81 81 1290 81 81 316 1 1489 338 
56 81 1267 1489 411 81 81 70 81 1267 81 81 81 81 1 81 1629 599 
57 81 1489 81 81 81 21 1 81 81 234 81 81 81 
58 81 81 81 81 159 411 81 1354 81 16 1 81 81 81 81 
59 81 81 81 1489 170 81 21 81 338 1 81 81 16 
60 81 81 97 81 338 81 81 81 81 81 
62 81 623 1489 81 81 81 70 81 16 1 81 81 81 21 
63 81 81 81 623 1489 81 81 81 81 81 81 207 1 81 338 81 1489 
64 81 81 81 81 81 81 81 1 81 81 81 81 170 81 81 81 756 
65 1489 81 81 81 81 81 623 81 81 81 17 16 81 81 81 170 
66 81 1 81 81 81 81 81 97 411 1489 81 81 81 411 81 21 
67 1267 81 338 81 1489 1489 1267 81 81 81 81 70 81 338 
68 81 473 81 81 81 338 81 1489 81 81 81 
69 81 81 81 81 473 338 81 81 81 81 81 81 81 81 16 81 81 70 81 
70 1267 81 1489 81 1489 48 81 1267 81 81 81 1 81 262 
71 338 1 1267 81 81 81 81 1 81 70 81 16 81 
72 1489 81 81 81 1 1489 81 81 1267 81 
73 81 1267 1 81 81 1 220 81 1 1267 1462 81 81 1 81 81 
74 81 81 81 623 317 81 81 81 340 1267 
75 81 81 81 81 1604 81 81 81 81 81 81 81 81 1 
76 81 1267 21 81 1267 70 81 21 81 21 338 81 16 16 623 81 
77 1186 16 81 170 81 21 81 1 81 81 
78 81 81 81 81 1489 81 81 81 1 81 81 16 81 340 
79 1 81 81 81 48 81 81 81 81 81 81 21 81 
80 81 1489 81 97 81 81 81 1267 170 81 81 623 81 
81 1267 81 81 520 81 81 1267 81 338 81 16 81 81 81 
82 81 1267 81 81 81 81 81 81 1 1267 234 81 1267 81 21 81 81 81 1489 
83 81 70 81 97 81 338 81 81 81 81 1 16 81 
84 167 1267 81 338 81 1 473 81 1 870 81 81 262 81 81 81 81 
85 81 1489 81 1489 17 1489 81 81 21 21 1389 81 1 81 81 
86 81 411 1489 1 81 1462 81 1489 81 338 81 1 81 81 81 81 81 
87 81 81 487 81 81 81 81 81 81 81 16 81 1489 81 81 238 81 81 
88 1267 81 81 81 81 81 70 81 81 21 1267 
89 66 520 81 81 81 81 81 170 81 1 81 81 97 81 81 81 
90 81 338 170 623 81 81 81 81 81 81 170 81 1 
91 1267 81 81 81 81 81 1267 81 338 81 338 623 81 
92 81 1267 81 81 81 81 500 81 81 262 684 81 70 1267 21 81 81 623 
93 473 81 81 81 81 81 1338 16 338 210 81 338 81 
94 81 81 81 81 1338 81 81 81 81 81 81 81 81 81 81 170 
95 81 81 81 97 81 70 81 81 81 1489 1 623 1489 
96 1267 81 1267 81 21 81 167 81 81 81 1267 81 81 81 81 81 81 
97 1267 81 1489 81 1489 1267 81 81 81 1 81 81 81 338 81 
99 1267 81 81 81 81 81 81 81 81 408 1 81 81 1 81 
100 1267 1267 1 81 81 81 81 1 81 1267 81 81 81 170 81 49 
101 81 1267 167 81 1024 1 81 81 81 81 249 81 81 338 81 81 
102 1267 487 81 81 81 81 81 1267 81 81 70 338 81 81 81 
103 81 81 81 623 81 81 16 338 70 249 1164 81 
104 81 81 81 1489 623 81 81 81 81 338 81 1489 1489 81 81 
105 1267 81 81 81 81 81 81 81 81 623 81 81 
106 81 21 81 81 21 81 81 81 81 81 81 81 623 81 
107 81 81 81 81 81 81 623 21 81 170 81 81 
108 81 1489 338 623 81 81 81 81 81 1489 70 70 81 81 81 249 81 48 
109 1267 81 81 1 81 1267 473 81 136 81 81 81 81 411 
110 1267 756 81 21 1 81 81 1267 81 81 1489 81 81 81 70 
111 1267 81 81 1 81 81 81 81 81 81 81 1267 81 16 81 81 
112 1267 81 343 81 1267 81 1267 16 81 81 81 81 1489 
113 81 115 81 81 81 81 234 21 81 81 81 81 
114 81 1489 1267 21 81 81 81 81 1024 
115 1267 81 81 81 1489 338 81 411 1 1267 1024 81 1267 1 81 
116 81 81 81 1 81 81 81 623 81 81 254 81 81 81 81 81 81 
117 81 1489 17 170 411 81 220 81 81 411 81 1267 21 81 81 1 81 81 
118 1489 81 1489 81 81 1462 81 16 81 338 81 81 81 
119 81 249 1489 81 81 81 81 629 21 81 81 81 81 81 81 81 70 16 81 
121 473 1267 81 81 81 17 338 316 1267 81 338 411 81 81 81 81 
122 473 81 1489 81 81 81 81 81 81 16 170 81 81 338 292 81 
123 81 81 64 81 81 1024 338 1 81 81 1 70 81 97 81 338 
124 81 1489 81 81 473 81 1267 81 81 81 81 81 81 97 48 81 81 70 
125 623 473 81 349 1489 81 81 81 81 81 16 81 136 81 
126 1462 473 725 81 81 81 16 21 81 81 81 81 
127 70 150 411 81 623 81 81 81 81 81 81 81 81 81 81 81 
128 81 1489 623 1489 170 70 81 1267 170 81 81 1489 81 81 
129 338 97 70 1267 81 81 81 81 81 1267 70 249 81 81 81 
130 21 81 1494 81 159 81 81 81 723 81 1 81 81 81 81 81 
131 1267 81 81 81 81 81 81 81 81 81 81 81 411 81 
132 151 81 582 81 1489 1489 81 81 81 1 81 81 81 
133 126 1489 81 81 81 97 81 338 81 81 89 81 81 81 
134 81 81 81 81 81 81 81 1338 81 81 81 81 286 487 81 
135 170 1 1489 126 1338 70 81 234 1267 1489 16 1 81 238 
136 1267 81 623 126 1338 1267 1276 81 81 81 81 81 81 1489 
137 81 81 1489 81 81 81 81 81 81 81 81 81 338 70 81 21 
138 115 81 81 21 81 81 81 81 1267 81 81 81 27 81 1 
139 151 1489 81 81 81 81 81 81 81 81 81 81 81 220 
140 81 81 1489 81 81 81 81 81 81 81 81 338 16 1 
141 81 81 81 81 81 81 81 81 1 81 81 81 81 81 81 81 81 16 81 
142 338 81 81 70 338 81 411 21 81 170 
143 81 1 81 81 623 81 81 81 81 1 81 81 81 81 
144 81 81 1267 81 629 81 81 81 1 81 1267 81 338 81 167 81 1164 
145 81 81 81 16 81 81 81 81 81 81 16 1290 81 81 81 
146 81 1 1489 81 81 81 1267 338 1489 1389 81 81 81 81 81 81 81 
147 81 81 81 81 
148 1489 81 70 81 81 81 81 81 81 81 338 81 81 81 16 
149 338 210 16 1674 21 81 579 81 81 81 81 81 
150 81 81 338 1489 81 81 81 1 81 81 338 81 1489 81 1489 81 
151 1267 81 81 81 81 21 81 81 1267 21 81 81 170 81 81 81 
152 81 338 115 623 21 623 81 136 81 81 81 81 81 81 81 
153 473 81 81 81 170 473 81 
154 81 1 81 81 170 1267 81 81 81 1489 81 81 81 
155 756 1 1 81 81 81 473 473 81 207 1 81 81 
156 81 81 81 81 81 1 81 81 81 17 1489 81 81 
157 81 81 349 81 238 1 1 81 1 1489 81 170 81 81 
158 81 81 81 81 81 249 70 81 81 1489 81 338 
159 1489 81 81 81 81 81 81 1 81 81 81 81 485 81 81 
160 1267 81 81 1489 81 81 81 81 81 81 286 81 81 81 338 
161 1267 81 81 70 81 81 70 1267 81 81 81 81 338 81 81 81 
163 81 1674 81 81 21 81 623 81 575 81 81 1489 81 238 1 81 170 81 
164 582 1 81 81 81 70 81 81 81 81 16 16 81 
165 81 684 81 81 81 81 1 1 623 81 81 170 81 81 
166 81 81 81 1489 81 1489 81 81 81 1489 81 81 81 81 1 81 81 1489 81 
167 81 81 81 81 167 372 81 81 
168 81 81 958 411 1 81 81 
169 81 338 21 21 81 81 1039 70 81 338 16 21 254 81 
170 16 81 81 81 1489 81 81 510 81 1489 1267 
171 81 81 81 81 21 234 81 81 338 81 81 
172 81 1 81 81 81 81 
173 81 81 1489 170 1 81 81 170 81 1164 338 81 81 1 716 81 81 
174 1489 81 81 81 1489 81 870 81 81 81 81 
175 81 81 81 81 70 81 81 81 21 1389 81 81 81 81 81 
176 81 1267 81 81 582 81 81 1267 81 1561 81 81 338 81 16 
177 81 81 81 81 1 411 81 81 338 21 81 93 
178 81 1267 81 81 81 81 81 1489 338 81 81 81 81 170 16 81 
179 1267 338 167 81 623 81 81 48 286 1 81 70 81 81 
180 473 81 81 81 1546 662 81 81 81 286 
181 81 81 623 81 1 81 81 162 81 81 81 81 81 198 81 
182 418 1267 1267 81 1489 81 1 81 1155 81 81 81 81 21 81 
183 81 81 1389 16 81 958 81 338 81 81 
184 1267 81 81 81 81 21 1267 81 81 338 16 81 338 81 81 1629 81 
185 81 1 81 16 81 768 81 81 81 917 81 
186 81 1489 81 623 81 81 81 81 81 97 81 338 81 1318 81 81 
187 70 81 81 81 81 623 81 870 338 81 81 81 81 81 16 81 81 81 
188 1267 81 81 349 21 81 81 81 1267 1462 81 338 81 81 81 
189 81 81 684 81 1 81 81 81 1489 81 1489 81 
190 81 81 1489 81 81 81 81 81 81 81 81 81 338 81 292 
191 81 21 81 473 81 338 81 81 1 81 81 97 81 81 
192 167 81 81 338 81 81 220 136 81 81 81 81 81 97 286 81 
193 81 81 81 81 81 81 81 81 81 81 81 81 16 
194 81 500 81 81 81 81 81 338 1267 338 81 81 81 338 97 81 81 
195 81 21 81 167 81 81 338 81 81 81 81 81 81 81 81 81 
196 81 1024 81 70 81 372 81 81 1 81 623 411 21 81 81 
197 167 1267 81 81 70 70 81 81 1267 81 81 81 81 81 
198 1267 81 21 1489 81 81 1 1267 81 81 81 81 81 81 21 81 81 292 
199 81 81 81 1489 342 81 249 16 97 81 338 81 81 
200 81 473 81 81 338 870 1 81 81 1267 81 170 1 81 81 81 
201 1267 1489 1024 81 81 81 81 81 1267 21 81 81 81 21 
202 1489 1489 16 1489 97 17 81 210 81 81 81 81 81 81 16 81 623 210 
203 1 81 170 81 81 1 16 81 81 338 21 
204 81 81 81 97 81 729 81 338 
205 81 220 170 81 1489 1267 1462 81 81 81 623 210 81 
206 81 81 81 
207 81 1276 1267 1489 81 81 1489 81 81 81 81 81 81 81 81 81 81 
209 81 81 1267 81 81 81 81 1267 81 81 81 1 81 338 21 
210 70 81 81 70 81 81 70 
211 81 81 1489 81 81 81 81 249 81 16 81 81 81 70 81 
212 1267 81 81 81 1462 347 81 623 1267 81 81 81 70 81 768 170 81 
213 1267 81 81 81 81 81 81 1267 81 81 81 81 1 81 
214 338 756 81 623 81 1489 81 81 81 1267 81 81 81 81 81 
215 1267 81 81 70 81 81 81 81 81 338 81 81 286 
216 1267 167 411 81 1489 81 1 170 81 1267 
217 1267 1489 70 81 81 1267 21 262 81 81 81 81 1489 
218 170 81 81 81 623 81 81 81 411 170 81 81 81 
219 1267 81 81 1267 367 1267 81 1 81 81 70 81 81 
220 338 1 81 81 81 1489 1023 81 1 81 81 81 97 81 1 81 81 
221 81 81 81 81 81 1 623 81 170 1 132 338 81 81 81 814 81 
222 81 81 1489 170 81 1024 81 81 81 81 81 338 81 349 81 70 
223 70 81 1489 21 81 81 81 
224 81 1267 81 81 70 623 21 81 286 167 1267 81 338 81 81 
225 81 170 1389 81 81 1489 81 81 21 338 81 81 
226 1267 81 1489 70 81 1 97 870 81 81 81 1 81 81 
227 81 81 816 81 81 473 81 81 81 81 1 408 81 81 81 81 
228 81 21 81 97 81 1 81 1 81 81 81 81 286 
229 1489 167 824 623 21 81 662 170 1389 170 81 81 81 
230 81 81 81 70 81 81 81 81 81 81 81 1267 81 1489 16 81 
231 1 81 623 81 81 81 81 210 81 81 81 16 81 81 487 
232 349 338 81 81 338 81 1489 170 81 1 70 
233 81 1267 1489 81 1489 1 81 136 1267 81 81 16 81 623 
234 81 81 1 81 1489 170 81 81 81 81 1489 81 81 81 81 81 81 
235 1489 81 81 16 1489 222 81 81 81 1489 16 81 81 81 
236 473 81 81 81 81 81 81 81 1 198 16 81 81 81 
237 1267 81 1489 81 21 81 21 1267 81 81 81 81 349 16 81 81 
238 81 1267 411 167 97 1 81 81 81 1267 81 81 81 81 1276 81 70 
239 1 81 338 81 151 81 1024 81 1489 1 81 81 81 81 81 
240 81 97 367 81 338 1 70 663 1158 1489 788 449 16 81 
241 81 1267 500 81 81 16 17 81 81 1267 70 338 81 81 81 
243 81 1267 81 81 81 81 81 81 81 81 1267 81 81 81 338 81 
244 81 1489 623 81 70 81 81 16 81 81 1 81 81 16 81 81 338 81 81 
245 64 81 81 81 81 81 81 81 249 81 81 81 
246 81 1 81 870 1 81 81 81 1473 81 126 16 81 81 1 81 
247 80 81 70 81 81 81 81 16 81 81 81 338 81 207 81 81 
248 81 16 81 81 81 81 16 1 97 1489 81 81 81 
249 1489 81 1489 81 1489 81 81 16 81 16 81 16 81 81 
250 81 21 21 81 81 81 81 81 338 81 411 81 81 
251 349 1024 81 81 1 1489 81 81 915 114 81 81 
252 132 97 1267 81 81 1 1489 81 1267 
254 1267 1024 81 623 21 81 81 1462 338 1267 81 170 81 70 81 
255 81 81 81 81 81 81 81 81 81 81 81 81 81 151 81 
256 81 338 81 262 81 81 81 167 1163 136 81 81 81 81 81 
257 81 729 81 81 1267 
258 338 151 1489 81 81 16 81 21 81 81 81 60 81 779 81 286 
259 21 81 81 81 81 81 81 81 81 1318 81 81 81 81 
260 1267 81 81 623 81 81 1267 81 1267 1 81 81 338 81 81 151 1497 81 
261 167 81 338 623 1489 81 81 81 81 81 338 81 81 220 81 
262 81 1489 411 81 81 81 1186 338 81 238 1 170 81 81 81 81 
263 81 81 81 81 81 81 170 170 170 81 81 
264 81 81 81 126 81 81 1489 81 1 81 81 81 81 81 81 1489 81 81 1579 
265 81 81 81 92 1389 81 81 81 81 70 338 81 937 81 81 81 
266 1267 81 1489 81 81 1489 1 81 623 1267 81 1489 81 81 81 
267 473 81 81 81 81 422 1489 170 170 1 81 
268 756 70 1489 1489 81 81 81 623 21 81 81 81 349 1 1 
269 679 459 756 338 1 81 81 81 1 21 21 70 198 81 81 203 
270 81 81 1489 81 1489 411 81 81 81 81 21 177 81 1 81 81 81 
271 1489 81 170 81 81 238 81 81 81 
272 679 81 756 623 81 1267 81 81 21 338 170 81 81 903 
273 1267 81 64 623 81 81 81 21 1267 298 1 81 81 1 81 81 188 
274 170 81 81 81 81 81 81 170 81 81 81 81 81 1213 
275 81 1267 81 310 1489 81 349 473 623 81 81 81 
276 286 81 16 411 81 81 170 81 81 21 81 81 81 81 81 170 81 81 210 
277 1267 81 1489 81 81 1489 21 81 1267 81 21 1 81 81 81 
278 81 81 81 81 81 81 81 411 81 81 
279 81 81 1489 70 1489 81 81 81 81 1024 207 81 81 16 81 81 65 1579 
280 81 21 81 81 473 629 81 81 81 1 81 81 262 81 81 411 16 81 
281 1489 81 623 81 81 570 81 81 81 81 81 338 81 81 
282 1267 81 81 81 81 81 1267 81 81 81 81 623 81 81 
283 473 81 81 1489 81 70 81 81 81 70 16 81 170 249 81 
284 70 1267 81 1 81 408 81 81 357 16 1267 
285 1024 81 81 81 81 81 81 81 81 16 81 81 81 
286 81 582 81 81 81 81 81 81 81 97 81 70 81 623 81 81 81 
287 81 1267 81 81 1489 81 81 1489 81 81 1267 1 338 81 1489 81 
288 1267 81 338 81 1024 662 623 81 81 1389 81 81 81 81 
289 81 81 81 81 81 81 81 81 81 81 1 1267 81 81 
290 338 81 81 167 81 81 81 81 1 1489 81 81 81 81 81 
291 170 1489 81 81 81 81 1489 81 81 81 81 1462 81 81 1489 81 1489 81 
292 170 170 81 81 1489 623 1489 81 81 338 70 81 81 16 338 338 81 81 
293 81 81 81 81 338 81 81 81 81 81 81 81 81 81 81 81 
294 81 1267 1489 81 976 81 1267 1 170 411 81 81 81 97 170 81 1489 
295 170 81 92 81 81 338 81 81 81 81 81 81 81 1474 81 411 81 
296 1267 81 81 338 499 1267 81 1267 81 81 1489 81 81 338 81 
297 473 81 81 81 1489 81 81 81 95 81 81 1 81 16 97 81 
298 1267 81 81 81 81 81 1267 81 81 16 170 629 81 81 
299 81 220 1 81 81 81 81 81 1489 81 81 210 70 81 21 
300 1267 81 1489 1489 81 81 81 1267 81 81 81 198 1489 81 
301 81 1267 81 81 81 81 220 81 81 81 81 81 1267 81 81 81 
302 81 81 81 1 207 81 81 81 81 
303 1267 338 1 623 411 411 1164 81 1001 81 1267 338 
304 81 81 1 81 81 286 81 81 1489 81 97 338 1489 81 81 
305 1267 81 81 81 81 81 81 81 81 1462 338 81 81 81 81 
306 81 1489 81 81 81 1 1 81 81 81 81 81 81 81 
307 1267 81 81 81 81 81 1267 21 81 81 81 81 81 
308 81 81 81 81 81 81 81 81 21 81 81 81 473 81 338 81 81 
309 16 81 1 16 81 81 81 81 1014 81 81 286 
310 81 81 1267 81 81 81 81 81 1267 1267 81 473 21 338 210 349 238 81 81 
311 81 1267 81 1489 81 1 81 81 338 70 210 1 170 81 81 48 
312 1267 81 1 81 81 81 81 1267 81 81 81 81 81 1489 
313 1267 81 411 1 1489 1489 162 411 81 81 1267 
314 81 81 81 1489 81 81 81 1039 81 81 81 81 81 234 81 
315 1267 1267 81 81 21 1267 570 1267 81 81 81 81 21 81 81 81 81 
316 81 21 1546 81 662 16 684 81 1 16 81 81 81 
317 1267 81 17 253 81 81 81 81 81 1267 70 338 81 81 
318 338 81 97 623 16 81 81 81 81 81 249 81 292 
319 81 81 81 119 70 81 1 1267 81 81 81 81 623 81 
320 81 81 21 1489 1489 338 1462 81 81 81 81 81 81 81 81 81 
321 1027 338 21 1489 81 623 81 81 170 81 81 81 238 1489 81 81 81 
322 1267 500 1024 81 81 81 70 338 1267 81 81 21 70 238 81 81 81 
323 56 81 81 81 81 623 81 81 1267 81 771 81 81 16 81 81 81 
324 1267 81 338 81 81 1024 623 1489 81 1389 778 81 1267 81 81 81 338 
325 1267 1489 81 81 81 338 81 81 81 
326 81 81 81 623 81 1338 81 81 81 81 81 81 70 81 81 623 81 170 
327 338 115 1 81 338 81 81 81 81 81 81 81 167 81 
328 81 81 1489 342 81 21 81 81 16 81 81 70 70 81 
329 473 81 81 21 81 1489 81 1489 81 663 81 81 1 81 349 81 
330 1462 81 220 170 81 623 81 81 81 338 81 81 
331 81 81 16 81 1 198 81 81 81 1 81 81 
332 756 81 81 81 136 81 1267 81 663 81 81 253 1489 
333 81 81 286 1489 81 81 81 81 81 81 81 
334 16 81 81 81 81 1489 81 81 1489 81 81 81 81 81 81 81 
335 81 81 170 81 81 81 170 81 81 170 1318 81 338 81 
336 170 16 81 81 81 81 81 81 81 16 170 411 81 338 188 81 
337 1267 81 81 1489 81 81 81 338 81 1267 81 81 338 81 81 167 623 81 81 
338 81 81 81 81 81 81 16 249 81 81 81 81 170 
339 81 81 1163 136 16 16 1462 81 81 81 
340 1267 1668 1489 81 81 623 1267 81 97 81 81 81 81 
341 1267 459 81 81 81 81 81 81 1267 81 81 207 81 81 81 
342 220 1267 21 81 21 81 81 623 1489 70 81 16 70 338 238 81 1 
343 81 81 81 81 81 21 81 81 81 81 81 81 623 81 81 81 81 
344 81 1 81 1 81 81 81 81 81 254 81 
345 1267 1267 81 81 81 81 16 81 81 1267 81 81 81 81 81 1 81 
346 81 81 81 81 473 81 81 81 81 1 1 81 408 81 16 81 
347 81 81 16 1489 1489 81 81 1489 
348 81 1267 81 81 1 81 623 1489 1 81 338 
349 1267 1489 81 81 338 81 1267 81 81 81 81 338 81 81 81 
350 756 81 81 81 81 81 1 81 1 81 81 1 
351 81 81 1267 81 81 1489 81 81 238 338 1267 81 81 81 81 81 338 70 81 249 
352 81 81 1489 81 21 81 81 170 1267 81 81 1 81 170 81 81 81 
353 170 81 411 167 81 81 81 342 81 81 1489 81 1489 81 16 
354 81 81 21 81 81 81 81 81 81 81 81 81 207 81 
355 21 81 81 1489 81 338 81 81 1 81 81 81 81 342 
356 1267 170 81 81 16 81 21 81 81 1267 81 81 81 97 411 1497 81 70 
357 81 81 81 17 81 81 81 81 1594 81 81 81 81 
358 81 81 81 81 623 81 81 81 81 81 
359 81 1267 81 170 1489 17 81 81 1267 81 81 81 81 81 207 234 
360 81 81 1489 768 662 81 1 1 81 81 338 81 81 1 
361 81 81 81 81 411 81 81 81 81 81 81 1 81 81 81 81 81 81 
362 1267 81 81 623 81 81 1267 81 81 234 338 81 81 81 81 338 81 81 
363 170 170 81 349 1489 81 81 1489 1489 81 1489 1077 
364 81 81 81 81 81 
366 81 338 81 81 81 126 81 16 81 81 
367 81 338 81 1489 623 81 81 81 1001 21 81 170 338 338 81 81 
368 1267 249 81 92 705 81 81 573 1267 81 81 81 81 81 81 81 
369 1629 81 81 81 81 1489 81 81 81 81 81 81 81 81 70 81 
371 81 81 81 1489 1489 81 81 81 170 81 81 81 81 
372 1267 81 81 623 81 1 1267 1354 81 338 81 220 16 81 
373 816 81 81 81 81 21 81 81 81 81 81 1389 16 81 81 81 207 
374 81 81 81 81 16 81 338 81 81 81 1354 81 249 768 81 
375 16 81 21 81 81 81 170 81 629 81 16 788 81 97 81 
376 1 81 81 623 81 81 286 411 81 81 81 81 81 81 81 1489 81 
377 81 1462 81 81 1489 81 81 81 81 81 
378 81 81 411 81 81 81 81 56 1 81 81 81 81 81 81 81 
379 81 81 649 778 81 170 81 81 1 81 81 1489 81 81 
380 459 1489 473 349 81 81 349 81 81 1 81 81 81 81 
381 81 81 81 28 17 286 81 1489 81 70 81 81 81 81 81 
382 473 411 81 81 81 81 338 338 81 81 81 81 81 81 16 81 
383 1489 81 81 238 220 81 81 768 81 81 81 1 21 338 81 81 
384 81 81 1489 81 579 1 81 1489 81 1489 81 95 81 81 
385 81 81 81 81 81 81 1389 81 81 81 81 65 81 81 
386 81 81 81 81 81 81 338 81 81 21 81 97 81 70 81 338 81 
387 1 81 81 81 1489 81 372 70 81 81 338 81 81 1 
388 81 220 81 81 81 16 81 338 1267 
389 21 81 81 81 81 81 81 1 81 16 81 81 81 81 
390 81 1267 81 21 1267 1489 81 1267 70 81 16 81 210 81 81 
391 81 81 170 81 1 81 81 81 81 81 1267 
392 81 81 81 1024 81 81 81 81 81 81 81 81 81 81 1489 
393 81 81 81 1 1338 338 1 338 16 1338 81 1338 1338 1 81 81 
394 81 1267 816 1489 81 81 81 16 338 262 81 81 220 81 
395 81 21 21 623 81 81 1 81 81 81 81 234 81 81 81 81 97 81 
396 81 338 473 81 81 1267 81 81 81 167 756 81 81 1164 
397 81 81 170 81 81 81 81 1267 
398 81 81 115 623 1489 81 1489 170 81 81 21 81 81 170 684 81 
399 81 81 81 338 136 81 81 1 81 81 81 1 81 81 81 
400 500 81 81 81 81 1489 81 81 70 81 81 81 97 81 81 81 
401 81 1489 1 81 1364 81 81 81 81 1 81 81 81 16 81 338 81 
402 167 81 170 81 81 81 81 81 207 81 1267 
403 81 1 81 81 1267 81 81 81 81 234 21 338 81 27 
404 1267 1267 81 81 81 81 1462 1 81 1267 473 81 81 81 
405 81 500 81 253 1 81 1338 1267 1267 81 81 81 97 1489 81 81 81 338 
406 81 81 21 81 81 21 81 21 81 996 81 16 1 170 
407 170 81 81 1489 81 81 81 70 81 81 81 1489 81 16 
408 81 1267 81 81 81 81 81 81 81 81 1267 81 338 570 338 81 81 
409 1267 1267 81 81 310 17 81 81 1267 81 81 1267 81 408 126 
410 81 1267 1489 81 70 114 81 1267 81 81 81 81 81 242 81 
411 81 21 81 1489 81 170 81 81 81 81 338 1 207 81 81 
412 81 81 81 1 81 170 81 81 81 81 81 81 81 198 1489 81 
413 81 1267 1 81 81 81 81 81 81 81 1267 
414 81 81 1 338 207 951 1039 207 81 81 81 207 81 81 21 
415 81 81 1489 81 1024 81 81 81 170 81 338 249 81 1 81 81 338 
416 1267 81 81 81 81 1267 21 81 338 81 79 69 81 338 81 
417 81 81 81 81 81 1489 81 81 81 28 1 81 81 81 81 81 81 
418 1489 81 81 81 81 81 81 1 81 16 81 1 16 16 81 81 81 
419 81 582 81 81 170 1489 81 81 81 349 81 81 81 81 207 
420 81 81 81 81 81 
421 81 170 81 81 81 81 81 81 81 81 1489 
422 81 81 81 81 81 210 81 1267 81 17 210 210 81 
423 1 81 81 81 1462 81 81 81 81 81 16 81 81 207 81 81 1489 
424 1267 1 1489 81 81 81 81 81 81 81 1267 81 81 
425 1 16 1 207 81 207 81 81 
426 170 81 81 81 1489 1 81 81 81 81 81 97 473 349 81 81 
427 81 582 347 81 81 81 249 1620 623 1489 81 81 
428 1267 170 81 1 81 81 81 249 1267 81 126 16 81 81 81 349 81 17 
429 81 1267 81 768 338 623 1489 21 81 81 1267 81 81 81 81 81 
430 170 170 1267 81 81 81 81 81 81 1267 81 81 1389 210 81 21 
431 81 1489 21 81 81 338 411 81 81 81 81 81 1489 
432 1024 81 1 81 81 1489 126 81 81 81 81 81 1389 21 1 473 16 81 81 
433 81 81 81 1489 81 81 114 81 81 81 623 1267 
434 81 81 81 81 81 81 170 81 1489 81 81 1489 81 
435 81 81 500 623 81 21 1448 81 16 81 155 81 81 16 81 1 1489 
436 1267 411 81 21 81 81 81 81 81 81 81 349 81 
437 1389 81 81 81 81 81 81 1489 81 623 81 
438 81 81 81 81 81 81 81 662 81 623 21 81 70 
439 81 81 81 70 81 1462 70 81 1 81 1276 81 903 
440 1267 220 81 81 81 81 81 81 81 1489 81 81 81 170 81 81 81 
441 1267 756 81 338 81 1267 254 81 338 81 81 81 81 81 1 21 
442 338 21 81 81 81 81 870 81 81 81 81 81 81 1 81 81 1 81 
443 1462 81 81 81 81 1489 81 81 81 81 81 
444 81 81 81 81 81 81 81 81 81 81 81 81 81 81 
445 81 1267 81 81 70 81 81 1267 1489 81 81 81 81 
446 81 81 81 81 81 81 81 
447 81 81 170 81 81 81 81 81 81 81 1 1 81 81 81 81 
449 1267 81 768 81 81 81 81 1267 81 408 1 81 1158 1491 
450 81 81 81 1489 338 81 81 1 338 81 81 81 
451 81 220 81 81 81 81 81 81 81 1489 768 81 
452 81 1267 1024 1024 1489 81 81 81 81 408 1267 81 81 81 81 81 
453 81 81 81 81 21 81 1267 81 16 81 81 81 16 249 
454 81 81 1 1489 81 81 81 81 81 70 81 81 81 81 81 81 
455 81 81 81 81 81 408 81 81 81 81 81 
456 1267 81 81 81 81 81 1267 81 1489 81 249 411 81 21 
457 81 1489 1 81 81 81 623 338 81 1 81 338 81 623 81 21 81 
458 81 81 81 81 238 81 81 1489 81 473 220 81 81 198 81 16 70 81 81 
459 81 81 1489 1489 623 81 81 1 81 81 21 81 81 97 234 1489 1489 
460 81 81 81 81 338 81 81 81 
461 81 81 81 81 81 81 81 81 81 81 81 81 81 81 
462 81 207 81 16 81 1 81 81 16 81 81 338 1 
463 81 81 1489 81 81 1514 81 81 170 81 81 81 81 1 286 210 81 81 81 
464 623 81 81 338 1389 81 81 81 81 1 81 81 70 623 
465 81 81 81 81 1462 81 21 1489 170 81 81 81 81 81 81 
466 81 81 1267 81 81 81 81 81 81 81 81 1 1267 81 81 81 
467 81 126 81 81 473 338 81 1267 81 1 81 81 81 81 
468 1489 411 81 411 1338 21 81 629 81 81 210 81 21 338 81 81 81 
469 1489 1489 81 1489 1489 81 1489 1489 1267 81 81 996 65 81 
470 81 151 81 21 1489 81 81 81 81 16 207 81 81 81 
471 170 1267 81 1489 207 16 81 81 1489 81 81 1267 
472 1267 81 70 81 81 81 81 81 70 16 1 81 
473 338 1267 81 81 81 81 81 1267 81 81 81 81 81 81 
474 473 81 81 1489 16 81 81 1462 81 81 81 81 81 
475 81 81 81 623 81 81 70 338 1267 1462 81 81 81 70 81 
476 81 81 81 411 81 81 81 338 81 81 338 1 81 338 81 81 
477 81 81 170 81 81 81 81 170 81 21 81 81 81 81 81 338 
478 220 81 81 1489 17 81 81 81 338 170 21 81 1489 
479 170 70 115 81 1489 81 81 81 81 338 81 97 623 338 81 81 
480 1267 81 21 17 81 81 1267 81 338 81 81 81 81 81 1 81 338 
481 16 81 1489 16 1489 1489 1489 81 81 81 411 338 81 
482 210 81 1024 81 81 81 1 81 81 81 81 81 81 16 81 81 338 
483 81 81 97 81 81 81 1489 81 
484 81 81 81 623 81 372 81 712 81 1489 81 81 81 81 81 81 
485 756 1267 81 70 1489 81 81 81 1267 81 81 81 81 81 81 81 
486 81 756 16 16 81 1489 81 1 684 81 81 81 1 1062 349 81 81 
487 81 207 81 1 1489 81 81 623 81 81 81 1489 81 
488 81 81 1489 81 81 81 81 1411 1489 903 
489 81 16 81 1489 81 81 170 81 81 81 81 81 81 17 81 
490 1462 81 1489 81 81 81 81 1267 
491 1489 81 81 81 81 1489 81 81 81 1 81 249 81 81 81 81 
492 16 81 81 286 81 81 81 1489 81 81 81 81 81 81 338 81 70 81 
493 582 1489 1489 81 81 81 210 81 81 1 81 81 81 81 81 
494 81 81 1489 1489 81 1 81 1489 338 81 
495 81 81 81 81 220 81 81 1489 81 81 81 1489 81 81 81 81 1489 81 
496 1 81 81 81 81 629 1 473 1489 81 81 684 1489 249 
497 70 1489 1489 81 221 81 81 81 338 81 81 81 16 81 81 81 
498 1267 81 81 623 81 81 81 81 1164 1267 1 167 210 170 81 
499 338 70 81 81 81 1489 81 81 81 81 81 81 16 
500 1523 1489 1489 81 16 81 940 338 1489 81 81 81 81 
501 418 70 1024 1 81 1489 81 81 1489 81 1 81 81 81 81 623 81 81 16 
502 81 81 81 81 81 81 81 81 81 81 81 81 338 81 
503 81 81 81 81 623 81 170 81 70 81 81 81 170 81 81 81 
504 1267 151 81 81 81 249 1267 1 234 81 81 81 81 16 81 167 
505 81 81 1489 81 81 1489 81 81 81 103 81 81 16 1489 81 81 
506 81 81 81 81 81 411 485 1 81 1598 81 81 
507 151 81 81 81 81 1267 81 81 408 81 81 338 21 
508 81 1 81 21 16 81 623 81 81 81 81 623 81 1489 
509 81 81 1489 81 81 1489 81 81 1489 
510 81 81 81 81 81 81 81 207 97 81 81 70 81 
511 1267 81 81 210 81 1267 81 1267 81 81 81 81 338 338 81 623 
512 1267 623 338 81 338 81 81 81 81 81 16 1579 1489 
513 1267 81 81 81 81 81 81 338 1267 81 1389 16 81 81 
514 81 21 1 21 1489 126 81 81 1338 81 81 81 1 81 16 81 338 81 
515 1 81 1489 170 238 81 81 81 1 81 349 623 81 81 81 
516 1489 81 27 81 81 81 81 81 411 81 70 16 65 81 
517 1267 97 81 81 81 81 1267 1489 81 170 81 27 81 411 81 
518 1267 338 81 81 81 136 81 1267 70 81 81 623 21 81 
519 81 81 81 81 623 1489 1489 207 1462 207 81 16 81 207 81 1489 1489 
520 81 16 81 338 81 81 70 81 81 81 81 81 81 
521 81 97 81 81 81 81 81 81 21 81 1267 81 81 81 81 81 
522 81 81 81 1024 81 81 81 81 81 81 81 1267 81 132 81 81 81 81 
523 81 1267 151 81 81 81 623 1494 1267 81 81 16 338 338 81 81 81 
524 1267 81 81 623 81 81 81 1267 167 167 81 81 81 81 
525 1674 1267 81 1489 1267 81 81 1267 1489 1489 81 338 81 81 70 81 81 
526 338 1267 338 81 81 81 1267 81 81 81 1389 81 234 81 81 
528 1267 21 81 81 81 1267 1598 81 1267 1 338 1 408 81 97 81 
529 81 81 629 623 126 81 81 81 81 81 81 16 81 81 21 48 81 
530 1267 81 1 81 81 81 17 81 81 81 1267 81 81 408 
531 70 81 1489 81 1489 81 81 1 81 338 81 
532 97 81 81 81 21 81 170 81 81 1489 1 81 81 81 81 81 
533 1267 115 81 1489 167 623 473 81 349 1267 81 1 132 81 81 1276 81 81 81 
534 151 81 1647 97 21 81 81 1 316 338 21 662 
535 81 81 81 81 81 1276 81 81 81 81 623 81 
536 81 1267 81 81 81 623 81 1489 81 81 1267 70 81 81 81 
537 170 1684 81 81 81 170 65 81 81 81 81 
538 81 126 1489 81 81 1514 81 81 81 81 70 81 97 81 81 
539 1267 16 1489 81 81 338 81 1267 81 81 81 81 81 136 
540 81 1489 81 81 81 81 1489 81 81 81 170 81 
541 81 81 81 81 81 81 1514 81 249 1267 1 81 81 81 
542 81 81 81 81 81 81 81 81 81 81 81 81 81 81 
543 81 81 81 81 81 623 338 
544 411 1267 81 81 81 81 81 81 81 1489 81 1267 
545 81 16 81 81 1489 81 629 1489 21 170 81 1039 81 70 81 
546 81 81 81 81 1489 81 81 170 81 81 81 81 70 338 81 81 81 81 
547 1267 81 167 21 81 81 372 1267 1 81 81 81 97 
548 1267 81 81 81 81 81 1267 338 81 1267 81 81 81 81 338 81 1629 
549 575 81 81 81 81 262 338 81 1489 
550 21 81 81 1489 81 1489 1267 81 81 81 81 81 411 
551 81 21 81 81 1489 81 132 81 238 768 338 
552 81 81 81 1489 81 81 210 1489 81 
553 238 81 81 81 81 81 81 81 81 
554 81 81 81 81 81 81 81 81 1249 81 16 81 81 65 81 16 81 
555 1267 81 81 1489 623 81 81 81 1267 411 81 81 81 561 81 338 903 
556 81 81 81 81 81 
557 1489 81 81 81 623 81 81 81 21 81 1 81 170 623 81 81 81 
558 81 81 81 1276 81 70 81 1 81 81 1315 81 81 
559 1267 81 81 623 253 81 81 338 81 1267 81 170 81 81 1489 81 
560 1489 623 81 1 1267 286 338 81 81 81 81 81 81 
561 81 81 81 81 338 81 1462 81 81 81 81 1 81 81 81 81 136 81 1489 
562 81 81 81 81 1489 81 81 1267 81 81 81 81 81 1 1497 81 
563 81 81 81 81 81 81 21 1267 81 81 81 1489 81 132 81 81 338 81 
564 81 81 81 81 16 81 81 1489 81 81 170 81 81 338 1 338 81 
565 81 81 81 623 92 1 81 81 81 81 97 81 81 81 81 81 81 338 
566 1267 81 81 81 1489 1267 81 81 81 81 81 81 81 81 81 
567 1267 81 1 81 81 81 81 170 1267 81 81 21 81 249 81 
568 81 1489 81 81 81 338 81 81 1489 81 81 81 1 
569 1 81 1489 81 81 81 81 338 81 81 16 81 81 97 81 81 
570 81 81 81 81 21 81 81 81 170 81 16 81 81 81 81 81 81 1489 81 
571 1267 170 21 1 81 1267 81 1267 1 1290 97 1024 81 
572 81 1489 81 81 81 1594 349 81 81 81 21 1594 623 81 
573 81 81 81 81 81 81 81 170 210 81 81 70 
575 81 1267 81 81 1 81 81 81 1489 81 1267 81 1 1489 1489 81 81 
576 81 81 81 210 81 1276 81 338 1 81 338 81 81 81 81 81 
577 48 81 623 16 81 81 81 81 81 81 81 338 81 81 16 81 81 
