0 9 402 7
1 5 92 5
2 7 83 5
3 5 106 5
4 3 38 3
5 6 305 5
6 2 42 2
7 8 137 6
8 3 55 3
9 3 22 3
10 2 20 2
11 4 54 4
12 3 28 3
13 5 181 5
14 5 125 5
15 2 14 2
16 2 33 2
17 2 29 2
18 5 41 5
19 2 44 2
20 2 18 2
21 2 17 2
22 2 22 2
23 4 33 4
24 5 90 5
25 5 168 5
26 4 74 4
27 4 275 4
28 2 12 2
29 6 71 5
30 7 230 6
31 3 42 3
32 2 33 2
33 10 74 5
34 2 15 2
35 4 28 4
36 2 30 2
37 2 70 2
38 2 11 2
39 3 32 3
40 2 12 2
41 3 122 3
42 4 38 4
43 5 40 5
44 3 38 3
45 2 11 2
46 2 24 2
47 2 36 2
48 2 17 2
49 3 28 3
50 2 13 2
51 2 51 2
52 3 36 3
53 3 39 3
54 4 107 4
55 2 12 2
56 2 26 2
57 2 25 2
58 2 12 2
59 2 13 2
60 6 49 5
61 3 72 3
62 2 21 2
63 5 62 5
64 2 22 2
65 6 88 6
66 3 34 3
67 4 20 4
68 2 21 2
69 2 61 2
70 2 27 2
71 3 29 3
72 2 12 2
73 4 28 4
74 3 24 3
75 3 36 3
76 3 52 3
77 3 51 3
78 15 328 10
79 3 27 3
80 3 18 3
81 2 18 2
82 2 32 2
83 2 14 2
84 2 46 2
85 3 18 3
86 2 23 2
87 2 76 2
88 4 59 4
89 2 25 2
90 3 24 3
91 5 100 5
92 7 119 5
93 2 23 2
94 3 28 3
95 3 37 3
96 3 37 3
97 2 13 2
98 2 11 2
99 2 16 2
100 7 78 5
101 2 31 2
102 2 21 2
103 6 81 5
104 2 21 2
105 2 11 2
106 3 30 3
107 2 19 2
108 2 45 2
109 2 23 2
110 2 30 2
111 2 14 2
112 2 26 2
113 2 10 2
114 3 47 3
115 3 22 3
116 2 12 2
117 2 32 2
118 4 39 4
119 2 15 2
120 2 18 2
121 2 12 2
122 2 53 2
123 4 104 4
124 2 19 2
125 9 84 6
126 2 30 2
127 3 48 3
128 2 13 2
129 3 27 3
130 3 35 3
131 2 21 2
132 3 169 3
133 2 14 2
134 2 19 2
135 2 16 2
136 4 37 4
137 2 19 2
138 4 71 4
139 2 10 2
140 2 14 2
141 3 29 3
142 3 29 3
143 3 19 3
144 2 13 2
145 3 24 3
146 2 13 2
147 5 124 5
148 2 18 2
149 2 11 2
150 2 23 2
151 2 13 2
152 2 38 2
153 2 13 2
154 3 135 3
155 2 31 2
156 4 37 4
157 7 2189 7
158 2 13 2
159 2 51 2
160 2 16 2
161 3 36 3
162 2 14 2
163 5 233 5
164 3 28 3
165 2 21 2
166 2 20 2
167 3 21 3
168 2 12 2
169 4 33 4
170 2 126 2
171 3 25 3
172 2 12 2
173 2 11 2
174 2 19 2
175 2 28 2
176 2 17 2
177 2 22 2
178 2 15 2
179 2 21 2
180 2 18 2
181 2 27 2
182 5 34 5
183 2 46 2
184 3 67 3
185 2 18 2
186 3 37 3
187 2 58 2
188 3 47 3
189 2 25 2
190 2 17 2
191 3 39 3
192 2 25 2
193 2 11 2
194 2 16 2
195 3 22 3
196 2 37 2
197 2 40 2
198 2 22 2
199 3 59 3
200 4 72 4
201 3 20 3
202 2 16 2
203 4 34 4
204 3 20 3
205 4 55 4
206 2 41 2
207 2 10 2
208 2 12 2
209 2 22 2
210 2 11 2
211 2 13 2
212 3 52 3
213 2 18 2
214 2 36 2
215 2 15 2
216 3 37 3
217 2 19 2
218 2 19 2
219 4 93 4
220 5 57 5
221 2 17 2
222 2 11 2
223 2 60 2
224 4 64 4
225 2 19 2
226 4 45 4
227 2 11 2
228 2 20 2
229 2 24 2
230 2 21 2
231 2 13 2
232 3 51 3
233 2 11 2
234 3 50 3
235 2 19 2
236 2 22 2
237 5 76 5
238 2 13 2
239 5 144 5
240 2 13 2
241 10 168 7
242 8 195 7
243 11 206 8
244 2 34 2
245 3 97 3
246 2 17 2
247 2 23 2
248 3 26 3
249 2 20 2
250 2 11 2
251 2 16 2
252 3 20 3
253 2 20 2
254 3 90 3
255 2 12 2
256 2 13 2
257 4 92 4
258 2 41 2
259 3 37 3
260 4 69 4
261 2 20 2
262 2 19 2
263 2 14 2
264 2 15 2
265 2 40 2
266 2 14 2
267 3 25 3
268 2 104 2
269 3 62 3
270 3 27 3
271 2 18 2
272 2 12 2
273 3 31 3
274 12 353 8
275 5 104 5
276 2 12 2
277 2 311 2
278 4 35 4
279 5 49 5
280 3 64 3
281 2 44 2
282 3 25 3
283 2 14 2
284 2 13 2
285 2 16 2
286 5 64 5
287 2 15 2
288 2 51 2
289 3 35 3
290 3 411 3
291 2 25 2
292 2 13 2
293 2 43 2
294 2 11 2
295 2 77 2
296 3 116 3
297 3 18 3
298 2 21 2
299 2 15 2
300 2 13 2
301 2 21 2
302 3 51 3
303 2 11 2
304 2 17 2
305 2 24 2
306 3 45 3
307 2 18 2
308 2 20 2
309 2 24 2
310 2 11 2
311 2 16 2
312 3 19 3
313 3 28 3
314 2 17 2
315 2 11 2
316 2 19 2
317 2 12 2
318 2 24 2
319 5 59 5
320 2 11 2
321 2 14 2
322 3 25 3
323 2 12 2
324 4 93 4
325 2 32 2
326 3 21 3
327 4 43 4
328 3 40 3
329 2 31 2
330 3 80 3
331 3 31 3
332 5 101 5
333 2 15 2
334 2 22 2
335 2 10 2
336 2 18 2
337 2 11 2
338 4 79 4
339 2 10 2
340 2 31 2
341 2 17 2
342 2 10 2
343 2 10 2
344 2 38 2
345 2 12 2
346 2 15 2
347 2 18 2
348 2 183 2
349 2 14 2
350 2 11 2
351 2 17 2
352 3 88 3
353 5 83 5
354 6 355 6
355 2 18 2
356 2 11 2
357 2 23 2
358 2 32 2
359 4 59 4
360 2 11 2
361 3 36 3
362 3 19 3
363 5 86 5
364 8 91 7
365 2 21 2
366 2 17 2
367 4 41 4
368 3 23 3
369 2 21 2
370 3 21 3
371 2 48 2
372 2 23 2
373 2 30 2
374 2 12 2
375 2 13 2
376 2 21 2
377 2 25 2
378 2 15 2
379 3 71 3
380 2 15 2
381 2 19 2
382 3 65 3
383 2 14 2
384 2 19 2
385 2 11 2
386 3 44 3
387 3 48 3
388 2 12 2
389 2 26 2
390 2 13 2
391 2 11 2
392 2 28 2
393 2 15 2
394 2 18 2
395 3 20 3
396 10 123 7
397 2 12 2
398 2 10 2
399 2 13 2
400 3 30 3
401 3 24 3
402 4 39 4
403 2 15 2
404 5 157 5
405 5 137 5
406 2 15 2
407 2 21 2
408 2 15 2
409 2 11 2
410 2 18 2
411 2 28 2
412 2 10 2
413 2 12 2
414 2 70 2
415 7 366 7
416 2 12 2
417 5 49 5
418 2 25 2
419 3 102 3
420 2 19 2
421 2 31 2
422 5 108 5
423 3 69 3
424 5 59 5
425 3 17 3
426 2 26 2
427 3 23 3
428 2 16 2
429 2 24 2
430 3 80 3
431 2 21 2
432 2 32 2
433 4 52 4
434 2 15 2
435 5 60 5
436 2 16 2
437 5 186 5
438 3 41 3
439 2 24 2
440 2 14 2
441 2 33 2
442 2 11 2
443 2 17 2
444 2 10 2
445 2 10 2
446 2 39 2
447 3 56 3
448 2 68 2
449 2 12 2
450 2 11 2
451 4 121 4
452 2 13 2
453 2 13 2
454 3 52 3
455 5 140 5
456 3 19 3
457 5 70 5
458 2 41 2
459 2 14 2
460 3 24 3
461 3 30 3
462 2 15 2
463 4 28 4
464 2 22 2
465 2 13 2
466 3 59 3
467 3 48 3
468 4 140 4
469 3 24 3
470 2 14 2
471 2 14 2
472 2 19 2
473 4 27 4
474 2 15 2
475 2 10 2
476 2 15 2
477 2 27 2
478 2 23 2
479 2 17 2
480 2 11 2
481 3 19 3
482 2 25 2
483 2 48 2
484 4 45 4
485 2 27 2
486 4 34 4
487 3 19 3
488 2 18 2
489 2 14 2
490 9 134 8
491 2 19 2
492 2 13 2
493 2 23 2
494 3 17 3
495 2 18 2
496 2 25 2
497 2 41 2
498 2 19 2
499 2 11 2
500 3 129 3
501 2 12 2
502 2 12 2
503 2 15 2
504 2 11 2
505 2 16 2
506 2 23 2
507 2 15 2
508 2 17 2
509 2 17 2
510 2 12 2
511 3 22 3
512 3 100 3
513 2 13 2
514 4 86 4
515 2 16 2
516 2 17 2
517 3 29 3
518 2 30 2
519 2 23 2
520 2 17 2
521 2 12 2
522 3 38 3
523 2 13 2
524 2 22 2
525 2 18 2
526 2 10 2
527 2 53 2
528 2 13 2
529 3 16 3
530 2 38 2
531 6 70 5
532 3 28 3
533 2 17 2
534 2 12 2
535 5 64 5
536 2 15 2
537 4 239 4
538 2 10 2
539 4 26 4
540 2 16 2
541 2 11 2
542 2 20 2
543 2 27 2
544 3 24 3
545 2 16 2
546 3 32 3
547 2 15 2
548 3 37 3
549 2 15 2
550 2 15 2
551 2 17 2
552 2 41 2
553 4 76 4
554 2 10 2
555 3 134 3
556 3 29 3
557 3 73 3
558 2 12 2
559 2 16 2
560 2 36 2
561 3 29 3
562 3 70 3
563 2 25 2
564 2 18 2
565 2 19 2
566 2 40 2
567 2 12 2
568 2 14 2
569 2 18 2
570 2 26 2
571 2 10 2
572 4 30 4
573 2 15 2
574 2 28 2
575 2 14 2
576 2 12 2
577 2 23 2
578 2 44 2
579 2 63 2
580 2 20 2
581 2 15 2
582 3 32 3
583 2 25 2
584 2 24 2
585 3 35 3
586 2 11 2
587 2 10 2
588 2 19 2
589 2 53 2
590 2 18 2
591 2 10 2
592 4 91 4
593 2 21 2
594 2 16 2
595 4 660 4
596 2 18 2
597 3 31 3
598 2 33 2
599 2 38 2
600 2 15 2
601 2 57 2
602 3 48 3
603 2 12 2
604 2 25 2
605 3 116 3
606 2 13 2
607 2 50 2
608 2 18 2
609 3 46 3
610 3 60 3
611 2 18 2
612 2 16 2
613 3 64 3
614 2 22 2
615 2 15 2
616 2 13 2
617 4 55 4
618 2 13 2
619 2 34 2
620 3 18 3
621 2 10 2
622 2 15 2
623 5 55 5
624 3 50 3
625 3 39 3
626 2 53 2
627 2 22 2
628 17 553 10
629 2 14 2
630 2 16 2
631 2 14 2
632 4 40 4
633 2 33 2
634 3 22 3
635 2 13 2
636 4 82 4
637 3 37 3
638 3 184 3
639 3 61 3
640 2 11 2
641 2 15 2
642 3 67 3
643 2 31 2
644 2 15 2
645 2 31 2
646 2 14 2
647 2 22 2
648 2 14 2
649 2 35 2
650 2 17 2
651 2 13 2
652 2 33 2
653 2 37 2
654 2 24 2
655 2 23 2
656 2 55 2
657 2 18 2
658 2 22 2
659 3 18 3
660 2 12 2
661 3 43 3
662 2 31 2
663 2 10 2
664 3 38 3
665 2 22 2
666 2 14 2
667 3 39 3
668 4 175 4
669 4 37 4
670 2 13 2
671 3 31 3
672 2 22 2
673 2 17 2
674 2 13 2
675 2 27 2
676 3 17 3
677 2 20 2
678 2 84 2
679 3 171 3
680 2 12 2
681 2 23 2
682 2 34 2
683 2 13 2
684 2 16 2
685 2 10 2
686 3 23 3
687 2 18 2
688 2 23 2
689 2 18 2
690 2 12 2
691 2 14 2
692 4 31 4
693 2 19 2
694 2 12 2
695 2 26 2
696 2 36 2
697 3 46 3
698 2 17 2
699 3 106 3
700 2 30 2
701 2 18 2
702 3 33 3
703 3 31 3
704 2 20 2
705 2 55 2
706 4 60 4
707 2 25 2
708 2 20 2
709 3 19 3
710 4 83 4
711 2 27 2
712 2 54 2
713 2 14 2
714 6 244 6
715 3 141 3
716 2 28 2
717 7 285 6
718 2 19 2
719 2 11 2
720 2 12 2
721 2 41 2
722 4 41 4
723 2 21 2
724 2 50 2
725 2 18 2
726 2 11 2
727 2 18 2
728 2 12 2
729 3 25 3
730 3 40 3
731 4 83 4
732 4 62 4
733 3 76 3
734 4 38 4
735 2 14 2
736 2 12 2
737 2 23 2
738 2 10 2
739 2 16 2
740 3 26 3
741 2 35 2
742 2 15 2
743 2 16 2
744 3 38 3
745 2 17 2
746 2 15 2
747 2 14 2
748 2 10 2
749 3 17 3
750 2 22 2
751 2 39 2
752 2 29 2
753 2 18 2
754 2 17 2
755 2 18 2
756 2 56 2
757 3 38 3
758 2 15 2
759 2 15 2
760 4 93 4
761 2 130 2
762 3 32 3
763 2 18 2
764 2 11 2
765 2 42 2
766 2 18 2
767 3 29 3
768 2 14 2
769 2 50 2
770 2 32 2
771 2 14 2
772 5 61 5
773 2 46 2
774 2 12 2
775 2 29 2
776 2 35 2
777 2 16 2
778 2 12 2
779 2 11 2
780 2 23 2
781 2 33 2
782 2 17 2
783 2 14 2
784 4 74 4
785 2 10 2
786 2 31 2
787 3 91 3
788 2 25 2
789 2 31 2
790 2 23 2
791 3 22 3
792 2 22 2
793 2 32 2
794 2 20 2
795 2 20 2
796 2 11 2
797 2 17 2
798 2 11 2
799 2 12 2
800 2 15 2
801 2 31 2
802 2 16 2
803 2 14 2
804 2 20 2
805 3 17 3
806 2 12 2
807 4 47 4
808 2 13 2
809 2 19 2
810 2 57 2
811 2 710 2
812 2 16 2
813 2 27 2
814 3 18 3
815 2 17 2
816 2 12 2
817 2 31 2
818 2 27 2
819 2 21 2
820 4 32 4
821 2 26 2
822 9 154 7
823 2 12 2
824 2 10 2
825 2 35 2
826 3 40 3
827 3 25 3
828 2 16 2
829 2 14 2
830 3 72 3
831 2 57 2
832 2 18 2
833 2 34 2
834 2 22 2
835 2 62 2
836 2 12 2
837 2 36 2
838 2 20 2
839 2 12 2
840 3 58 3
841 2 16 2
842 2 21 2
843 2 13 2
844 2 17 2
845 2 25 2
846 2 17 2
847 2 16 2
848 2 29 2
849 2 25 2
850 2 13 2
851 2 20 2
852 2 17 2
853 6 336 5
854 2 17 2
855 2 19 2
856 2 12 2
857 3 102 3
858 2 12 2
859 2 19 2
860 2 18 2
861 2 15 2
862 2 32 2
863 2 19 2
864 2 15 2
865 2 71 2
866 3 25 3
867 2 14 2
868 2 24 2
869 2 25 2
870 2 27 2
871 2 25 2
872 2 39 2
873 2 14 2
874 2 15 2
875 3 35 3
876 2 14 2
877 2 53 2
878 2 25 2
879 2 15 2
880 2 73 2
881 2 39 2
882 2 16 2
883 2 22 2
884 2 61 2
885 2 52 2
886 4 32 4
887 2 11 2
888 2 23 2
889 2 68 2
890 3 103 3
891 2 14 2
892 3 63 3
893 5 94 5
894 4 31 4
895 2 30 2
896 2 16 2
897 2 23 2
898 2 19 2
899 2 11 2
900 2 16 2
901 2 17 2
902 2 14 2
903 2 53 2
904 3 26 3
905 2 38 2
906 2 11 2
907 2 23 2
908 2 26 2
909 2 61 2
910 2 12 2
911 2 24 2
912 2 11 2
913 2 42 2
914 3 26 3
915 2 27 2
916 2 28 2
917 3 80 3
918 2 79 2
919 2 11 2
920 4 51 4
921 3 24 3
922 2 12 2
923 2 26 2
924 3 25 3
925 2 12 2
926 2 19 2
927 2 11 2
928 2 17 2
929 13 432 9
930 2 11 2
931 2 18 2
932 2 21 2
933 3 17 3
934 3 22 3
935 4 55 4
936 3 61 3
937 3 37 3
938 2 11 2
939 3 20 3
940 3 24 3
941 2 30 2
942 5 147 5
943 2 10 2
944 3 19 3
945 2 10 2
946 2 31 2
947 2 57 2
948 4 61 4
949 5 99 5
950 2 15 2
951 2 26 2
952 3 19 3
953 2 13 2
954 3 115 3
955 2 42 2
956 2 27 2
957 2 14 2
958 2 28 2
959 2 56 2
960 2 19 2
961 2 15 2
962 4 59 4
963 2 11 2
964 3 32 3
965 3 34 3
966 2 38 2
967 2 13 2
968 2 43 2
969 2 37 2
970 2 28 2
971 2 42 2
972 2 10 2
973 3 30 3
974 2 32 2
975 2 16 2
976 2 33 2
977 2 26 2
978 2 17 2
979 4 43 4
980 3 22 3
981 2 23 2
982 4 519 4
983 2 14 2
984 2 25 2
985 2 12 2
986 2 14 2
987 3 25 3
988 2 13 2
989 2 24 2
990 2 22 2
991 2 12 2
992 2 21 2
993 2 12 2
994 3 40 3
995 2 20 2
996 2 30 2
997 2 26 2
998 2 14 2
999 2 33 2
1000 3 33 3
1001 3 62 3
1002 2 13 2
1003 2 16 2
1004 2 21 2
1005 2 25 2
1006 5 156 5
1007 2 14 2
1008 3 83 3
1009 2 34 2
1010 2 12 2
1011 2 16 2
1012 2 32 2
1013 2 35 2
1014 3 47 3
1015 2 11 2
1016 2 14 2
1017 2 21 2
1018 3 51 3
1019 2 29 2
1020 2 39 2
1021 2 16 2
1022 2 17 2
1023 4 91 4
1024 2 13 2
1025 3 45 3
1026 2 18 2
1027 3 24 3
1028 2 13 2
1029 2 18 2
1030 3 43 3
1031 2 35 2
1032 2 18 2
1033 2 65 2
1034 3 152 3
1035 2 16 2
1036 3 28 3
1037 2 14 2
1038 2 25 2
1039 2 22 2
1040 3 20 3
1041 2 30 2
1042 3 83 3
1043 2 15 2
1044 2 37 2
1045 2 12 2
1046 2 18 2
1047 2 75 2
1048 2 13 2
1049 2 16 2
1050 2 29 2
1051 2 14 2
1052 2 51 2
1053 2 13 2
1054 3 29 3
1055 2 18 2
1056 2 11 2
1057 2 12 2
1058 2 26 2
1059 2 19 2
1060 2 10 2
1061 2 14 2
1062 2 46 2
1063 2 43 2
1064 4 26 4
1065 2 14 2
1066 2 19 2
1067 2 28 2
1068 2 51 2
1069 2 15 2
1070 2 16 2
1071 2 35 2
1072 3 19 3
1073 2 23 2
1074 3 29 3
1075 3 35 3
1076 2 15 2
1077 2 18 2
1078 2 15 2
1079 4 284 4
1080 3 30 3
1081 2 36 2
1082 2 11 2
1083 2 43 2
1084 3 26 3
1085 3 71 3
1086 4 51 4
1087 4 58 4
1088 2 21 2
1089 2 38 2
1090 2 13 2
1091 2 12 2
1092 2 19 2
1093 4 56 4
1094 2 10 2
1095 3 28 3
1096 2 26 2
1097 2 24 2
1098 3 36 3
1099 2 12 2
1100 2 21 2
1101 2 10 2
1102 2 38 2
1103 2 18 2
1104 2 24 2
1105 2 15 2
1106 2 14 2
1107 2 22 2
1108 2 16 2
1109 2 10 2
1110 3 23 3
1111 2 13 2
1112 2 48 2
1113 2 11 2
1114 2 15 2
1115 2 17 2
1116 2 106 2
1117 2 13 2
1118 2 16 2
1119 3 85 3
1120 2 12 2
1121 4 78 4
1122 2 11 2
1123 2 34 2
1124 2 35 2
1125 2 12 2
1126 2 19 2
1127 4 471 4
1128 2 21 2
1129 2 15 2
1130 2 15 2
1131 2 16 2
1132 2 19 2
1133 2 50 2
1134 2 13 2
1135 3 34 3
1136 2 16 2
1137 2 18 2
1138 2 14 2
1139 2 35 2
1140 2 17 2
1141 2 19 2
1142 2 11 2
1143 2 18 2
1144 2 22 2
1145 2 33 2
1146 2 29 2
1147 2 26 2
1148 2 27 2
1149 2 15 2
1150 2 19 2
1151 2 46 2
1152 2 12 2
1153 2 16 2
1154 2 11 2
1155 2 14 2
1156 3 27 3
1157 2 11 2
1158 2 18 2
1159 2 11 2
1160 2 12 2
1161 2 31 2
1162 2 17 2
1163 2 43 2
1164 2 20 2
1165 2 42 2
1166 3 18 3
1167 2 24 2
1168 7 170 6
1169 2 11 2
1170 2 16 2
1171 2 12 2
1172 2 18 2
1173 2 18 2
1174 2 47 2
1175 2 210 2
1176 2 14 2
1177 2 13 2
1178 2 29 2
1179 2 23 2
1180 2 40 2
1181 2 15 2
1182 3 20 3
1183 2 10 2
1184 2 15 2
1185 2 72 2
1186 2 28 2
1187 3 145 3
1188 3 18 3
1189 4 60 4
1190 2 24 2
1191 2 11 2
1192 2 22 2
1193 4 269 4
1194 2 72 2
1195 2 13 2
1196 2 68 2
1197 2 14 2
1198 2 28 2
1199 2 13 2
1200 3 32 3
1201 2 18 2
1202 2 13 2
1203 2 16 2
1204 2 39 2
1205 2 31 2
1206 2 15 2
1207 2 18 2
1208 2 28 2
1209 2 14 2
1210 2 19 2
1211 2 10 2
1212 2 22 2
1213 2 21 2
1214 4 183 4
1215 4 48 4
1216 2 40 2
1217 2 20 2
1218 2 14 2
1219 3 39 3
1220 2 16 2
1221 2 24 2
1222 2 18 2
1223 2 26 2
1224 2 20 2
1225 3 27 3
1226 3 64 3
1227 2 18 2
1228 2 19 2
1229 2 27 2
1230 2 17 2
1231 3 22 3
1232 2 27 2
1233 2 26 2
1234 4 80 4
1235 2 43 2
1236 2 14 2
1237 2 12 2
1238 2 16 2
1239 2 12 2
1240 2 40 2
1241 2 21 2
1242 2 114 2
1243 2 19 2
1244 2 80 2
1245 2 13 2
1246 2 24 2
1247 2 13 2
1248 3 103 3
1249 2 26 2
1250 2 16 2
1251 3 29 3
1252 2 13 2
1253 2 14 2
1254 5 98 5
1255 2 20 2
1256 2 18 2
1257 4 37 4
1258 2 16 2
1259 3 43 3
1260 2 15 2
1261 2 45 2
1262 2 24 2
1263 2 13 2
1264 4 39 4
1265 2 37 2
1266 2 50 2
1267 4 73 4
1268 2 17 2
1269 2 38 2
1270 2 21 2
1271 2 10 2
1272 4 30 4
1273 2 13 2
1274 2 20 2
1275 2 36 2
1276 4 22 4
1277 2 19 2
1278 3 103 3
1279 2 14 2
1280 2 12 2
1281 2 12 2
1282 2 19 2
1283 2 18 2
1284 4 60 4
1285 2 17 2
1286 2 27 2
1287 3 42 3
1288 4 71 4
1289 2 10 2
1290 2 174 2
1291 2 23 2
1292 3 25 3
1293 3 30 3
1294 2 27 2
1295 2 19 2
1296 11 169 8
1297 2 24 2
1298 2 19 2
1299 4 572 4
1300 2 47 2
1301 2 18 2
1302 2 26 2
1303 2 25 2
1304 2 17 2
1305 2 15 2
1306 2 45 2
1307 4 32 4
1308 3 141 3
1309 2 12 2
1310 2 18 2
1311 2 40 2
1312 2 20 2
1313 2 15 2
1314 2 23 2
1315 2 28 2
1316 3 165 3
1317 2 27 2
1318 2 13 2
1319 3 21 3
1320 3 31 3
1321 2 30 2
1322 2 13 2
1323 2 15 2
1324 2 17 2
1325 2 17 2
1326 2 12 2
1327 2 31 2
1328 2 20 2
1329 2 30 2
1330 2 19 2
1331 3 22 3
1332 2 12 2
1333 3 32 3
1334 2 24 2
1335 2 27 2
1336 2 14 2
1337 2 31 2
1338 2 22 2
1339 2 11 2
1340 2 61 2
1341 2 16 2
1342 4 92 4
1343 2 21 2
1344 3 35 3
1345 2 14 2
1346 3 46 3
1347 2 51 2
1348 2 13 2
1349 2 139 2
1350 2 12 2
1351 3 68 3
1352 2 12 2
1353 3 18 3
1354 2 21 2
1355 2 15 2
1356 2 12 2
1357 2 17 2
1358 5 74 5
1359 2 18 2
1360 2 30 2
1361 3 73 3
1362 2 23 2
1363 2 18 2
1364 2 51 2
1365 2 51 2
1366 3 48 3
1367 2 13 2
1368 2 19 2
1369 2 13 2
1370 3 31 3
1371 2 18 2
1372 2 24 2
1373 2 43 2
1374 2 23 2
1375 2 30 2
1376 4 38 4
1377 2 24 2
1378 2 13 2
1379 2 14 2
1380 2 75 2
1381 2 174 2
1382 2 16 2
1383 3 60 3
1384 2 17 2
1385 3 63 3
1386 3 23 3
1387 2 16 2
1388 2 17 2
1389 2 13 2
1390 2 17 2
1391 2 20 2
1392 2 52 2
1393 2 25 2
1394 2 10 2
1395 2 15 2
1396 3 19 3
1397 2 13 2
1398 3 50 3
1399 2 10 2
1400 2 15 2
1401 2 23 2
1402 2 13 2
1403 2 21 2
1404 2 35 2
1405 3 27 3
1406 2 13 2
1407 3 38 3
1408 2 11 2
1409 2 37 2
1410 2 50 2
1411 2 25 2
1412 2 40 2
1413 2 104 2
1414 3 33 3
1415 2 14 2
1416 2 17 2
1417 3 24 3
1418 2 20 2
1419 2 16 2
1420 2 11 2
1421 2 44 2
1422 2 16 2
1423 2 20 2
1424 3 53 3
1425 2 14 2
1426 2 10 2
1427 3 92 3
1428 2 18 2
1429 2 19 2
1430 2 29 2
1431 3 16 3
1432 2 12 2
1433 2 20 2
1434 3 61 3
1435 2 18 2
1436 3 29 3
1437 2 10 2
1438 2 14 2
1439 2 29 2
1440 3 65 3
1441 2 23 2
1442 2 14 2
1443 3 61 3
1444 2 12 2
1445 3 20 3
1446 2 19 2
1447 2 11 2
1448 2 76 2
1449 2 15 2
1450 2 25 2
1451 2 12 2
1452 2 31 2
1453 2 13 2
1454 2 10 2
1455 2 25 2
1456 2 12 2
1457 4 60 4
1458 2 63 2
1459 2 17 2
1460 4 55 4
1461 2 17 2
1462 2 11 2
1463 3 26 3
1464 2 18 2
1465 2 19 2
1466 2 19 2
1467 2 15 2
1468 2 14 2
1469 2 56 2
1470 2 15 2
1471 2 18 2
1472 2 13 2
1473 4 59 4
1474 2 20 2
1475 2 14 2
1476 3 50 3
1477 2 30 2
1478 2 22 2
1479 2 16 2
1480 2 21 2
1481 2 29 2
1482 3 31 3
1483 2 13 2
1484 2 60 2
1485 2 18 2
1486 2 36 2
1487 2 28 2
1488 2 14 2
1489 2 11 2
1490 2 19 2
1491 2 22 2
1492 2 16 2
1493 2 24 2
1494 2 20 2
1495 2 49 2
1496 2 12 2
1497 3 62 3
1498 2 11 2
1499 2 13 2
1500 2 14 2
1501 2 19 2
1502 3 214 3
1503 2 26 2
1504 3 26 3
1505 2 18 2
1506 2 17 2
1507 2 16 2
1508 2 14 2
1509 2 10 2
1510 2 59 2
1511 3 38 3
1512 3 140 3
1513 2 27 2
1514 2 15 2
1515 2 17 2
1516 2 16 2
1517 2 14 2
1518 2 35 2
1519 2 13 2
1520 2 17 2
1521 2 10 2
1522 2 33 2
1523 2 15 2
1524 2 23 2
1525 2 29 2
1526 2 14 2
1527 2 11 2
1528 2 23 2
1529 2 18 2
1530 4 42 4
1531 3 74 3
1532 2 26 2
1533 3 34 3
1534 4 87 4
1535 2 42 2
1536 2 16 2
1537 2 20 2
1538 2 10 2
1539 2 19 2
1540 2 64 2
1541 2 26 2
1542 2 13 2
1543 3 119 3
1544 2 29 2
1545 2 15 2
1546 2 76 2
1547 2 25 2
1548 2 14 2
1549 2 19 2
1550 4 76 4
1551 3 95 3
1552 2 37 2
1553 2 16 2
1554 2 91 2
1555 2 22 2
1556 2 32 2
1557 2 11 2
1558 2 12 2
1559 2 24 2
1560 4 51 4
1561 2 17 2
1562 3 31 3
1563 2 42 2
1564 2 19 2
1565 3 57 3
1566 2 22 2
1567 3 21 3
1568 2 176 2
1569 2 10 2
1570 2 18 2
1571 2 28 2
1572 3 51 3
1573 2 21 2
1574 2 17 2
1575 2 42 2
1576 3 38 3
1577 2 18 2
1578 2 21 2
1579 2 17 2
1580 2 10 2
1581 2 17 2
1582 2 24 2
1583 2 12 2
1584 2 52 2
1585 2 18 2
1586 4 216 4
1587 2 10 2
1588 2 19 2
1589 2 12 2
1590 2 14 2
1591 2 60 2
1592 2 45 2
1593 2 15 2
1594 3 60 3
1595 2 19 2
1596 2 11 2
1597 2 16 2
1598 2 35 2
1599 2 13 2
1600 3 66 3
1601 2 22 2
1602 2 12 2
1603 5 62 5
1604 2 12 2
1605 2 14 2
1606 2 11 2
1607 2 10 2
1608 2 33 2
1609 5 64 5
1610 2 39 2
1611 2 15 2
1612 3 30 3
1613 2 14 2
1614 2 35 2
1615 2 30 2
1616 2 24 2
1617 2 23 2
1618 2 11 2
1619 2 63 2
1620 2 27 2
1621 2 12 2
1622 2 15 2
1623 2 16 2
1624 2 18 2
1625 3 33 3
1626 2 27 2
1627 2 19 2
1628 2 14 2
1629 2 157 2
1630 3 33 3
1631 2 13 2
1632 3 96 3
1633 3 26 3
1634 2 11 2
1635 2 32 2
1636 2 39 2
1637 2 10 2
1638 3 29 3
1639 2 25 2
1640 3 59 3
1641 3 20 3
1642 3 40 3
1643 2 60 2
1644 2 15 2
1645 2 21 2
1646 2 13 2
1647 3 20 3
1648 2 17 2
1649 3 28 3
1650 2 15 2
1651 2 12 2
1652 2 30 2
1653 2 11 2
1654 2 18 2
1655 3 35 3
1656 2 18 2
1657 2 12 2
1658 2 11 2
1659 3 94 3
1660 2 10 2
1661 2 18 2
1662 3 45 3
1663 3 23 3
1664 2 19 2
1665 2 177 2
1666 2 11 2
1667 2 48 2
1668 2 13 2
1669 2 18 2
1670 4 29 4
1671 2 29 2
1672 2 52 2
1673 2 47 2
1674 2 14 2
1675 2 19 2
1676 4 71 4
1677 2 20 2
1678 2 51 2
1679 3 94 3
1680 2 12 2
1681 3 16 3
1682 2 11 2
1683 2 17 2
1684 2 18 2
1685 2 11 2
1686 2 11 2
1687 2 14 2
1688 5 102 5
1689 3 74 3
1690 2 10 2
1691 2 19 2
1692 6 61 5
1693 2 15 2
1694 2 20 2
1695 2 38 2
1696 2 16 2
1697 2 16 2
1698 2 16 2
1699 2 35 2
1700 2 28 2
1701 2 40 2
1702 2 54 2
1703 2 13 2
1704 2 21 2
1705 3 54 3
1706 3 31 3
1707 2 11 2
1708 2 12 2
1709 2 13 2
1710 2 16 2
1711 2 87 2
1712 2 17 2
1713 2 28 2
1714 2 26 2
1715 2 12 2
1716 2 19 2
1717 2 23 2
1718 2 21 2
1719 2 24 2
1720 3 79 3
1721 2 11 2
1722 2 14 2
1723 2 31 2
1724 2 20 2
1725 5 135 5
1726 4 82 4
1727 2 71 2
1728 2 32 2
1729 2 12 2
1730 2 18 2
1731 2 29 2
1732 2 28 2
1733 2 10 2