104 9 402 7
2 5 92 5
175 7 83 5
19 5 106 5
244 3 38 3
143 6 305 5
227 2 42 2
142 8 137 6
245 3 55 3
71 3 22 3
451 2 20 2
192 4 54 4
299 3 28 3
68 5 181 5
72 5 125 5
77 2 14 2
50 2 33 2
44 2 29 2
42 5 41 5
354 2 44 2
92 2 18 2
11 2 17 2
452 2 22 2
453 4 33 4
343 5 90 5
861 5 168 5
862 4 74 4
18 4 275 4
60 2 12 2
371 6 71 5
239 7 230 6
1283 3 42 3
266 2 33 2
53 10 74 5
119 2 15 2
264 4 28 4
196 2 30 2
265 2 70 2
46 2 11 2
863 3 32 3
571 2 12 2
864 3 122 3
300 4 38 4
545 5 40 5
109 3 38 3
75 2 11 2
101 2 24 2
468 2 36 2
12 2 17 2
112 3 28 3
469 2 13 2
470 2 51 2
287 3 36 3
214 3 39 3
256 4 107 4
471 2 12 2
10 2 26 2
1556 2 25 2
76 2 12 2
1558 2 13 2
31 6 49 5
1559 3 72 3
304 2 21 2
984 5 62 5
20 2 22 2
36 6 88 6
15 3 34 3
305 4 20 4
472 2 21 2
473 2 61 2
3 2 27 2
474 3 29 3
665 2 12 2
61 4 28 4
666 3 24 3
667 3 36 3
307 3 52 3
67 3 51 3
306 15 328 10
30 3 27 3
49 3 18 3
1 2 18 2
198 2 32 2
1563 2 14 2
441 2 46 2
668 3 18 3
669 2 23 2
65 2 76 2
985 4 59 4
986 2 25 2
670 3 24 3
32 5 100 5
25 7 119 5
28 2 23 2
987 3 28 3
407 3 37 3
988 3 37 3
27 2 13 2
1567 2 11 2
250 2 16 2
989 7 78 5
990 2 31 2
66 2 21 2
91 6 81 5
671 2 21 2
257 2 11 2
1568 3 30 3
475 2 19 2
364 2 45 2
476 2 23 2
991 2 30 2
992 2 14 2
108 2 26 2
308 2 10 2
130 3 47 3
380 3 22 3
138 2 12 2
381 2 32 2
382 4 39 4
35 2 15 2
186 2 18 2
1569 2 12 2
1570 2 53 2
993 4 104 4
79 2 19 2
174 9 84 6
190 2 30 2
408 3 48 3
440 2 13 2
994 3 27 3
296 3 35 3
120 2 21 2
132 3 169 3
147 2 14 2
78 2 19 2
105 2 16 2
7 4 37 4
148 2 19 2
149 4 71 4
150 2 10 2
146 2 14 2
1572 3 29 3
843 3 29 3
212 3 19 3
592 2 13 2
998 3 24 3
275 2 13 2
1575 5 124 5
482 2 18 2
262 2 11 2
56 2 23 2
82 2 13 2
999 2 38 2
844 2 13 2
822 3 135 3
6 2 31 2
325 4 37 4
326 7 2189 7
327 2 13 2
328 2 51 2
329 2 16 2
330 3 36 3
410 2 14 2
1192 5 233 5
774 3 28 3
773 2 21 2
535 2 20 2
16 3 21 3
1198 2 12 2
1199 4 33 4
43 2 126 2
536 3 25 3
1200 2 12 2
155 2 11 2
182 2 19 2
237 2 28 2
235 2 17 2
236 2 22 2
607 2 15 2
775 2 21 2
1201 2 18 2
259 2 27 2
776 5 34 5
1202 2 46 2
448 3 67 3
777 2 18 2
778 3 37 3
89 2 58 2
54 3 47 3
399 2 25 2
400 2 17 2
401 3 39 3
780 2 25 2
90 2 11 2
1204 2 16 2
298 3 22 3
450 2 37 2
368 2 40 2
282 2 22 2
238 3 59 3
228 4 72 4
283 3 20 3
243 2 16 2
98 4 34 4
402 3 20 3
403 4 55 4
1208 2 41 2
8 2 10 2
781 2 12 2
357 2 22 2
102 2 11 2
1212 2 13 2
1213 3 52 3
1214 2 18 2
1216 2 36 2
565 2 15 2
1221 3 37 3
83 2 19 2
444 2 19 2
783 4 93 4
4 5 57 5
786 2 17 2
137 2 11 2
1226 2 60 2
787 4 64 4
788 2 19 2
907 4 45 4
193 2 11 2
1361 2 20 2
1366 2 24 2
1367 2 21 2
633 2 13 2
634 3 51 3
457 2 11 2
292 3 50 3
458 2 19 2
1368 2 22 2
181 5 76 5
13 2 13 2
635 5 144 5
135 2 13 2
213 10 168 7
432 8 195 7
156 11 206 8
636 2 34 2
1369 3 97 3
1370 2 17 2
1371 2 23 2
57 3 26 3
51 2 20 2
459 2 11 2
99 2 16 2
230 3 20 3
22 2 20 2
26 3 90 3
229 2 12 2
84 2 13 2
267 4 92 4
215 2 41 2
47 3 37 3
216 4 69 4
85 2 20 2
21 2 19 2
185 2 14 2
285 2 15 2
550 2 40 2
1376 2 14 2
302 3 25 3
1377 2 104 2
433 3 62 3
434 3 27 3
222 2 18 2
915 2 12 2
1381 3 31 3
916 12 353 8
1384 5 104 5
1385 2 12 2
200 2 311 2
201 4 35 4
113 5 49 5
103 3 64 3
202 2 44 2
460 3 25 3
1387 2 14 2
1388 2 13 2
1391 2 16 2
24 5 64 5
918 2 15 2
435 2 51 2
241 3 35 3
293 3 411 3
584 2 25 2
824 2 13 2
461 2 43 2
232 2 11 2
919 2 77 2
1401 3 116 3
1402 3 18 3
825 2 21 2
209 2 15 2
920 2 13 2
335 2 21 2
590 3 51 3
970 2 11 2
971 2 17 2
1542 2 24 2
1543 3 45 3
972 2 18 2
840 2 20 2
1544 2 24 2
88 2 11 2
1545 2 16 2
973 3 19 3
974 3 28 3
975 2 17 2
1552 2 11 2
14 2 19 2
591 2 12 2
980 2 24 2
582 5 59 5
324 2 11 2
663 2 14 2
664 3 25 3
1553 2 12 2
981 4 93 4
982 2 32 2
983 3 21 3
465 4 43 4
362 3 40 3
1555 2 31 2
466 3 80 3
467 3 31 3
376 5 101 5
377 2 15 2
378 2 22 2
379 2 10 2
140 2 18 2
29 2 11 2
136 4 79 4
363 2 10 2
1557 2 31 2
268 2 17 2
170 2 10 2
249 2 10 2
1560 2 38 2
1561 2 12 2
1562 2 15 2
34 2 18 2
361 2 183 2
48 2 14 2
1564 2 11 2
280 2 17 2
1565 3 88 3
199 5 83 5
269 6 355 6
270 2 18 2
1566 2 11 2
697 2 23 2
486 2 32 2
309 4 59 4
487 2 11 2
815 3 36 3
1704 3 19 3
1705 5 86 5
295 8 91 7
316 2 21 2
317 2 17 2
39 4 41 4
1048 3 23 3
489 2 21 2
310 3 21 3
490 2 48 2
17 2 23 2
1712 2 30 2
1052 2 12 2
1715 2 13 2
493 2 21 2
494 2 25 2
1053 2 15 2
273 3 71 3
1716 2 15 2
1717 2 19 2
700 3 65 3
1718 2 14 2
290 2 19 2
153 2 11 2
495 3 44 3
496 3 48 3
497 2 12 2
498 2 26 2
499 2 13 2
1054 2 11 2
352 2 28 2
701 2 15 2
1055 2 18 2
702 3 20 3
595 10 123 7
446 2 12 2
349 2 10 2
294 2 13 2
172 3 30 3
438 3 24 3
703 4 39 4
581 2 15 2
58 5 157 5
23 5 137 5
570 2 15 2
1158 2 21 2
59 2 15 2
756 2 11 2
1165 2 18 2
5 2 28 2
1168 2 10 2
1169 2 12 2
1170 2 70 2
589 7 366 7
1171 2 12 2
758 5 49 5
55 2 25 2
1174 3 102 3
554 2 19 2
1175 2 31 2
761 5 108 5
762 3 69 3
1176 5 59 5
1177 3 17 3
397 2 26 2
398 3 23 3
524 2 16 2
525 2 24 2
303 3 80 3
526 2 21 2
527 2 32 2
1180 4 52 4
855 2 15 2
428 5 60 5
763 2 16 2
1181 5 186 5
1182 3 41 3
1183 2 24 2
764 2 14 2
765 2 33 2
766 2 11 2
596 2 17 2
767 2 10 2
1184 2 10 2
768 2 39 2
769 3 56 3
1185 2 68 2
131 2 12 2
602 2 11 2
204 4 121 4
1186 2 13 2
1187 2 13 2
225 3 52 3
528 5 140 5
38 3 19 3
819 5 70 5
1188 2 41 2
1189 2 14 2
604 3 24 3
770 3 30 3
157 2 15 2
1190 4 28 4
1191 2 22 2
1193 2 13 2
414 3 59 3
529 3 48 3
188 4 140 4
530 3 24 3
531 2 14 2
1194 2 14 2
534 2 19 2
532 4 27 4
533 2 15 2
1195 2 10 2
1196 2 15 2
771 2 27 2
772 2 23 2
1197 2 17 2
850 2 11 2
1307 3 19 3
1310 2 25 2
1311 2 48 2
877 4 45 4
1312 2 27 2
412 4 34 4
574 3 19 3
203 2 18 2
886 2 14 2
887 9 134 8
1318 2 19 2
1319 2 13 2
618 2 23 2
619 3 17 3
346 2 18 2
617 2 25 2
892 2 41 2
1325 2 19 2
111 2 11 2
893 3 129 3
1326 2 12 2
123 2 12 2
124 2 15 2
125 2 11 2
114 2 16 2
126 2 23 2
127 2 15 2
115 2 17 2
128 2 17 2
121 2 12 2
122 3 22 3
1335 3 100 3
621 2 13 2
622 4 86 4
546 2 16 2
1337 2 17 2
816 3 29 3
623 2 30 2
578 2 23 2
96 2 17 2
896 2 12 2
897 3 38 3
817 2 13 2
139 2 22 2
547 2 18 2
1342 2 10 2
1343 2 53 2
1344 2 13 2
1345 3 16 3
234 2 38 2
347 6 70 5
580 3 28 3
900 2 17 2
348 2 12 2
1348 5 64 5
206 2 15 2
903 4 239 4
904 2 10 2
905 4 26 4
1349 2 16 2
1350 2 11 2
820 2 20 2
1351 2 27 2
821 3 24 3
906 2 16 2
1352 3 32 3
1353 2 15 2
1354 3 37 3
1355 2 15 2
1356 2 15 2
1357 2 17 2
1358 2 41 2
1359 4 76 4
1360 2 10 2
1362 3 134 3
1363 3 29 3
630 3 73 3
631 2 12 2
632 2 16 2
1364 2 36 2
100 3 29 3
1365 3 70 3
908 2 25 2
356 2 18 2
909 2 19 2
1485 2 40 2
1488 2 12 2
1489 2 14 2
420 2 18 2
210 2 26 2
650 2 10 2
651 4 30 4
652 2 15 2
653 2 28 2
311 2 14 2
312 2 12 2
313 2 23 2
33 2 44 2
37 2 63 2
654 2 20 2
1504 2 15 2
169 3 32 3
396 2 25 2
955 2 24 2
655 3 35 3
656 2 11 2
958 2 10 2
838 2 19 2
197 2 53 2
338 2 18 2
960 2 10 2
961 4 91 4
1274 2 21 2
1513 2 16 2
1514 4 660 4
1515 2 18 2
562 3 31 3
279 2 33 2
173 2 38 2
964 2 15 2
419 2 57 2
966 3 48 3
1524 2 12 2
1529 2 25 2
462 3 116 3
463 2 13 2
464 2 50 2
563 2 18 2
1535 3 46 3
1537 3 60 3
1538 2 18 2
1540 2 16 2
662 3 64 3
1541 2 22 2
1547 2 15 2
1548 2 13 2
1549 4 55 4
1630 2 13 2
1631 2 34 2
1632 3 18 3
322 2 10 2
423 2 15 2
413 5 55 5
679 3 50 3
1633 3 39 3
1640 2 53 2
445 2 22 2
1641 17 553 10
183 2 14 2
211 2 16 2
1642 2 14 2
1643 4 40 4
683 2 33 2
1651 3 22 3
246 2 13 2
247 4 82 4
195 3 37 3
1030 3 184 3
1031 3 61 3
1034 2 11 2
1035 2 15 2
1663 3 67 3
1664 2 31 2
1665 2 15 2
1669 2 31 2
1671 2 14 2
141 2 22 2
1672 2 14 2
1676 2 35 2
1677 2 17 2
1678 2 13 2
383 2 33 2
384 2 37 2
385 2 24 2
386 2 23 2
387 2 55 2
567 2 18 2
1680 2 22 2
1041 3 18 3
1040 2 12 2
1681 3 43 3
331 2 31 2
86 2 10 2
418 3 38 3
1692 2 22 2
1693 2 14 2
1046 3 39 3
1695 4 175 4
1697 4 37 4
342 2 13 2
1698 3 31 3
1699 2 22 2
1701 2 17 2
698 2 13 2
699 2 27 2
488 3 17 3
600 2 20 2
1101 2 84 2
1102 3 171 3
551 2 12 2
586 2 23 2
1108 2 34 2
1109 2 13 2
45 2 16 2
1110 2 10 2
720 3 23 3
721 2 18 2
722 2 23 2
1111 2 18 2
729 2 12 2
80 2 14 2
1112 4 31 4
1113 2 19 2
159 2 12 2
160 2 26 2
133 2 36 2
161 3 46 3
162 2 17 2
163 3 106 3
164 2 30 2
145 2 18 2
165 3 33 3
166 3 31 3
167 2 20 2
168 2 55 2
516 4 60 4
517 2 25 2
731 2 20 2
732 3 19 3
733 4 83 4
734 2 27 2
184 2 54 2
736 2 14 2
576 6 244 6
390 3 141 3
97 2 28 2
333 7 285 6
856 2 19 2
1129 2 11 2
1130 2 12 2
518 2 41 2
391 4 41 4
366 2 21 2
392 2 50 2
41 2 18 2
744 2 11 2
745 2 18 2
1133 2 12 2
747 3 25 3
746 3 40 3
1134 4 83 4
1135 4 62 4
1142 3 76 3
1143 4 38 4
70 2 14 2
573 2 12 2
748 2 23 2
1147 2 10 2
1148 2 16 2
1150 3 26 3
1151 2 35 2
751 2 15 2
519 2 16 2
520 3 38 3
521 2 17 2
152 2 15 2
1160 2 14 2
1161 2 10 2
1163 3 17 3
1164 2 22 2
1166 2 39 2
1167 2 29 2
254 2 18 2
1293 2 17 2
760 2 18 2
454 2 56 2
455 3 38 3
456 2 15 2
869 2 15 2
1298 4 93 4
1287 2 130 2
1288 3 32 3
813 2 18 2
870 2 11 2
871 2 42 2
872 2 18 2
1300 3 29 3
9 2 14 2
430 2 50 2
616 2 32 2
876 2 14 2
875 5 61 5
1305 2 46 2
874 2 12 2
1302 2 29 2
1316 2 35 2
1317 2 16 2
884 2 12 2
110 2 11 2
885 2 23 2
882 2 33 2
883 2 17 2
814 2 14 2
878 4 74 4
879 2 10 2
880 2 31 2
1324 3 91 3
87 2 25 2
272 2 31 2
1322 2 23 2
1323 3 22 3
1321 2 22 2
575 2 32 2
888 2 20 2
1320 2 20 2
577 2 11 2
1336 2 17 2
1333 2 11 2
1332 2 12 2
1331 2 15 2
620 2 31 2
355 2 16 2
1329 2 14 2
1327 2 20 2
1328 3 17 3
1339 2 12 2
1340 4 47 4
1338 2 13 2
276 2 19 2
895 2 57 2
548 2 710 2
899 2 16 2
898 2 27 2
223 3 18 3
431 2 17 2
628 2 12 2
626 2 31 2
627 2 27 2
579 2 21 2
1341 4 32 4
171 2 26 2
818 9 154 7
301 2 12 2
629 2 10 2
902 2 35 2
1347 3 40 3
1346 3 25 3
260 2 16 2
901 2 14 2
1468 3 72 3
134 2 57 2
278 2 18 2
1463 2 34 2
1475 2 22 2
1473 2 62 2
1474 2 12 2
1471 2 36 2
1470 2 20 2
948 2 12 2
63 3 58 3
649 2 16 2
437 2 21 2
1486 2 13 2
1483 2 17 2
1480 2 25 2
1481 2 17 2
187 2 16 2
351 2 29 2
1479 2 25 2
1478 2 13 2
1477 2 20 2
552 2 17 2
1494 6 336 5
1492 2 17 2
1491 2 19 2
1490 2 12 2
1501 3 102 3
1498 2 12 2
1496 2 19 2
556 2 18 2
421 2 15 2
1508 2 32 2
957 2 19 2
1507 2 15 2
1505 2 71 2
962 3 25 3
963 2 14 2
314 2 24 2
315 2 25 2
1511 2 27 2
1509 2 25 2
1522 2 39 2
1518 2 14 2
1516 2 15 2
1517 3 35 3
965 2 14 2
1525 2 53 2
118 2 25 2
660 2 15 2
658 2 73 2
659 2 39 2
1528 2 16 2
1527 2 22 2
1526 2 61 2
1536 2 52 2
594 4 32 4
1023 2 11 2
1611 2 23 2
1610 2 68 2
194 3 103 3
847 2 14 2
1621 3 63 3
1620 5 94 5
675 4 31 4
676 2 30 2
94 2 16 2
1024 2 23 2
1025 2 19 2
1627 2 11 2
1026 2 16 2
680 2 17 2
681 2 14 2
1638 2 53 2
1636 3 26 3
1635 2 38 2
1634 2 11 2
1650 2 23 2
848 2 26 2
1028 2 61 2
1649 2 12 2
1646 2 24 2
1644 2 11 2
1645 2 42 2
484 3 26 3
340 2 27 2
684 2 28 2
1661 3 80 3
1032 2 79 2
593 2 11 2
1658 4 51 4
1657 3 24 3
1656 2 12 2
1670 2 26 2
688 3 25 3
689 2 12 2
690 2 19 2
687 2 11 2
40 2 17 2
685 13 432 9
686 2 11 2
691 2 18 2
1039 2 21 2
1675 3 17 3
1674 3 22 3
1673 4 55 4
1045 3 61 3
73 3 37 3
694 2 11 2
1686 3 20 3
1684 3 24 3
1043 2 30 2
1042 5 147 5
1683 2 10 2
158 3 19 3
217 2 10 2
218 2 31 2
1682 2 57 2
695 4 61 4
696 5 99 5
336 2 15 2
1084 2 26 2
1083 3 19 3
513 2 13 2
714 3 115 3
715 2 42 2
569 2 27 2
599 2 14 2
1088 2 28 2
716 2 56 2
810 2 19 2
717 2 15 2
718 4 59 4
367 2 11 2
1098 3 32 3
1096 3 34 3
1095 2 38 2
1099 2 13 2
1100 2 43 2
719 2 37 2
1106 2 28 2
1105 2 42 2
1103 2 10 2
449 3 30 3
728 2 32 2
727 2 16 2
288 2 33 2
730 2 26 2
1120 2 17 2
439 4 43 4
1116 3 22 3
388 2 23 2
369 4 519 4
389 2 14 2
1115 2 25 2
1128 2 12 2
737 2 14 2
1126 3 25 3
1125 2 13 2
1123 2 24 2
1132 2 22 2
1131 2 12 2
743 2 21 2
605 2 12 2
742 3 40 3
1141 2 20 2
1140 2 30 2
1139 2 26 2
1138 2 14 2
1136 2 33 2
752 3 33 3
606 3 62 3
1153 2 13 2
1249 2 16 2
797 2 21 2
796 2 25 2
1256 5 156 5
1255 2 14 2
1259 3 83 3
799 2 34 2
798 2 12 2
1264 2 16 2
1267 2 32 2
1266 2 35 2
1265 3 47 3
801 2 11 2
800 2 14 2
429 2 21 2
1270 3 51 3
248 2 29 2
805 2 39 2
804 2 16 2
803 2 17 2
1269 4 91 4
802 2 13 2
807 3 45 3
806 2 18 2
1271 3 24 3
1278 2 13 2
1277 2 18 2
107 3 43 3
613 2 35 2
612 2 18 2
609 2 65 2
353 3 152 3
1275 2 16 2
1281 3 28 3
1280 2 14 2
615 2 25 2
614 2 22 2
868 3 20 3
867 2 30 2
1286 3 83 3
332 2 15 2
1285 2 37 2
865 2 12 2
1284 2 18 2
1297 2 75 2
1296 2 13 2
1295 2 16 2
1294 2 29 2
1292 2 14 2
1290 2 51 2
1289 2 13 2
873 3 29 3
411 2 18 2
1301 2 11 2
828 2 12 2
1408 2 26 2
927 2 19 2
928 2 10 2
930 2 14 2
929 2 46 2
1413 2 43 2
1412 4 26 4
1419 2 14 2
934 2 19 2
933 2 28 2
932 2 51 2
931 2 15 2
1418 2 16 2
1417 2 35 2
1414 3 19 3
1424 2 23 2
417 3 29 3
1426 3 35 3
1425 2 15 2
1428 2 18 2
1427 2 15 2
641 4 284 4
640 3 30 3
642 2 36 2
935 2 11 2
1430 2 43 2
1429 3 26 3
1431 3 71 3
220 4 51 4
1435 4 58 4
937 2 21 2
936 2 38 2
1434 2 13 2
1433 2 12 2
1432 2 19 2
358 4 56 4
226 2 10 2
643 3 28 3
359 2 26 2
939 2 24 2
938 3 36 3
1439 2 12 2
831 2 21 2
1437 2 10 2
830 2 38 2
1436 2 18 2
1440 2 24 2
436 2 15 2
645 2 14 2
644 2 22 2
943 2 16 2
942 2 10 2
1447 3 23 3
941 2 13 2
940 2 48 2
1446 2 11 2
1445 2 15 2
1444 2 17 2
1443 2 106 2
1442 2 13 2
1441 2 16 2
1457 3 85 3
1456 2 12 2
1455 4 78 4
1454 2 11 2
832 2 34 2
1452 2 35 2
1451 2 12 2
1450 2 19 2
1449 4 471 4
1469 2 21 2
1467 2 15 2
648 2 15 2
647 2 16 2
646 2 19 2
1465 2 50 2
558 2 13 2
1461 3 34 3
1460 2 16 2
277 2 18 2
945 2 14 2
1476 2 35 2
1472 2 17 2
588 2 19 2
997 2 11 2
996 2 18 2
995 2 22 2
1571 2 33 2
841 2 29 2
365 2 26 2
480 2 27 2
479 2 15 2
481 2 19 2
1574 2 46 2
1573 2 12 2
842 2 16 2
478 2 11 2
477 2 14 2
1577 3 27 3
1576 2 11 2
1580 2 18 2
1578 2 11 2
1579 2 12 2
393 2 31 2
1583 2 17 2
74 2 43 2
64 2 20 2
1582 2 42 2
1581 3 18 3
263 2 24 2
1000 7 170 6
1585 2 11 2
823 2 16 2
1584 2 12 2
1005 2 18 2
1004 2 18 2
1003 2 47 2
1002 2 210 2
1001 2 14 2
1587 2 13 2
1006 2 29 2
1586 2 23 2
1011 2 40 2
1010 2 15 2
572 3 20 3
1009 2 10 2
1008 2 15 2
1007 2 72 2
1589 2 28 2
1588 3 145 3
1013 3 18 3
1012 4 60 4
1594 2 24 2
1593 2 11 2
422 2 22 2
1592 4 269 4
1591 2 72 2
1590 2 13 2
258 2 68 2
1016 2 14 2
1015 2 28 2
1014 2 13 2
1019 3 32 3
1018 2 18 2
1017 2 13 2
284 2 16 2
834 2 39 2
442 2 31 2
1599 2 15 2
1600 2 18 2
673 2 28 2
672 2 14 2
846 2 19 2
1604 2 10 2
1603 2 22 2
557 2 21 2
674 4 183 4
1601 4 48 4
1021 2 40 2
1020 2 20 2
1615 2 14 2
1614 3 39 3
564 2 16 2
1613 2 24 2
1612 2 18 2
483 2 26 2
1022 2 20 2
1608 3 27 3
549 3 64 3
1607 2 18 2
1623 2 19 2
1622 2 27 2
95 2 17 2
1734 3 22 3
1720 2 27 2
1719 2 26 2
1723 4 80 4
1722 2 43 2
281 2 14 2
1059 2 12 2
1058 2 16 2
1056 2 12 2
1057 2 40 2
851 2 21 2
297 2 114 2
1721 2 19 2
1724 2 80 2
1728 2 13 2
1727 2 24 2
1726 2 13 2
1725 3 103 3
1060 2 26 2
852 2 16 2
1729 3 29 3
1731 2 13 2
504 2 14 2
503 5 98 5
502 2 20 2
501 2 18 2
500 4 37 4
705 2 16 2
704 3 43 3
706 2 15 2
1730 2 45 2
1732 2 24 2
406 2 13 2
1063 4 39 4
1062 2 37 2
1061 2 50 2
505 4 73 4
708 2 17 2
707 2 38 2
1733 2 21 2
1064 2 10 2
1069 4 30 4
1068 2 13 2
1067 2 20 2
1071 2 36 2
93 4 22 4
426 2 19 2
853 3 103 3
1073 2 14 2
710 2 12 2
709 2 12 2
598 2 19 2
711 2 18 2
1072 4 60 4
854 2 17 2
231 2 27 2
1077 3 42 3
1082 4 71 4
1081 2 10 2
1076 2 174 2
1087 2 23 2
713 3 25 3
712 3 30 3
1085 2 27 2
321 2 19 2
320 11 169 8
319 2 24 2
318 2 19 2
512 4 572 4
511 2 47 2
510 2 18 2
509 2 26 2
1093 2 25 2
1092 2 17 2
1091 2 15 2
1090 2 45 2
1089 4 32 4
345 3 141 3
779 2 12 2
1205 2 18 2
1203 2 40 2
1207 2 20 2
1206 2 15 2
360 2 23 2
860 2 28 2
1210 3 165 3
1211 2 27 2
274 2 13 2
537 3 21 3
1209 3 31 3
857 2 30 2
1217 2 13 2
1215 2 15 2
539 2 17 2
538 2 17 2
1220 2 12 2
1219 2 31 2
782 2 20 2
1218 2 30 2
541 2 19 2
540 3 22 3
1222 2 12 2
583 3 32 3
785 2 24 2
784 2 27 2
337 2 14 2
1225 2 31 2
1224 2 22 2
1223 2 11 2
1229 2 61 2
789 2 16 2
1228 4 92 4
1227 2 21 2
415 3 35 3
1232 2 14 2
1231 3 46 3
1238 2 51 2
1237 2 13 2
1234 2 139 2
608 2 12 2
790 3 68 3
1240 2 12 2
1244 3 18 3
52 2 21 2
1243 2 15 2
1241 2 12 2
839 2 17 2
1246 5 74 5
1253 2 18 2
1254 2 30 2
1252 3 73 3
845 2 23 2
1251 2 18 2
794 2 51 2
1250 2 51 2
1248 3 48 3
1247 2 13 2
1263 2 19 2
1262 2 13 2
1260 3 31 3
1257 2 18 2
350 2 24 2
1373 2 43 2
911 2 23 2
910 2 30 2
1372 4 38 4
1380 2 24 2
912 2 13 2
1379 2 14 2
1378 2 75 2
1375 2 174 2
1374 2 16 2
914 3 60 3
913 2 17 2
808 3 63 3
639 3 23 3
638 2 16 2
637 2 17 2
334 2 13 2
1383 2 17 2
917 2 20 2
286 2 52 2
1382 2 25 2
1393 2 10 2
1392 2 15 2
1390 3 19 3
1389 2 13 2
1386 3 50 3
62 2 10 2
151 2 15 2
154 2 23 2
1395 2 13 2
1394 2 21 2
1396 2 35 2
1397 3 27 3
1400 2 13 2
1399 3 38 3
1273 2 11 2
1398 2 37 2
189 2 50 2
553 2 25 2
416 2 40 2
1403 2 104 2
585 3 33 3
921 2 14 2
144 2 17 2
826 3 24 3
924 2 20 2
923 2 16 2
922 2 11 2
405 2 44 2
1404 2 16 2
926 2 20 2
1406 3 53 3
1405 2 14 2
925 2 10 2
827 3 92 3
1411 2 18 2
1410 2 19 2
1409 2 29 2
1407 3 16 3
1423 2 12 2
1422 2 20 2
1421 3 61 3
829 2 18 2
1420 3 29 3
191 2 10 2
1416 2 14 2
1415 2 29 2
959 3 65 3
837 2 23 2
251 2 14 2
1506 3 61 3
1512 2 12 2
1510 3 20 3
561 2 19 2
657 2 11 2
1523 2 76 2
1521 2 15 2
1520 2 25 2
1519 2 12 2
969 2 31 2
968 2 13 2
967 2 10 2
661 2 25 2
1530 2 12 2
1534 4 60 4
1533 2 63 2
1532 2 17 2
1531 4 55 4
1539 2 17 2
976 2 11 2
1546 3 26 3
106 2 18 2
1551 2 19 2
1550 2 19 2
979 2 15 2
978 2 14 2
977 2 56 2
1554 2 15 2
1033 2 18 2
568 2 13 2
1660 4 59 4
1659 2 20 2
1666 2 14 2
1655 3 50 3
1654 2 30 2
1653 2 22 2
1036 2 16 2
1667 2 21 2
812 2 29 2
1679 3 31 3
1687 2 13 2
344 2 60 2
693 2 18 2
692 2 36 2
1044 2 28 2
1685 2 14 2
224 2 11 2
255 2 19 2
425 2 22 2
1694 2 16 2
1691 2 24 2
1690 2 20 2
1689 2 49 2
1688 2 12 2
485 3 62 3
1702 2 11 2
1700 2 13 2
809 2 14 2
1696 2 19 2
271 3 214 3
1047 2 26 2
447 3 26 3
1703 2 18 2
1711 2 17 2
1706 2 16 2
1051 2 14 2
1050 2 10 2
1710 2 59 2
1709 3 38 3
1708 3 140 3
1707 2 27 2
1049 2 15 2
492 2 17 2
491 2 16 2
1714 2 14 2
1713 2 35 2
1121 2 13 2
1118 2 17 2
1117 2 10 2
515 2 33 2
514 2 15 2
738 2 23 2
1127 2 29 2
1124 2 14 2
858 2 11 2
1146 2 23 2
1145 2 18 2
1144 4 42 4
117 3 74 3
1137 2 26 2
339 3 34 3
1157 4 87 4
1156 2 42 2
1154 2 16 2
1155 2 20 2
1152 2 10 2
1149 2 19 2
603 2 64 2
750 2 26 2
749 2 13 2
566 3 119 3
755 2 29 2
754 2 15 2
753 2 76 2
291 2 25 2
859 2 14 2
1162 2 19 2
1159 4 76 4
180 3 95 3
179 2 37 2
178 2 16 2
177 2 91 2
176 2 22 2
1173 2 32 2
1172 2 11 2
757 2 12 2
395 2 24 2
370 4 51 4
394 2 17 2
1179 3 31 3
1178 2 42 2
253 2 19 2
523 3 57 3
522 2 22 2
759 3 21 3
611 2 176 2
610 2 10 2
1276 2 18 2
1279 2 28 2
205 3 51 3
1282 2 21 2
323 2 17 2
1272 2 42 2
866 3 38 3
240 2 18 2
289 2 21 2
233 2 17 2
81 2 10 2
1291 2 17 2
208 2 24 2
1299 2 12 2
811 2 52 2
1309 2 18 2
219 4 216 4
1308 2 10 2
1306 2 19 2
1304 2 12 2
1303 2 14 2
1315 2 60 2
1314 2 45 2
881 2 15 2
1313 3 60 3
891 2 19 2
890 2 11 2
889 2 16 2
404 2 35 2
894 2 13 2
1334 3 66 3
1330 2 22 2
207 2 12 2
625 5 62 5
624 2 12 2
555 2 14 2
1438 2 11 2
372 2 10 2
242 2 33 2
1448 5 64 5
944 2 39 2
587 2 15 2
1458 3 30 3
833 2 14 2
1453 2 35 2
1459 2 30 2
1466 2 24 2
1464 2 23 2
946 2 11 2
1462 2 63 2
69 2 27 2
947 2 12 2
836 2 15 2
261 2 16 2
373 2 18 2
375 3 33 3
374 2 27 2
835 2 19 2
1487 2 14 2
1484 2 157 2
1482 3 33 3
559 2 13 2
950 3 96 3
949 3 26 3
953 2 11 2
952 2 32 2
1493 2 39 2
951 2 10 2
1503 3 29 3
1502 2 25 2
1500 3 59 3
1499 3 20 3
1497 3 40 3
1495 2 60 2
954 2 15 2
956 2 21 2
560 2 13 2
1596 3 20 3
1595 2 17 2
1598 3 28 3
1597 2 15 2
1606 2 12 2
1605 2 30 2
1602 2 11 2
1609 2 18 2
1616 3 35 3
424 2 18 2
443 2 12 2
678 2 11 2
677 3 94 3
1619 2 10 2
1618 2 18 2
1617 3 45 3
1629 3 23 3
1628 2 19 2
221 2 177 2
1626 2 11 2
1625 2 48 2
1624 2 13 2
1639 2 18 2
1637 4 29 4
116 2 29 2
1652 2 52 2
1029 2 47 2
409 2 14 2
1648 2 19 2
1647 4 71 4
682 2 20 2
1027 2 51 2
252 3 94 3
1662 2 12 2
849 3 16 3
1038 2 11 2
1037 2 17 2
1668 2 18 2
341 2 11 2
1066 2 11 2
1065 2 14 2
1070 5 102 5
1074 3 74 3
506 2 10 2
597 2 19 2
1075 6 61 5
508 2 15 2
507 2 20 2
1080 2 38 2
1079 2 16 2
1078 2 16 2
1086 2 16 2
129 2 35 2
1094 2 28 2
1097 2 40 2
1107 2 54 2
1104 2 13 2
601 2 21 2
726 3 54 3
725 3 31 3
724 2 11 2
723 2 12 2
1122 2 13 2
1119 2 16 2
1114 2 87 2
427 2 17 2
741 2 28 2
740 2 26 2
739 2 12 2
735 2 19 2
1230 2 23 2
792 2 21 2
791 2 24 2
1236 3 79 3
1235 2 11 2
1233 2 14 2
1239 2 31 2
542 2 20 2
793 5 135 5
1242 4 82 4
1245 2 71 2
795 2 32 2
1261 2 12 2
1258 2 18 2
1268 2 29 2
544 2 28 2
543 2 10 2
