0 1 1 1 81 7 1 1 1 220 3 136 21 1 1 1329 
1 220 7 66 65 1 1 1 65 1 1 1 65 1 65 
2 1 220 7 7 65 1 623 65 1 735 65 1 65 455 1 1 
3 70 1 65 1 220 405 7 1 1 157 1 220 65 415 220 1 1 
4 1 1 157 220 1 65 65 1 1 1 1 1 65 7 
5 1 1 1 65 1 65 1 65 1 1 1 1 354 220 254 65 
6 65 157 1 286 1 1 65 1 65 1 1 1 1 91 1 
7 65 65 65 1 65 1 1 623 65 65 1 1 629 1 364 
8 65 65 1 1 1 65 65 1 717 7 316 415 1 367 599 
9 364 242 65 65 65 220 65 81 65 1 1 242 65 220 1 1531 7 1 
10 65 1 1 81 415 1 1 1 65 65 65 7 7 316 1 
11 220 157 364 364 157 65 65 286 157 1 1 65 1 
12 1 242 1 65 1 714 127 65 1 1 1 65 456 
13 354 81 1354 27 1598 65 65 1 65 65 220 65 1 
14 1 65 1 65 65 1 1 1 1 1 623 1 1 7 
15 1 65 1 65 1 81 1 65 1 220 1 92 1 
16 65 1 1 1 1 65 92 717 65 1 1 1 65 220 1 367 1 
17 7 1 520 52 1 717 7 65 1 1 65 7 220 917 1 
18 1 7 1 1 415 7 65 70 372 242 1 65 220 65 7 1 
19 220 65 157 65 65 65 157 364 316 1 157 1 220 405 1 7 1 
20 65 65 1 136 1 91 220 1 65 1 1 1 1 1 
21 65 242 167 220 364 103 220 1 1 65 1 21 1 599 
22 1 220 242 65 65 1 1 1 1 1 354 65 65 364 7 1 
23 1 1 1 7 65 1 1 81 65 411 1 354 1 1 220 7 220 
24 65 717 65 65 405 1 254 60 1 65 
25 220 65 1 1 1 1 623 65 65 1 1 65 1 364 7 220 1 
26 354 364 242 65 1 768 65 65 65 65 1 1 65 1 1 81 
27 395 157 1 220 364 364 65 157 1 1 364 65 
28 65 717 1 1 1 1 220 1 65 65 81 1 415 1 364 
29 1 1 1 65 65 65 27 254 65 7 65 65 65 65 405 70 220 81 65 
30 242 1 1 65 220 1 65 1 1 1 364 1 97 27 167 
31 1 1 1 1 30 1 415 415 1 65 1 1 
32 354 1 1 65 1 364 70 1 220 65 136 65 1 1 157 1 364 
33 65 65 65 7 65 65 136 65 1 1 1 1 415 1 
34 1 242 1 65 364 136 157 136 364 60 30 220 259 364 17 1 
35 1 157 65 364 81 65 1 1 65 220 1 286 840 81 
36 81 157 65 65 1 1 1 1 1 21 65 
37 65 220 70 1 65 136 1 220 1 1 1 1 411 1 
38 7 1 65 65 65 1 81 717 65 1 1 7 65 157 7 411 364 
39 220 65 157 220 364 1 157 65 1 1249 364 65 
40 1 364 717 65 1 1 65 253 1 65 405 65 81 1 
41 65 65 65 7 242 1 1 65 1 242 405 364 
42 65 220 1 242 605 65 623 65 91 65 1 1 1 65 81 1 1 1629 
43 1 220 1 65 65 1 220 65 65 1 1 65 1 220 364 1 
44 220 220 364 1 286 65 65 242 254 364 65 65 1 1 
45 486 1 1 65 81 1 920 1 1 364 65 249 1 70 65 364 629 
46 286 1 415 1 91 65 1 65 70 167 65 1 65 7 364 
47 220 364 220 1 415 220 27 65 1 1276 220 364 65 65 364 
48 18 254 1 1 242 65 1 332 92 1 1 1 7 364 1 
49 81 65 65 286 65 220 411 1 65 1 1 1 1 1 27 220 364 
50 65 157 167 1 65 364 1 1 1 65 1 1 1 65 
51 7 81 1 1 65 65 1 65 1354 1 65 364 7 415 1 1 
52 65 70 157 1 65 1 30 1 1 1 65 1 65 1 1 81 
53 81 65 65 220 65 65 1 1 1 1 1 415 1 7 
54 157 65 65 1 1 1 65 1354 1 1 220 66 364 
55 354 1 1 65 1 65 65 65 65 717 1 405 1290 1 1 316 1 415 1 
56 1 65 415 411 415 1 259 1 65 717 1 364 1 1 1 1629 599 
57 157 1 220 7 1 21 1 65 1 1 65 81 1 
58 242 1 65 65 60 254 65 1354 1 1 1 1 1 65 1 
59 1 1 1 167 1 1 1 65 1 1 81 1 1 
60 65 65 1 364 405 1 1 1 65 220 
62 364 65 415 65 65 1 66 1 1 1 1 415 1 136 
63 157 1 65 65 364 7 1 65 65 1 717 1 207 1 1 27 415 
64 65 65 157 65 1 1 65 1 65 717 65 1 7 364 1 1 7 
65 7 157 242 65 1 623 1 65 81 1 286 65 1 1 1 286 
66 1 1 1 242 1 65 1 65 254 1 65 1 81 220 220 364 
67 1 65 1 717 65 7 65 354 1 1 415 70 1 717 
68 65 1 65 66 65 1 65 1 1 220 157 
69 220 157 65 65 7 1 1 65 65 65 415 1 1 415 1 1 70 364 1 
70 65 242 1 1 415 48 1 65 65 65 65 1 415 262 
71 1 30 65 65 1 1 1 30 65 136 415 1 1 
72 1 157 81 157 1 364 65 157 65 1 
73 1 65 1 354 415 1 220 1 65 1 220 65 1 1 364 7 
74 1 65 1 65 937 65 1 65 937 65 
75 65 1 1 1 1603 3 65 65 1 7 65 364 65 1 
76 65 1 286 1 65 70 1 65 7 136 1 1 30 1 623 1 
77 1 65 65 1 65 167 1 1 7 81 
78 157 65 1 1 415 1 65 65 1 1 1 1 364 937 
79 1 65 65 220 48 1 220 1 1 7 220 21 65 
80 1 65 415 220 1 1 1 65 1 1 81 623 367 
81 65 1 65 1586 65 1 65 81 65 1 1 1 136 415 
82 354 65 1 220 65 1 1168 65 1 65 65 1 65 65 625 1 1 364 1 
83 66 70 1 81 81 1 1 1 81 65 65 1 1 
84 1 167 65 65 717 1 1 1 1 415 65 1 65 262 65 415 415 
85 157 1 65 65 1 1 364 1 92 1 220 1 1 7 364 
86 1 411 354 354 415 1 7 1 65 1 65 1 220 354 1 157 364 
87 220 1 220 1 364 1 1 65 7 364 65 1 1 415 65 238 1 65 
88 65 1 157 1 1 1 70 1 1 1 65 
89 486 520 242 1 65 65 1 1 1 415 1 1 1 7 364 65 
90 1 242 170 65 1 167 65 92 167 1 1 415 1 
91 65 364 1 1 65 91 65 1 65 1 65 623 65 
92 1 65 1 1 157 65 65 1 1 262 92 1 70 65 1 7 1 623 
93 65 65 1 65 1 65 92 1 1 3 7 1 1 
94 1 157 242 364 220 1 7 1 81 1 1 1 65 1 1 1531 
95 1 1 65 220 364 70 1 65 65 364 1 623 415 
96 220 65 1 65 27 1 167 415 81 7 65 65 3 1 1 7 364 
97 65 1 1 1 7 65 1 65 81 1 1 1 65 1 1 
99 81 1 65 65 1 1 7 1 65 1 408 65 1 1 415 
100 220 65 81 1 65 1 1 1 65 65 1 1 1 1 1 49 
101 1 65 1 1 1 65 1 1 81 1 249 65 157 1 1 364 
102 65 220 1 1 364 1 1 65 354 1 70 1 1 7 7 
103 1 65 220 65 65 415 1 1 70 1164 1 65 
104 65 157 65 415 623 1 1 65 1 1 1 65 1 1 60 
105 65 65 1 1 415 364 65 1 415 623 1 1 
106 65 21 157 1168 21 167 81 1 1 1 1 415 623 65 
107 364 1 65 1 1 242 65 1 1 1 1 1 
108 1 1 220 65 364 714 7 65 1 1 92 18 1 364 65 249 157 48 
109 65 220 65 1 65 65 7 1 136 405 1 157 7 411 
110 220 1 7 1 1 354 220 65 1 405 415 1 157 364 70 
111 65 65 65 1 65 65 65 65 364 1 1 65 1 1 1 1 
112 65 1 220 1 65 65 65 157 1 405 1 81 1 
113 92 65 1 1 1 1 1 1 1 1 1 65 
114 65 1 65 1 220 1 415 7 1 
115 65 1 136 1 7 1 1 411 1 65 1 717 1 1 1 
116 1 65 65 65 1 157 1 623 65 1 254 65 1 1 1 157 220 
117 65 1 1 170 411 220 65 220 7 411 65 30 21 1 1 1 1 1 
118 65 65 364 1 415 220 7 1 157 1 157 65 364 
119 1 1 1 65 1 717 65 1 415 1 65 65 1 1 65 220 70 1 364 
121 65 65 242 65 7 27 1 316 65 65 1 411 1 65 1 157 
122 65 1 1 1 65 65 1 65 81 286 1 65 157 1 220 1 
123 1 1 64 65 1 1 1 1 1 1 65 66 415 1 220 1 
124 65 415 1 7 1 65 65 1 220 405 65 415 65 220 91 48 7 1 
125 717 1 220 349 415 65 65 7 65 415 1 65 136 1 
126 220 65 725 220 65 65 1 220 1 65 1 7 
127 220 150 411 65 65 1 1 65 65 1 1 65 65 1 65 1 
128 1 1 65 364 70 170 242 65 1 220 65 65 1 157 
129 30 27 65 220 65 364 1 1 1 65 70 249 65 1 7 
130 167 1 1 81 1 60 1 65 367 415 1 1 27 364 1 7 
131 65 157 220 1 364 1 220 1 1 65 220 65 220 1 
132 220 157 582 242 65 415 1 415 65 1 65 157 220 
133 136 1 1 81 415 1 1 65 1 364 220 364 7 1 
134 157 1531 65 415 7 1 65 1 1 364 220 1 286 220 364 
135 170 1 1 66 1 188 157 1 65 1 364 404 1 238 
136 65 65 65 1 1 65 1276 405 364 1 405 220 65 1 
137 1 7 157 1 364 1 65 220 92 1 1 65 1 1 70 1 
138 65 65 364 66 1 65 1 65 65 1 1 1 27 415 1 
139 220 1 714 1 1 65 65 1 30 65 1 65 1 220 
140 1 1 1 65 1 81 1 65 1 220 415 1 1 1 
141 65 1 364 1168 1 65 1 354 1 364 1 220 65 65 27 1 220 364 157 
142 1 1 81 136 1 411 1 1 1 220 
143 157 1 65 1 65 65 1 1 1 1 364 7 1 157 
144 1 220 65 65 1 1 103 220 1 65 65 65 1 220 1 1164 1 
145 1 1 1 717 1168 1 1 65 1 1 1 1290 1 65 1 
146 220 1 65 65 1 1 65 65 364 220 65 354 7 364 7 1 1 
147 1 157 65 65 
148 65 65 92 1 157 220 1 1 1 157 1 220 1 364 220 
149 1 1 1 1 1 579 65 30 1 1 1 1 
150 354 220 1 364 1 65 65 1 65 65 65 65 415 364 1 7 
151 65 1 65 65 1276 1 220 1 65 81 1 1 65 1 81 157 
152 1 717 65 717 1 65 364 136 65 1 65 7 717 405 415 
153 65 1 1 1 170 65 1 
154 1 1 65 157 220 65 1 65 157 1 1 220 7 
155 1 7 65 65 1 65 7 717 7 207 1 91 1 
156 157 1 415 242 1 1 1 157 65 17 44 1 364 
157 65 65 349 1 238 1 1 65 1 220 1 1 220 65 
158 220 717 415 65 1 364 70 65 1 7 1 65 
159 1 65 220 1 65 242 65 1 1 1 415 65 364 415 364 
160 65 1 242 65 1 136 65 65 415 1 286 65 1 1 717 
161 1 65 1 220 7 1 92 65 220 65 65 1 65 1 65 364 
163 220 367 65 220 1 364 623 1 91 1 65 220 405 238 1 1 1 364 
164 136 1 1 65 1 70 136 65 136 1 286 1 1 
165 1 367 65 65 7 1 1 1 623 65 136 65 1 1 
166 220 157 1 1 65 65 364 65 1 364 7 65 1 405 1 157 405 415 364 
167 65 65 1 415 103 372 1 7 
168 1 65 220 411 1 1 1 
169 65 338 1 188 1 65 92 70 65 1 1 1 254 1 
170 1 717 259 1 415 364 415 91 1 65 65 
171 220 7 157 1 167 1 220 1 1 65 65 
172 1 1 354 415 7 1 
173 1 1 1 220 1 220 65 92 65 1 65 65 1 65 716 65 1 
174 1 65 65 1 415 415 1 1 220 1 65 
175 1 1 364 1 70 1 157 65 21 7 220 415 364 286 136 
176 242 65 1 1 582 1 1 65 364 220 717 27 1 1 136 
177 1 65 157 65 1 411 65 1 1 65 220 93 
178 65 81 364 1 1 1 65 1 1 1 1 220 1 220 136 1 
179 65 167 717 714 7 1 136 48 286 1 7 70 1 1 
180 1 65 81 1 1 1 65 415 1 286 
181 242 65 65 1 1 65 65 136 7 65 717 65 1 1 65 
182 418 220 65 242 65 1 1 7 136 1 1 1 7 92 220 
183 220 220 220 65 157 220 157 364 65 422 
184 65 364 1 1 136 1 65 220 65 65 136 1 1 1 1 1629 3 
185 254 1 405 1 354 768 1 364 1 1 917 
186 1 65 65 623 65 1 1 65 1 220 1 65 354 1318 1 7 
187 157 220 353 65 1 65 1 415 1 1 65 1 1 7 7 7 364 1 
188 65 65 157 349 73 1 1 65 65 220 65 1 157 1 364 
189 1 220 66 242 65 1 1 354 364 65 415 364 
190 1 242 65 1 65 1 714 405 1 65 65 1 1 364 1 
191 1 1 65 7 65 1 1 1 1 1 717 1 7 1 
192 1 1 717 1 7 1 220 136 1 405 65 1 1 220 286 7 
193 65 1 415 1 1 65 220 157 220 415 7 364 220 
194 65 1 1 81 1 1 65 1 65 65 65 364 1 1 66 65 65 
195 714 167 1 167 65 1 65 1 157 157 65 354 157 364 7 1 
196 354 1 242 18 7 372 1 1 1 157 623 220 1 364 367 
197 1 65 157 70 1 70 1 1 422 65 1 1 81 65 
198 65 65 21 1 65 1 1 65 65 220 65 1 1 81 220 65 7 1 
199 1 242 65 364 1 65 1 30 7 286 1 1 188 
200 1 1 1 65 1 1 415 7 65 65 65 1 1 65 415 1 