0 81 170 81 81 81 81 1 81 81 70 16 21 249 81 1329 
1 81 81 70 81 81 81 81 1267 81 81 1489 81 81 81 
2 21 338 81 81 1267 81 623 1267 81 735 81 81 81 81 81 81 
3 70 1489 81 16 81 81 81 1 81 81 81 81 81 81 70 249 81 
4 81 81 81 81 81 81 1267 81 1 1489 234 81 81 81 
5 21 21 1 623 1 81 81 338 21 81 81 81 81 89 254 1489 
6 81 81 81 81 81 81 81 249 1267 1489 81 1489 1 81 81 
7 81 1489 1 81 81 68 81 623 1267 81 21 338 629 68 81 
8 1267 1489 81 81 81 81 81 338 81 1 316 81 81 81 599 
9 81 81 1489 81 623 21 81 81 81 81 81 338 338 89 81 170 81 81 
10 1267 81 81 81 870 81 81 81 81 81 81 81 1 316 1024 
11 16 81 1489 1489 81 81 1267 115 81 81 81 81 81 
12 338 81 81 500 81 81 16 81 170 81 81 81 70 
13 338 81 1354 17 1598 81 81 81 81 81 170 81 81 
14 81 81 81 81 81 338 338 1 81 21 623 338 81 81 
15 81 1489 81 81 81 81 81 81 81 81 81 207 1 
16 81 81 81 81 81 81 21 81 81 81 81 81 81 97 16 81 292 
17 623 81 520 17 81 81 473 81 81 170 338 81 81 917 1489 
18 1 756 1 81 1489 473 81 70 372 81 16 81 21 81 81 81 
19 151 81 81 1 1489 623 114 1489 316 81 170 81 220 81 1489 81 81 
20 1267 1489 21 81 81 81 21 81 1267 338 81 81 81 81 
21 1267 81 167 81 81 81 21 338 81 1267 81 21 81 599 
22 81 81 81 1489 81 1024 81 338 81 81 81 81 81 81 81 81 
23 81 81 81 81 81 81 81 81 81 411 81 81 338 81 81 81 16 
24 1267 81 81 623 81 16 254 16 81 1267 
25 1267 81 16 338 1489 81 623 81 1267 81 81 81 81 81 81 81 81 
26 81 81 81 81 81 768 500 81 81 81 81 1489 81 81 81 81 
27 170 81 81 81 1489 1489 81 81 81 81 81 338 
28 1267 338 170 81 81 338 21 81 81 1267 81 81 81 81 81 
29 81 81 81 1489 81 81 21 411 81 81 81 1267 81 81 338 70 81 81 81 
30 81 1489 81 81 220 81 1267 81 16 81 81 338 97 81 167 
31 21 81 1 1 16 1 81 81 81 81 338 81 
32 81 21 97 623 81 1489 70 81 21 81 81 81 1 338 81 198 81 
33 1267 81 623 81 81 81 81 81 1 1 81 1 81 81 
34 21 81 81 81 1489 136 81 162 1489 60 16 81 779 81 17 1 
35 81 81 81 1489 81 81 16 81 81 70 1 286 21 81 
36 81 81 1389 81 234 1 81 338 81 21 1267 
37 1267 220 70 81 81 81 1 170 16 81 81 81 411 338 
38 1489 81 81 1489 81 1338 81 81 81 81 81 81 81 81 81 411 81 
39 81 81 81 958 1489 97 81 473 81 1249 81 338 
40 1 81 338 81 198 473 81 253 81 81 81 81 81 81 
41 81 81 115 1489 81 81 81 81 16 81 97 81 
42 1267 151 1024 81 81 81 623 81 81 1267 81 81 81 81 81 81 81 1629 
43 81 70 81 81 81 81 21 81 81 81 81 81 1489 81 81 81 
44 81 1489 1489 1489 286 81 81 81 221 1489 81 81 81 81 
45 66 81 1489 81 81 81 248 81 81 81 81 249 16 70 81 81 629 
46 70 81 1489 81 349 81 81 81 70 21 81 210 81 81 81 
47 170 81 81 81 81 81 17 81 81 1276 81 81 81 81 81 
48 70 1077 1489 81 81 81 16 663 170 16 338 1 81 81 81 
49 81 1267 81 286 623 338 411 81 1267 81 1 1 81 170 81 81 81 
50 1267 81 167 1489 81 81 81 81 81 1267 81 1 81 81 
51 756 81 1024 97 81 1489 17 81 1354 81 81 81 16 81 81 81 
52 1267 70 81 97 81 1 81 81 81 81 1267 629 1 81 81 81 
53 81 1267 81 343 81 623 1 81 1 1267 1489 81 81 81 
54 81 81 81 81 81 81 81 1354 81 16 81 70 81 
55 81 81 81 81 21 81 81 81 81 81 81 81 1290 81 81 316 1 1489 338 
56 81 1267 1489 411 81 81 70 81 1267 81 81 81 81 1 81 1629 599 
57 81 1489 81 81 81 21 1 81 81 234 81 81 81 
58 81 81 81 81 159 411 81 1354 81 16 1 81 81 81 81 
59 81 81 1489 81 170 81 21 81 338 1 81 81 16 
60 81 81 97 81 338 81 81 81 81 81 
62 81 623 1489 81 81 81 70 81 16 1 81 81 81 21 
63 81 81 81 623 1489 81 81 81 81 81 81 1 207 81 338 81 1489 
64 81 81 81 81 81 81 81 1 81 81 81 81 81 81 170 81 756 
65 1489 81 81 81 81 623 81 81 81 81 17 81 16 81 81 170 
66 81 1 81 81 81 81 81 97 411 1489 81 81 81 411 21 81 
67 81 1267 81 338 1489 1489 1267 81 81 81 81 70 81 338 
68 81 81 473 81 81 338 1489 81 81 81 81 
69 81 81 81 81 473 338 81 81 81 81 81 81 81 81 16 81 70 81 81 
70 1267 81 1489 81 1489 48 81 1267 81 81 81 1 81 262 
71 1 338 1267 81 81 81 81 1 81 70 81 16 81 
72 1489 81 81 81 1 1489 81 81 1267 81 
73 81 1267 1 81 81 1 220 81 1267 1 1462 81 81 1 81 81 
74 81 81 81 623 317 81 81 81 340 1267 
75 81 81 81 81 1604 81 81 81 81 81 81 81 81 1 
76 1267 81 21 81 1267 70 21 81 81 21 338 81 16 16 623 81 
77 1186 16 81 170 81 21 81 1 81 81 
78 81 81 81 81 1489 81 81 81 1 81 81 16 81 340 
79 1 81 81 81 48 81 81 81 81 81 81 21 81 
80 81 81 1489 81 97 81 81 1267 170 81 81 623 81 
81 1267 81 81 520 81 81 1267 81 338 81 81 16 81 81 
82 81 1267 81 81 81 81 81 81 1 1267 81 234 1267 81 21 81 81 81 1489 
83 81 70 97 81 81 338 81 81 81 81 1 16 81 
84 167 81 1267 81 338 1 473 1 81 870 81 81 81 262 81 81 81 
85 81 1489 1489 81 17 81 1489 81 21 21 1389 81 1 81 81 
86 81 411 81 1 1489 1462 1489 81 338 81 81 1 81 81 81 81 81 
87 81 81 487 81 81 81 81 81 81 81 81 16 1489 81 81 238 81 81 
88 1267 81 81 81 81 81 70 81 81 21 1267 
89 66 520 81 81 81 81 81 170 81 81 1 81 97 81 81 81 
90 338 81 170 623 81 81 81 81 81 81 170 81 1 
91 1267 81 81 81 81 81 1267 81 338 81 338 623 81 
92 81 1267 81 81 81 81 500 81 81 262 684 81 70 1267 21 81 81 623 
93 473 81 81 81 81 81 1338 16 338 210 81 338 81 
94 81 81 81 81 81 1338 81 81 81 81 81 81 81 81 81 170 
95 81 81 81 97 81 70 81 81 81 1489 1 623 1489 
96 1267 1267 81 81 21 81 167 81 81 81 1267 81 81 81 81 81 81 
97 1267 81 1489 81 1489 1267 81 81 81 1 81 81 338 81 81 
99 81 81 1267 81 81 81 81 81 81 1 408 81 81 1 81 
100 1267 1267 81 1 81 81 81 1 81 1267 81 81 81 170 81 49 
101 81 1267 167 1024 1 81 81 81 81 81 249 81 81 338 81 81 
102 1267 487 81 81 81 81 81 1267 81 81 70 338 81 81 81 
103 81 81 81 623 81 81 16 338 70 1164 249 81 
104 81 81 81 1489 623 81 81 81 81 338 81 1489 1489 81 81 
105 1267 81 81 81 81 81 81 81 81 623 81 81 
106 81 21 81 81 21 81 81 81 81 81 81 81 623 81 
107 81 81 81 81 81 81 623 21 81 170 81 81 
108 81 1489 338 623 81 81 81 81 81 1489 70 70 81 81 81 249 81 48 
109 1267 81 81 1 81 1267 473 81 136 81 81 81 81 411 
110 1267 81 756 21 1 81 81 1267 81 81 81 1489 81 81 70 
111 1267 81 81 1 81 81 81 81 81 81 81 1267 81 16 81 81 
112 1267 81 343 81 81 1267 1267 81 16 81 81 81 1489 
113 81 115 81 81 81 81 21 234 81 81 81 81 
114 81 1489 1267 21 81 81 81 81 1024 
115 1267 81 81 81 1489 338 81 411 1 1267 1024 81 1267 1 81 
116 81 81 1 81 81 81 81 623 81 81 254 81 81 81 81 81 81 
117 81 1489 17 170 411 220 81 81 81 411 1267 81 21 81 81 1 81 81 
118 1489 81 1489 81 81 1462 81 16 81 338 81 81 81 
119 81 249 81 1489 81 81 81 629 81 21 81 81 81 81 81 81 70 16 81 
121 473 1267 81 81 81 17 338 316 1267 81 338 411 81 81 81 81 
122 473 81 1489 81 81 81 81 81 81 16 170 81 81 338 81 292 
123 81 81 64 81 81 1024 338 1 81 1 81 70 81 97 81 338 
124 81 1489 81 473 81 81 1267 81 81 81 81 81 81 97 70 48 81 81 
125 623 473 81 349 1489 81 81 81 81 81 16 81 136 81 
126 1462 473 725 81 81 81 16 21 81 81 81 81 
127 70 150 411 81 623 81 81 81 81 81 81 81 81 81 81 81 
128 81 1489 623 1489 70 170 81 1267 170 81 81 1489 81 81 
129 338 97 1267 70 81 81 81 81 81 1267 70 249 81 81 81 
130 21 81 1494 81 81 159 81 81 723 81 1 81 81 81 81 81 
131 1267 81 81 81 81 81 81 81 81 81 81 81 411 81 
132 151 81 582 81 1489 1489 81 81 81 1 81 81 81 
133 126 1489 81 81 81 97 81 338 81 81 89 81 81 81 
134 81 81 81 81 81 81 81 1338 81 81 81 81 286 487 81 
135 170 1 1489 126 1338 70 81 234 1267 16 1489 81 1 238 
136 1267 81 623 126 1338 1267 1276 81 81 81 81 81 81 1489 
137 81 1489 81 81 81 81 81 81 81 81 81 81 338 81 70 21 
138 115 81 81 21 81 81 81 81 1267 81 81 81 27 81 1 
139 151 1489 81 81 81 81 81 81 81 81 81 81 81 220 
140 81 81 1489 81 81 81 81 81 81 81 81 338 16 1 
141 81 81 81 81 81 81 81 81 1 81 81 81 81 81 81 81 16 81 81 
142 338 81 81 70 338 411 81 21 81 170 
143 81 1 81 81 623 81 81 81 81 1 81 81 81 81 
144 81 81 1267 81 629 81 81 81 1 81 1267 81 338 81 167 1164 81 
145 81 81 16 81 81 81 81 81 81 81 16 1290 81 81 81 
146 81 1 1489 81 81 81 1267 338 1489 1389 81 81 81 81 81 81 81 
147 81 81 81 81 
148 1489 81 70 81 81 81 81 81 81 81 338 81 81 81 16 
149 338 16 210 1674 21 579 81 81 81 81 81 81 
150 81 338 81 1489 81 81 81 1 81 81 338 81 1489 81 1489 81 
151 1267 81 81 81 81 81 21 81 1267 81 21 81 81 170 81 81 
152 81 338 115 623 21 623 81 136 81 81 81 81 81 81 81 
153 473 81 81 81 170 473 81 
154 1 81 81 81 170 1267 81 81 81 1489 81 81 81 
155 1 756 1 81 81 81 473 81 473 207 1 81 81 
156 81 81 81 81 81 1 81 81 81 17 81 1489 81 
157 81 81 349 81 238 1 1 81 1 1489 170 81 81 81 
158 81 81 81 81 81 249 70 81 81 1489 81 338 
159 1489 81 81 81 81 81 81 1 81 81 81 81 485 81 81 
160 1267 81 81 1489 81 81 81 81 81 81 286 81 81 81 338 
161 81 1267 81 70 81 81 70 1267 81 81 81 81 338 81 81 81 
163 1674 81 81 81 21 81 623 81 575 81 81 1489 81 238 81 1 170 81 
164 582 1 81 81 81 70 81 81 81 81 16 16 81 
165 81 684 81 81 81 1 81 1 623 81 81 81 170 81 
166 81 81 81 1489 1489 81 81 81 81 1489 81 81 81 81 1 81 81 1489 81 
167 81 81 81 81 167 372 81 81 
168 81 81 958 411 1 81 81 
169 81 338 21 21 81 81 1039 70 81 338 16 21 254 81 
170 16 81 81 81 1489 81 81 510 81 1489 1267 
171 81 81 81 81 21 234 81 338 81 81 81 
172 81 1 81 81 81 81 
173 81 81 1489 170 1 81 81 170 81 1164 338 81 81 1 716 81 81 
174 1489 81 81 81 1489 870 81 81 81 81 81 
175 81 81 81 81 70 81 81 81 21 81 1389 81 81 81 81 
176 81 1267 81 81 582 81 81 1267 81 1561 81 81 338 81 16 
177 81 81 81 81 1 411 81 81 338 81 21 93 
178 1267 81 81 81 81 81 81 1489 81 338 81 81 81 170 16 81 
179 1267 167 338 81 623 81 81 48 286 1 81 70 81 81 
180 81 473 81 81 1546 662 81 81 81 286 
181 81 81 623 81 1 81 81 162 81 81 81 81 81 198 81 
182 418 1267 1267 81 1489 81 1 81 1155 81 81 81 81 81 21 
183 81 16 1389 81 81 958 81 81 338 81 
184 1267 81 81 81 21 81 1267 81 81 338 16 81 338 81 81 1629 81 
185 81 1 81 16 81 768 81 81 81 81 917 
186 81 1489 81 623 81 81 81 81 81 97 81 338 81 1318 81 81 
187 81 70 81 81 81 623 81 870 338 81 81 81 81 81 16 81 81 81 
188 1267 81 81 349 21 81 81 81 1267 1462 81 338 81 81 81 
189 81 81 684 81 1 81 81 81 1489 81 1489 81 
190 81 81 1489 81 81 81 81 81 81 81 81 81 338 81 292 
191 81 21 81 473 81 338 1 81 81 81 81 97 81 81 
192 81 167 338 81 81 81 220 136 81 81 81 81 81 97 286 81 
193 81 81 81 81 81 81 81 81 81 81 81 81 16 
194 500 81 81 81 81 81 81 338 1267 338 81 81 81 338 97 81 81 
195 81 21 81 167 81 81 338 81 81 81 81 81 81 81 81 81 
196 81 1024 81 70 81 372 81 81 1 81 623 411 21 81 81 
197 167 1267 81 70 81 70 81 81 81 1267 81 81 81 81 
198 1267 81 21 1489 81 81 1 1267 81 81 81 81 81 81 21 81 81 292 
199 81 81 81 1489 342 81 249 16 81 97 338 81 81 
200 81 473 81 81 338 1 870 81 81 1267 81 170 1 81 81 81 