0 29 48 29 29 29 29 29 29 29 29 
2 29 29 29 29 29 
3 423 470 74 74 74 74 74 74 74 74 74 74 74 74 70 
4 74 74 74 74 
5 29 29 29 29 29 29 29 29 29 29 29 29 29 29 29 29 
7 74 74 74 74 74 74 74 74 74 74 74 10 74 215 74 74 
9 29 29 29 29 29 29 29 29 29 29 29 
10 29 29 29 29 29 29 29 29 29 29 29 29 425 
11 20 20 20 20 20 105 20 20 20 20 20 20 20 20 20 20 
12 29 29 29 29 29 
13 29 29 29 29 
14 48 29 29 29 29 29 2055 29 29 29 29 29 29 29 29 29 
15 29 29 423 29 29 29 29 29 29 29 29 29 29 29 29 29 
16 29 1018 29 29 29 29 29 29 29 1449 26 29 3224 532 
17 3 3 3 3 3 3 3 
18 29 29 29 29 29 10 48 29 29 29 29 29 29 1449 29 
19 29 2269 29 29 423 29 29 29 
20 74 74 74 74 74 74 74 74 66 74 74 74 74 74 74 74 
21 29 29 29 29 29 29 29 29 29 29 29 29 29 29 
23 29 29 74 29 29 29 29 29 83 29 29 
24 29 29 29 29 29 29 29 499 29 29 29 29 
25 423 29 29 29 29 29 29 29 29 29 29 29 29 29 29 29 776 29 
26 29 29 29 29 29 29 29 29 29 29 29 29 
27 10 10 10 10 10 10 10 10 10 
28 19 19 19 19 19 19 19 
29 10 10 10 10 10 10 10 10 10 10 
30 29 29 29 29 29 29 2918 29 29 29 29 29 29 29 29 29 
31 29 29 29 29 1018 29 29 29 29 29 29 423 1294 29 29 439 
32 29 48 29 29 29 29 29 29 29 29 29 29 29 776 29 29 29 29 
33 29 29 29 29 29 29 29 29 29 29 29 29 29 29 29 29 29 
34 29 29 29 29 29 29 29 29 29 29 29 29 29 29 499 29 29 
36 29 29 29 29 29 29 29 29 29 29 29 29 29 29 
38 29 29 636 423 29 29 29 29 29 29 29 29 29 423 29 29 29 
39 29 29 29 29 29 29 29 29 29 29 29 
40 29 29 29 29 688 29 29 29 29 29 29 29 29 
41 20 20 20 20 20 20 20 20 20 20 20 
42 29 29 29 29 29 29 29 29 29 29 29 66 29 29 29 
43 470 470 470 470 470 470 470 470 470 470 
44 74 74 74 74 74 74 74 74 74 74 74 74 74 74 74 74 
45 140 140 140 140 140 140 140 140 140 140 140 140 140 140 412 140 140 
46 636 29 29 29 29 29 29 29 29 29 29 29 29 29 29 
48 29 29 29 29 29 29 29 29 29 29 29 29 29 29 29 29 29 29 
49 29 29 29 29 29 29 29 29 29 3237 29 29 29 29 29 29 
50 2435 29 29 470 29 29 1521 29 29 688 29 29 29 29 
51 29 29 29 29 29 29 29 29 70 29 29 29 29 29 29 1 29 
53 29 29 29 29 29 29 29 29 29 29 29 539 499 29 
55 29 29 29 29 29 29 29 29 29 29 213 29 29 
56 29 29 29 508 29 29 29 29 29 29 29 532 29 70 29 
58 29 29 29 29 29 29 2435 29 29 29 29 29 
59 29 29 29 29 29 29 29 48 29 29 29 29 29 29 29 
