0 111 111 155 29 155 155 155 444 155 155 
2 398 155 111 859 859 
3 29 470 155 859 111 307 155 155 111 29 111 155 155 307 19 
4 111 111 155 155 
5 155 155 29 155 29 155 111 155 155 86 155 859 29 111 155 859 
7 155 859 111 111 321 1401 155 111 155 1797 111 339 155 1611 155 111 
9 155 1797 155 1507 859 111 155 3 155 155 155 
10 71 155 3 302 155 56 29 1797 29 1804 302 111 425 
11 859 155 29 155 155 105 1437 155 859 155 155 1797 155 1093 859 155 
12 155 155 155 29 155 
13 29 1174 859 29 
14 3 3 29 77 484 111 532 859 1034 497 155 29 29 155 155 29 
15 155 77 423 29 29 1126 155 3 155 1174 29 155 302 155 226 748 
16 29 963 562 155 155 29 1437 155 155 1449 1449 111 2645 1682 
17 859 111 859 3 155 111 155 
18 2436 3 155 155 111 1449 111 155 29 155 155 111 155 1449 29 
19 155 2186 1174 155 444 859 859 859 
20 155 111 155 111 77 155 29 155 3 111 155 670 155 74 155 111 
21 859 155 29 2221 155 226 859 226 29 155 111 29 155 670 
23 155 3 1510 1507 155 29 111 1126 83 155 155 
24 29 859 29 859 302 859 155 499 155 302 155 155 
25 716 3 155 155 226 111 111 155 155 331 77 29 155 859 155 155 964 29 
26 1797 859 155 29 29 111 155 859 111 859 859 155 
27 859 155 155 226 859 155 155 3 155 
28 29 77 355 155 111 155 155 
29 155 155 111 1797 29 1089 155 111 226 155 
30 111 155 859 29 29 29 2918 29 29 29 302 29 155 86 29 497 
31 155 77 29 29 20 859 155 155 155 1804 155 423 1294 497 859 439 
32 859 3 155 155 155 859 155 155 859 155 155 155 29 964 155 29 155 29 
33 155 29 155 1797 155 111 155 155 1807 155 29 1797 859 155 3 155 155 
34 859 155 3 29 859 29 155 302 155 1174 155 1797 302 155 499 859 155 
36 155 111 155 155 111 155 29 111 155 155 155 155 155 29 
38 1174 321 636 111 155 155 859 155 111 1797 3 155 155 111 29 29 155 
39 155 302 155 155 155 29 302 155 859 111 111 
40 155 111 111 859 307 859 1174 1797 111 302 29 111 77 
41 155 155 1093 155 155 29 155 155 111 155 670 
42 859 111 155 29 111 71 497 111 1174 29 155 256 859 155 155 
43 155 1797 155 470 155 155 859 155 155 155 
44 2436 155 3 155 111 111 859 111 29 155 155 748 859 155 111 155 
45 155 155 155 29 859 155 155 155 1797 111 1449 155 155 155 539 1507 155 
46 636 859 155 155 155 155 859 302 155 155 1174 155 111 77 111 
48 1797 155 155 859 155 155 155 1174 155 155 155 155 302 155 155 111 155 77 
49 111 155 77 155 155 226 155 155 155 295 29 111 155 155 155 859 
50 499 111 111 470 155 155 1736 859 155 20 29 1178 155 29 
51 155 155 155 155 29 859 29 155 12 155 29 29 111 859 155 1297 29 
53 155 29 155 155 29 226 2221 1174 155 2108 302 341 499 29 
55 3 77 155 155 155 592 111 859 155 302 2861 859 29 
56 111 155 302 506 155 29 155 155 859 77 155 532 155 44 859 
58 1797 29 155 1507 111 155 1294 29 29 29 1975 111 
59 155 155 29 859 155 859 155 44 1183 155 111 155 29 77 155 
