0 3 512 1247 546 546 174 546 512 51 3 1247 1104 1528 546 3 1418 
1 1426 51 1821 1247 3 3 27 3 71 1247 
2 2539 3 3 3381 1247 1481 512 1247 110 1602 3 861 1247 1897 6751 
3 512 51 1091 1528 546 546 512 1091 512 
4 1408 900 2912 110 51 2753 27 3 3 7365 3 546 1247 
5 3517 7365 1821 1247 1247 51 512 3667 3 546 1247 3599 546 2539 1374 1792 1897 1247 
6 3 3 27 3 471 512 1374 
7 7365 1528 6751 7 3 1247 3681 512 1374 512 1602 1247 1247 1263 512 1821 1821 51 512 1675 
8 51 7284 512 512 3036 4476 110 1247 7284 512 3 5947 512 546 1821 546 546 3 
9 1247 1374 1247 433 546 1821 512 512 471 1792 1897 161 636 3 1625 51 512 1792 
10 1528 546 7365 546 512 5390 1821 1374 512 202 33 2524 3 3 1821 110 3 512 512 
11 546 51 1528 3 1821 3 3 512 546 1821 1104 1821 546 3 1821 3862 1247 512 
12 3 148 1528 202 1263 1821 51 51 1792 5947 3 202 2606 1821 7 
13 3 3 171 1821 1602 1602 1247 1374 1374 512 512 471 3 512 1949 512 3297 7365 3 
14 1247 2597 3 634 1821 3 1528 1675 3 1602 51 1139 1091 546 1821 1821 
15 1179 3 1247 1418 3667 3 110 2524 512 149 861 7 900 51 2238 1528 
16 3 171 512 4695 546 1792 3667 1821 1247 5532 1318 1821 1821 1821 1374 1247 3 
18 3 3 1821 1602 3681 1247 1015 1792 1897 6751 71 546 512 546 1528 512 
19 3 1954 3 7365 3 512 512 1602 1247 512 303 3 233 512 512 512 3517 1821 
20 6289 1247 1528 1821 3 1247 1792 1374 1247 3 1528 512 512 512 1897 
21 3381 1897 3 1247 546 512 546 546 1897 512 1897 512 3 512 1 1104 1247 512 
22 546 1247 1247 512 4476 512 3 815 158 1104 512 512 6011 1528 1821 1897 27 
23 3 512 1449 2694 51 3 1486 51 51 1807 202 3 1389 51 51 1247 
24 7365 37 1821 7284 2245 1247 1247 1247 51 2633 7284 3 448 512 51 1528 3 
25 6984 6751 1792 1449 512 512 512 1602 1528 
26 71 1821 530 51 1821 3 1821 4476 512 1821 51 512 
27 2524 1675 51 51 3 1247 1528 3 
28 3 110 3 4197 1247 51 1897 1978 3 1675 546 1247 512 1792 7 51 1528 20 4197 1307 
29 3 3381 167 3 3 3388 512 3710 139 512 2606 1821 1821 
30 546 3 3667 13 87 1528 861 1374 51 4633 3 7 3 6289 3517 1247 
31 1374 1821 1247 1247 3667 3 2008 1528 1599 1897 2859 1104 1247 233 3517 3036 512 
32 3 1247 256 2524 1792 7365 303 3 861 417 1179 417 
33 51 512 1528 1528 1247 7365 2517 51 2987 3 512 1179 1416 3 861 546 1897 512 1528 3 
34 1247 1897 546 4695 1792 512 1247 1675 1104 1897 512 344 1528 546 1374 27 546 
35 344 1792 3036 2245 512 6751 1897 512 1247 546 512 3 3 1821 1528 
36 51 512 1247 1104 546 3 4476 3 1374 3 1374 
37 1247 512 1247 1792 1374 3 51 
38 3 512 7 1247 1528 3681 3 1247 1247 3 1602 1449 1247 2245 1070 42 51 
39 863 546 1247 3517 1247 51 1481 1897 1408 110 3487 512 3 3 1528 1897 1897 
40 3 1247 1821 1247 3667 148 512 1104 4633 1821 1821 1821 1247 512 
41 512 546 3381 1602 3667 512 512 1247 512 
42 546 1247 7365 51 1897 209 1675 51 1318 1374 512 3 4476 1247 4197 3 546 
43 27 3 1675 3 512 4197 1247 344 512 3036 546 3 3 1792 546 3730 512 3 1602 
44 3 3 1482 1897 303 627 1821 51 1897 5139 1263 2749 1247 1528 1374 1792 512 
45 546 3 1416 1247 512 1792 512 2987 171 3 3 7 3 1528 512 6751 
46 3 546 3 1247 1247 3 512 546 512 51 512 33 51 1247 1374 512 1792 
47 1897 1821 3381 1247 1675 1247 3 1792 1792 3 3 1821 1602 
48 900 1247 3681 546 1528 51 512 512 1247 1897 51 1374 3 1792 1528 5529 512 7365 1528 3036 
49 2524 1239 4764 3381 7365 110 7365 
50 512 6984 1104 1902 4197 1247 512 3 1675 51 512 5390 512 
51 546 546 3 512 1247 546 110 3 
52 3 2245 3 4197 5690 3 1247 1528 3 512 861 71 51 
53 546 1247 1897 512 1374 6751 51 2987 546 1675 3 51 1528 1821 1792 512 251 512 1528 546 
54 1821 1247 512 7284 2035 1602 1630 187 3 664 3036 3 1792 3 1528 
55 202 512 512 1247 1104 546 1528 1247 512 1897 5532 512 861 512 1374 51 512 1528 4476 
56 3 51 3 3915 202 1247 197 51 1528 1675 1247 512 546 735 
57 1528 3 1821 512 3 1247 2524 1374 1821 1821 1897 1821 1821 1897 
58 3 1247 3681 1247 3 546 512 1792 3 1374 1792 32 512 3 532 1247 
59 3 523 512 3 512 3 6280 1602 3638 1528 1374 1528 71 
