0 587 303 303 2124 303 2794 303 480 303 303 303 303 3449 303 3449 1418 
1 1426 303 7006 303 587 303 191 303 282 303 
2 303 303 303 303 303 1320 303 3449 303 303 303 303 303 303 303 
3 303 3215 3335 3449 2042 303 303 282 7150 
4 158 471 217 303 303 303 303 303 3215 303 303 303 303 
5 303 3449 303 303 303 3449 303 303 303 303 303 303 303 303 303 303 303 303 
6 303 303 303 303 2976 303 1989 
7 3449 3449 303 471 303 303 303 202 628 3947 303 303 3449 471 6207 303 3449 303 512 303 
8 3215 303 303 2124 303 303 303 931 303 303 7006 471 303 303 3449 303 303 303 
9 931 303 303 471 2124 303 7150 303 303 3449 303 5706 480 303 5401 303 471 303 
10 303 303 3449 303 303 931 303 303 4710 303 303 3624 303 303 3449 303 303 303 303 
11 303 3215 3449 420 303 3449 2481 303 2042 303 7006 3449 303 3449 303 303 303 303 
12 3449 303 303 303 303 303 303 303 303 471 303 471 303 3449 3642 
13 303 303 303 303 3304 303 587 303 303 2578 303 303 303 1949 1949 303 682 303 303 
14 303 303 303 250 303 303 3449 303 2029 303 303 471 3335 303 3449 3449 
15 471 303 931 297 303 303 303 303 303 303 303 303 900 303 471 3449 
16 3449 303 303 303 303 303 303 303 3449 303 303 303 3449 303 1307 303 6207 
18 3449 587 303 303 303 303 1015 303 303 303 46 303 303 1951 3449 303 
19 303 282 303 303 471 7315 303 303 931 303 303 303 1989 303 303 7006 303 303 
20 303 931 3624 303 303 3449 303 303 303 303 303 303 303 303 303 
21 303 303 303 303 303 1905 303 471 303 303 303 303 303 303 1 3711 303 303 
22 587 931 303 303 303 303 303 587 158 303 3449 471 303 303 3449 3449 303 
23 303 303 303 2694 7006 587 257 303 303 1807 202 303 508 303 303 303 
24 3449 303 303 303 303 303 303 3449 303 2633 303 303 161 303 303 3449 6207 
25 303 303 303 303 303 303 303 303 303 
26 471 303 115 3449 303 7006 303 303 471 303 303 303 
27 3624 303 303 303 303 931 3449 587 
28 303 303 7006 3449 303 7006 303 1426 303 303 303 303 303 303 303 303 303 471 303 1307 
29 303 303 303 587 303 303 6207 303 139 3449 303 3449 303 
30 3449 303 303 13 303 3449 664 2114 303 303 303 303 303 303 303 303 
31 2029 303 3449 303 303 2481 2008 303 303 7006 471 303 3449 303 303 303 303 
32 303 303 303 3624 303 303 303 587 303 303 303 303 
33 3215 303 3449 3449 303 303 303 303 303 303 303 303 303 303 303 303 7006 1949 3449 5731 
34 931 303 303 303 303 1949 931 303 303 303 303 471 303 303 1989 303 303 
35 1152 3449 303 303 303 303 303 303 303 303 303 303 303 3449 303 
36 303 303 931 303 303 303 303 931 480 303 3642 
37 931 7006 303 303 480 303 303 
38 3449 303 3891 931 303 303 303 3449 303 2578 303 3525 3449 3449 1 3353 303 
39 863 2042 931 303 303 303 1320 303 471 303 3453 2124 303 303 303 303 303 
40 303 931 303 3449 303 148 512 303 303 7006 303 3449 303 303 
41 303 303 303 303 303 303 512 303 303 
42 303 931 303 7006 303 5281 303 303 3449 46 4727 3449 303 303 303 303 303 
43 217 303 161 303 3449 3449 303 288 3947 3449 303 303 303 303 303 3730 303 303 303 
44 303 303 2794 303 303 303 303 303 303 250 303 1341 303 303 303 303 303 
45 3449 303 303 303 471 303 303 303 5383 303 303 303 3215 303 303 303 
46 303 303 303 303 303 7006 303 303 303 303 303 303 2684 303 303 303 1782 
47 303 303 303 303 303 303 303 303 303 587 303 303 303 
48 900 931 303 303 3624 3449 471 303 303 303 303 303 3449 303 303 471 303 303 303 303 
49 303 6207 5508 303 3449 303 303 
50 303 303 480 1902 3449 303 303 303 471 303 7150 303 303 
51 303 303 303 2578 303 303 303 303 
52 303 303 303 303 303 587 3449 303 3449 303 303 202 202 
53 303 931 303 7227 303 303 303 303 7238 303 303 303 303 303 303 2481 303 303 303 303 
54 303 3449 6207 303 303 303 303 303 303 5385 303 303 303 303 3449 
55 303 299 303 931 303 303 303 3449 303 303 7238 303 303 2481 303 303 303 303 303 
56 303 303 303 303 2029 303 197 3449 303 471 3449 2029 1951 322 
57 3624 303 303 303 303 303 3624 3113 303 3449 3449 303 303 303 
58 303 303 303 303 7006 2124 471 1782 3449 2114 303 471 303 3449 532 303 
59 303 523 303 303 471 303 6280 303 303 303 303 303 202 
