0 15 557 10
1 3 74 3
2 9 98 7
3 7 123 7
4 87 3089 30
5 3 30 3
6 15 276 7
7 7 181 6
8 11 592 9
9 2 16 2
10 5 61 5
11 5 106 5
12 6 68 6
13 3 19 3
14 3 38 3
15 3 38 3
16 3 40 3
17 4 135 4
18 2 29 2
19 6 106 5
20 4 115 4
21 9 167 7
22 4 154 4
23 3 47 3
24 11 289 8
25 25 501 12
26 5 95 5
27 6 185 6
28 2 77 2
29 20 359 12
30 2 23 2
31 3 26 3
32 4 69 4
33 4 40 4
34 6 134 5
35 3 37 3
36 13 908 9
37 3 49 3
38 13 140 7
39 4 94 4
40 2 22 2
41 5 82 5
42 5 222 5
43 2 21 2
44 8 106 6
45 25 582 15
46 3 53 3
47 2 30 2
48 15 406 12
49 2 22 2
50 4 88 4
51 8 236 7
52 18 287 9
53 3 19 3
54 2 23 2
55 4 35 4
56 2 12 2
57 3 90 3
58 4 76 4
59 3 85 3
60 4 32 4
61 9 131 6
62 2 25 2
63 4 44 4
64 3 51 3
65 8 104 6
66 2 29 2
67 3 52 3
68 24 847 16
69 25 490 13
70 3 86 3
71 6 138 5
72 5 111 5
73 16 300 9
74 4 36 4
75 6 159 6
76 9 139 6
77 2 24 2
78 4 44 4
79 4 50 4
80 40 2242 24
81 4 58 4
82 3 39 3
83 25 681 14
84 4 46 4
85 5 108 5
86 2 23 2
87 8 115 7
88 5 74 5
89 38 1484 20
90 3 58 3
91 12 224 8
92 4 64 4
93 2 25 2
94 4 94 4
95 14 170 7
96 10 126 6
97 3 26 3
98 6 62 5
99 2 24 2
100 5 100 5
101 3 33 3
102 19 972 12
103 3 22 3
104 8 94 5
105 2 102 2
106 7 135 6
107 5 41 5
108 3 56 3
109 4 35 4
110 8 213 7
111 17 1038 14
112 3 32 3
113 10 170 7
114 2 37 2
115 4 104 4
116 4 36 4
117 3 33 3
118 4 44 4
119 3 37 3
120 9 149 7
121 2 18 2
122 3 56 3
123 3 50 3
124 4 84 4
125 2 13 2
126 17 560 12
127 6 68 5
128 3 28 3
129 2 31 2
130 5 86 5
131 3 43 3
132 5 57 5
133 2 37 2
134 4 48 4
135 3 29 3
136 2 20 2
137 3 29 3
138 2 25 2
139 2 14 2
140 5 39 5
141 2 14 2
142 3 29 3
143 3 31 3
144 7 179 6
145 2 19 2
146 7 165 6
147 7 293 7
148 6 324 6
149 4 32 4
150 2 49 2
151 6 194 6
152 3 37 3
153 3 59 3
154 4 93 4
155 10 213 6
156 3 35 3
157 5 106 5
158 4 32 4
159 2 14 2
160 3 26 3
161 4 107 4
162 6 69 6
163 5 95 5
164 2 26 2
165 3 23 3
166 4 62 4
167 6 183 5
168 4 68 4
169 3 120 3
170 5 52 5
171 3 23 3
172 3 75 3
173 4 105 4
174 4 66 4
175 6 75 5
176 6 121 5
177 11 583 8
178 10 184 7
179 2 17 2
180 3 24 3
181 2 38 2
182 7 64 5
183 2 21 2
184 2 13 2
185 4 42 4
186 4 35 4
187 7 98 6
188 2 18 2
189 4 32 4
190 16 181 9
191 4 30 4
192 2 12 2
193 8 123 5
194 4 64 4
195 2 27 2
196 5 70 5
197 2 19 2
198 9 352 7
199 6 98 5
200 3 36 3
201 5 171 5
202 4 61 4
203 2 19 2
204 2 37 2
205 2 38 2
206 2 13 2
207 2 39 2
208 2 21 2
209 6 91 6
210 3 33 3
211 3 96 3
212 2 41 2
213 2 15 2
214 6 117 6
215 4 50 4
216 4 80 4
217 3 42 3
218 6 76 5
219 3 30 3
220 6 660 6
221 2 20 2
222 3 30 3
223 27 936 15
224 6 87 5
225 9 143 7
226 11 159 8
227 2 36 2
228 4 73 4
229 2 15 2
230 6 59 6
231 3 18 3
232 2 91 2
233 7 183 6
234 3 53 3
235 3 55 3
236 2 32 2
237 11 126 8
238 11 204 8
239 4 40 4
240 2 26 2
241 3 49 3
242 2 30 2
243 4 31 4
244 2 35 2
245 2 57 2
246 4 80 4
247 5 90 5
248 3 30 3
249 5 51 5
250 2 25 2
251 5 92 5
252 6 110 5
253 2 17 2
254 3 22 3
255 3 34 3
256 4 101 4
257 2 13 2
258 2 70 2
259 7 181 6
260 3 24 3
261 4 90 4
262 2 33 2
263 4 84 4
264 3 44 3
265 2 17 2
266 2 25 2
267 13 203 7
268 3 39 3
269 3 28 3
270 4 75 4
271 7 126 6
272 4 69 4
273 4 103 4
274 3 57 3
275 8 213 6
276 3 39 3
277 5 102 5
278 3 24 3
279 4 35 4
280 3 91 3
281 3 29 3
282 3 43 3
283 3 38 3
284 3 102 3
285 3 32 3
286 2 26 2
287 3 45 3
288 2 36 2
289 2 18 2
290 2 26 2
291 7 128 6
292 3 97 3
293 9 339 8
294 6 106 5
295 3 48 3
296 4 77 4
297 3 63 3
298 2 24 2
299 2 52 2
300 4 30 4
301 2 20 2
302 2 21 2
303 2 14 2
304 8 138 6
305 2 15 2
306 3 24 3
307 2 35 2
308 2 14 2
309 5 69 5
310 2 15 2
311 3 26 3
312 2 61 2
313 5 73 5
314 2 54 2
315 5 184 5
316 2 18 2
317 3 31 3
318 8 168 6
319 3 50 3
320 3 18 3
321 3 51 3
322 3 29 3
323 4 35 4
324 3 86 3
325 3 38 3
326 4 50 4
327 2 20 2
328 5 115 5
329 3 17 3
330 6 89 5
331 4 59 4
332 4 42 4
333 6 137 5
334 3 20 3
335 2 25 2
336 2 21 2
337 40 2187 21
338 3 20 3
339 3 61 3
340 2 65 2
341 4 71 4
342 2 14 2
343 2 11 2
344 7 88 6
345 2 39 2
346 2 12 2
347 3 33 3
348 2 16 2
349 2 22 2
350 6 66 6
351 8 306 6
352 3 29 3
353 8 275 6
354 2 11 2
355 2 33 2
356 2 17 2
357 3 72 3
358 2 17 2
359 4 137 4
360 2 26 2
361 3 21 3
362 6 78 5
363 3 38 3
364 3 31 3
365 4 101 4
366 3 37 3
367 3 37 3
368 6 93 5
369 2 16 2
370 2 25 2
371 2 12 2
372 5 72 5
373 4 41 4
374 5 56 5
375 3 29 3
376 10 387 8
377 12 422 10
378 4 47 4
379 4 23 4
380 4 59 4
381 2 33 2
382 3 39 3
383 4 71 4
384 3 29 3
385 2 12 2
386 3 37 3
387 3 18 3
388 3 34 3
389 3 43 3
390 2 24 2
391 10 233 7
392 2 29 2
393 2 22 2
394 3 59 3
395 3 46 3
396 14 881 10
397 2 18 2
398 4 74 4
399 5 62 5
400 3 36 3
401 5 148 5
402 4 54 4
403 2 34 2
404 3 39 3
405 2 12 2
406 2 15 2
407 6 67 5
408 3 29 3
409 3 58 3
410 2 37 2
411 2 20 2
412 31 898 17
413 2 22 2
414 13 245 9
415 2 15 2
416 3 25 3
417 4 53 4
418 2 16 2
419 4 42 4
420 2 14 2
421 2 16 2
422 12 110 7
423 9 159 6
424 7 223 6
425 2 30 2
426 2 32 2
427 2 44 2
428 3 47 3
429 28 934 16
430 5 414 5
431 3 23 3
432 2 18 2
433 5 106 5
434 5 59 5
435 5 150 5
436 2 16 2
437 2 15 2
438 2 17 2
439 2 13 2
440 2 15 2
441 2 13 2
442 4 69 4
443 6 149 6
444 2 32 2
445 7 144 6
446 3 39 3
447 3 47 3
448 5 89 5
449 6 113 5
450 2 11 2
451 2 16 2
452 13 368 10
453 2 79 2
454 3 36 3
455 5 72 5
456 3 29 3
457 9 142 8
458 3 30 3
459 6 102 6
460 2 11 2
461 2 11 2
462 5 54 5
463 2 23 2
464 2 19 2
465 2 12 2
466 3 47 3
467 5 110 5
468 2 20 2
469 2 11 2
470 2 17 2
471 3 34 3
472 3 67 3
473 3 25 3
474 5 132 5
475 2 49 2
476 9 283 7
477 5 98 5
478 2 28 2
479 2 14 2
480 4 55 4
481 2 25 2
482 5 67 5
483 5 72 5
484 3 95 3
485 2 16 2
486 3 51 3
487 2 32 2
488 4 36 4
489 4 60 4
490 2 11 2
491 5 67 5
492 3 17 3
493 4 57 4
494 4 97 4
495 7 127 6
496 9 267 7
497 2 11 2
498 5 96 5
499 4 84 4
500 2 14 2
501 2 19 2
502 7 77 6
503 7 145 6
504 6 133 6
505 3 73 3
506 6 94 6
507 6 152 5
508 3 18 3
509 3 78 3
510 5 75 5
511 9 220 7
512 6 75 6
513 3 34 3
514 3 35 3
515 2 68 2
516 2 17 2
517 5 90 5
518 3 24 3
519 3 25 3
520 4 71 4
521 7 143 6
522 6 63 6
523 2 46 2
524 7 132 5
525 4 73 4
526 16 198 8
527 2 17 2
528 3 103 3
529 2 18 2
530 8 147 5
531 2 15 2
532 6 142 5
533 2 18 2
534 3 46 3
535 3 38 3
536 2 11 2
537 2 43 2
538 3 32 3
539 4 110 4
540 4 53 4
541 7 107 6
542 2 12 2
543 5 86 5
544 4 87 4
545 5 116 5
546 8 170 7
547 4 85 4
548 2 19 2
549 12 255 7
550 4 76 4
551 3 25 3
552 4 99 4
553 3 28 3
554 2 11 2
555 2 25 2
556 2 14 2
557 8 153 6
558 2 42 2
559 2 17 2
560 2 15 2
561 2 33 2
562 2 23 2
563 5 45 5
564 3 29 3
565 3 55 3
566 2 35 2
567 2 20 2
568 5 132 5
569 2 13 2
570 2 45 2
571 2 15 2
572 6 172 6
573 3 38 3
574 9 655 7
575 3 27 3
576 2 26 2
577 13 174 8
578 2 23 2
579 14 230 9
580 3 52 3
581 3 59 3
582 4 29 4
583 4 61 4
584 5 112 5
585 2 11 2
586 2 42 2
587 3 46 3
588 2 52 2
589 5 91 5
590 2 14 2
591 5 64 5
592 2 56 2
593 5 42 5
594 2 26 2
595 2 14 2
596 3 47 3
597 3 25 3
598 6 63 5
599 3 23 3
600 2 17 2
601 2 14 2
602 4 30 4
603 2 12 2
604 21 913 15
605 4 53 4
606 3 23 3
607 2 63 2
608 3 54 3
609 5 104 5
610 3 42 3
611 3 35 3
612 4 47 4
613 4 62 4
614 2 13 2
615 2 35 2
616 2 28 2
617 4 51 4
618 5 72 5
619 5 73 5
620 12 240 9
621 5 84 5
622 9 250 8
623 3 47 3
624 2 15 2
625 2 21 2
626 6 349 6
627 7 49 5
628 5 218 5
629 4 51 4
630 15 687 11
631 2 30 2
632 4 61 4
633 2 17 2
634 3 83 3
635 2 23 2
636 5 55 5
637 6 57 5
638 4 34 4
639 4 58 4
640 4 40 4
641 2 15 2
642 2 15 2
643 8 163 6
644 4 25 4
645 4 244 4
646 3 24 3
647 9 143 7
648 3 28 3
649 3 41 3
650 6 167 6
651 3 161 3
652 6 46 5
653 6 67 5
654 5 112 5
655 2 26 2
656 2 34 2
657 6 89 6
658 5 119 5
659 2 18 2
660 3 43 3
661 2 24 2
662 2 13 2
663 5 73 5
664 6 113 6
665 4 91 4
666 3 27 3
667 4 96 4
668 2 35 2
669 6 260 6
670 2 27 2
671 2 22 2
672 4 124 4
673 2 13 2
674 2 24 2
675 3 26 3
676 3 24 3
677 3 42 3
678 4 206 4
679 4 30 4
680 3 26 3
681 4 85 4
682 3 28 3
683 2 26 2
684 2 14 2
685 5 32 5
686 2 36 2
687 2 33 2
688 2 20 2
689 6 72 5
690 4 97 4
691 2 23 2
692 8 59 6
693 4 45 4
694 7 73 6
695 3 57 3
696 2 25 2
697 3 37 3
698 3 35 3
699 2 17 2
700 3 33 3
701 2 10 2
702 4 64 4
703 3 23 3
704 6 72 5
705 2 12 2
706 2 37 2
707 2 28 2
708 2 15 2
709 6 114 5
710 5 35 5
711 2 20 2
712 3 39 3
713 6 112 6
714 5 124 5
715 2 39 2
716 3 40 3
717 3 21 3
718 2 15 2
719 4 41 4
720 4 69 4
721 6 144 5
722 5 63 5
723 5 114 5
724 3 44 3
725 3 37 3
726 3 27 3
727 2 27 2
728 4 87 4
729 3 69 3
730 2 47 2
731 4 74 4
732 5 76 5
733 2 40 2
734 3 33 3
735 8 153 7
736 3 41 3
737 3 52 3
738 2 24 2
739 2 26 2
740 10 273 7
741 2 29 2
742 3 59 3
743 18 398 10
744 3 62 3
745 9 198 8
746 2 37 2
747 4 70 4
748 2 45 2
749 4 25 4
750 3 28 3
751 3 65 3
752 4 56 4
753 3 30 3
754 4 33 4
755 5 142 5
756 3 22 3
757 6 66 5
758 2 16 2
759 2 23 2
760 2 17 2
761 4 85 4
762 2 47 2
763 6 111 5
764 5 61 5
765 2 88 2
766 2 24 2
767 3 36 3
768 6 92 6
769 5 142 5
770 3 49 3
771 2 33 2
772 2 35 2
773 2 15 2
774 9 96 6
775 7 67 6
776 3 28 3
777 2 26 2
778 10 140 7
779 4 45 4
780 2 17 2
781 4 170 4
782 3 94 3
783 3 47 3
784 2 13 2
785 5 92 5
786 7 243 6
787 4 54 4
788 3 41 3
789 3 29 3
790 3 69 3
791 7 150 6
792 3 49 3
793 5 72 5
794 2 20 2
795 5 72 5
796 12 522 8
797 4 60 4
798 2 17 2
799 2 11 2
800 3 32 3
801 2 10 2
802 15 459 9
803 3 19 3
804 2 15 2
805 2 44 2
806 7 85 6
807 9 856 7
808 2 13 2
809 2 24 2
810 4 23 4
811 10 173 7
812 4 54 4
813 2 13 2
814 4 68 4
815 7 185 7
816 3 32 3
817 2 12 2
818 2 20 2
819 2 12 2
820 6 168 6
821 5 81 5
822 2 24 2
823 2 14 2
824 3 28 3
825 3 40 3
826 2 11 2
827 2 20 2
828 2 13 2
829 2 66 2
830 5 182 5
831 2 23 2
832 3 30 3
833 3 32 3
834 3 28 3
835 2 11 2
836 6 116 5
837 3 58 3
838 4 52 4
839 2 17 2
840 2 24 2
841 4 72 4
842 3 28 3
843 3 31 3
844 5 108 5
845 2 34 2
846 3 116 3
847 6 124 5
848 4 114 4
849 2 33 2
850 11 274 7
851 2 16 2
852 2 13 2
853 2 13 2
854 4 77 4
855 2 41 2
856 2 15 2
857 2 16 2
858 24 653 13
859 2 16 2
860 3 30 3
861 8 89 7
862 11 144 6
863 4 41 4
864 2 24 2
865 2 11 2
866 3 17 3
867 3 27 3
868 2 25 2
869 3 21 3
870 2 25 2
871 6 442 5
872 6 122 6
873 2 14 2
874 2 21 2
875 5 142 5
876 4 39 4
877 7 162 6
878 5 184 5
879 6 123 6
880 2 31 2
881 2 23 2
882 3 28 3
883 3 71 3
884 4 28 4
885 2 11 2
886 6 125 6
887 5 86 5
888 16 344 10
889 2 21 2
890 2 17 2
891 7 61 5
892 2 28 2
893 5 93 5
894 3 76 3
895 4 101 4
896 2 44 2
897 5 46 5
898 13 798 11
899 7 143 6
900 7 154 6
901 3 86 3
902 2 35 2
903 4 55 4
904 3 29 3
905 3 51 3
906 2 20 2
907 2 19 2
908 3 39 3
909 3 108 3
910 4 27 4
911 10 300 9
912 7 99 5
913 4 50 4
914 2 21 2
915 3 83 3
916 2 14 2
917 2 19 2
918 4 57 4
919 2 26 2
920 2 61 2
921 3 51 3
922 2 28 2
923 3 17 3
924 4 53 4
925 2 17 2
926 6 48 5
927 2 25 2
928 3 40 3
929 3 32 3
930 6 103 5
931 2 21 2
932 6 86 6
933 2 14 2
934 3 166 3
935 4 105 4
936 25 645 11
937 18 322 8
938 2 25 2
939 2 10 2
940 5 288 5
941 4 112 4
942 3 25 3
943 7 55 5
944 2 11 2
945 3 18 3
946 2 20 2
947 3 36 3
948 2 16 2
949 2 19 2
950 6 113 6
951 5 68 5
952 10 214 8
953 3 31 3
954 3 49 3
955 5 81 5
956 5 77 5
957 10 242 6
958 2 18 2
959 4 58 4
960 5 55 5
961 6 116 5
962 2 20 2
963 5 141 5
964 3 62 3
965 3 43 3
966 3 83 3
967 4 33 4
968 5 112 5
969 2 56 2
970 5 89 5
971 3 36 3
972 2 21 2
973 3 27 3
974 4 109 4
975 4 81 4
976 2 13 2
977 2 21 2
978 4 63 4
979 4 193 4
980 4 35 4
981 2 19 2
982 4 95 4
983 2 16 2
984 2 14 2
985 3 62 3
986 3 62 3
987 6 96 5
988 5 47 5
989 3 35 3
990 7 120 5
991 4 68 4
992 2 33 2
993 6 107 6
994 2 14 2
995 17 235 9
996 2 11 2
997 2 17 2
998 6 292 6
999 2 15 2
1000 3 27 3
1001 2 16 2
1002 3 22 3
1003 2 20 2
1004 3 23 3
1005 5 53 5
1006 3 29 3
1007 2 29 2
1008 2 14 2
1009 2 13 2
1010 2 10 2
1011 3 31 3
1012 2 15 2
1013 3 25 3
1014 3 78 3
1015 5 151 5
1016 2 24 2
1017 2 12 2
1018 3 32 3
1019 2 14 2
1020 3 36 3
1021 3 35 3
1022 3 16 3
1023 2 15 2
1024 3 26 3
1025 2 19 2
1026 2 41 2
1027 2 15 2
1028 3 45 3
1029 2 33 2
1030 4 65 4
1031 3 45 3
1032 5 61 5
1033 5 102 5
1034 2 41 2
1035 12 289 9
1036 3 29 3
1037 2 11 2
1038 3 29 3
1039 3 98 3
1040 2 15 2
1041 3 72 3
1042 2 29 2
1043 6 194 5
1044 3 34 3
1045 6 419 6
1046 9 187 8
1047 4 74 4
1048 3 31 3
1049 2 27 2
1050 3 35 3
1051 2 80 2
1052 3 73 3
1053 7 152 6
1054 7 105 6
1055 2 15 2
1056 4 103 4
1057 3 92 3
1058 5 78 5
1059 2 26 2
1060 5 136 5
1061 2 10 2
1062 3 25 3
1063 17 426 11
1064 2 34 2
1065 5 129 5
1066 3 20 3
1067 2 14 2
1068 3 31 3
1069 2 28 2
1070 5 81 5
1071 5 54 5
1072 2 38 2
1073 4 77 4
1074 2 16 2
1075 4 53 4
1076 2 13 2
1077 2 15 2
1078 2 25 2
1079 3 46 3
1080 4 72 4
1081 3 46 3
1082 3 72 3
1083 2 20 2
1084 3 29 3
1085 18 336 11
1086 5 64 5
1087 3 60 3
1088 3 19 3
1089 4 97 4
1090 3 33 3
1091 5 106 5
1092 3 35 3
1093 2 10 2
1094 3 39 3
1095 3 22 3
1096 2 26 2
1097 3 46 3
1098 3 28 3
1099 3 45 3
1100 2 26 2
1101 4 60 4
1102 4 60 4
1103 2 14 2
1104 8 380 7
1105 2 21 2
1106 5 63 5
1107 4 44 4
1108 7 111 6
1109 9 432 8
1110 4 33 4
1111 3 31 3
1112 2 18 2
1113 3 24 3
1114 4 61 4
1115 2 17 2
1116 3 32 3
1117 2 24 2
1118 2 15 2
1119 4 43 4
1120 2 21 2
1121 3 78 3
1122 3 29 3
1123 2 18 2
1124 3 46 3
1125 4 34 4
1126 3 34 3
1127 3 31 3
1128 2 35 2
1129 3 18 3
1130 2 36 2
1131 2 14 2
1132 3 36 3
1133 3 27 3
1134 4 103 4
1135 3 43 3
1136 2 17 2
1137 6 126 6
1138 2 64 2
1139 5 41 5
1140 3 43 3
1141 3 22 3
1142 2 15 2
1143 2 108 2
1144 2 13 2
1145 3 27 3
1146 2 27 2
1147 2 12 2
1148 7 166 6
1149 6 131 6
1150 3 123 3
1151 3 113 3
1152 4 75 4
1153 10 217 7
1154 2 23 2
1155 3 25 3
1156 2 40 2
1157 3 25 3
1158 2 41 2
1159 3 50 3
1160 4 34 4
1161 2 29 2
1162 3 21 3
1163 2 12 2
1164 3 23 3
1165 4 34 4
1166 3 37 3
1167 2 12 2
1168 12 246 8
1169 2 11 2
1170 2 42 2
1171 5 64 5
1172 5 110 5
1173 4 30 4
1174 3 17 3
1175 2 44 2
1176 2 14 2
1177 2 37 2
1178 2 14 2
1179 8 81 6
1180 2 13 2
1181 6 90 5
1182 3 79 3
1183 10 200 6
1184 2 32 2
1185 5 94 5
1186 3 45 3
1187 6 59 5
1188 2 22 2
1189 3 28 3
1190 2 30 2
1191 3 28 3
1192 7 178 6
1193 5 124 5
1194 3 26 3
1195 3 27 3
1196 3 40 3
1197 9 182 7
1198 3 21 3
1199 2 16 2
1200 3 168 3
1201 2 42 2
1202 2 26 2
1203 6 956 5
1204 6 217 6
1205 2 14 2
1206 3 27 3
1207 6 257 5
1208 2 20 2
1209 5 50 5
1210 2 12 2
1211 2 45 2
1212 10 238 7
1213 3 41 3
1214 4 69 4
1215 4 47 4
1216 4 77 4
1217 2 12 2
1218 5 61 5
1219 2 34 2
1220 8 150 7
1221 8 67 6
1222 5 189 5
1223 10 462 9
1224 4 68 4
1225 2 42 2
1226 3 45 3
1227 2 22 2
1228 12 676 8
1229 9 177 7
1230 2 18 2
1231 2 100 2
1232 10 498 8
1233 2 34 2
1234 5 54 5
1235 2 15 2
1236 2 17 2
1237 7 99 7
1238 2 27 2
1239 8 147 7
1240 7 67 5
1241 2 10 2
1242 2 88 2
1243 2 15 2
1244 6 124 6
1245 2 13 2
1246 2 22 2
1247 8 350 8
1248 2 19 2
1249 2 16 2
1250 2 41 2
1251 4 49 4
1252 2 30 2
1253 8 165 6
1254 3 54 3
1255 4 76 4
1256 2 22 2
1257 3 105 3
1258 2 11 2
1259 6 73 5
1260 2 140 2
1261 3 20 3
1262 6 79 5
1263 5 114 5
1264 5 41 5
1265 2 26 2
1266 2 17 2
1267 3 33 3
1268 3 56 3
1269 4 53 4
1270 3 74 3
1271 2 21 2
1272 5 144 5
1273 2 13 2
1274 6 92 6
1275 2 12 2
1276 4 75 4
1277 2 23 2
1278 3 37 3
1279 5 142 5
1280 2 29 2
1281 2 19 2
1282 9 521 8
1283 2 20 2
1284 6 77 6
1285 35 1986 17
1286 7 118 6
1287 2 21 2
1288 9 132 7
1289 5 55 5
1290 3 20 3
1291 2 14 2
1292 10 381 8
1293 3 37 3
1294 4 59 4
1295 5 103 5
1296 36 2329 17
1297 2 13 2
1298 5 67 5
1299 2 32 2
1300 2 18 2
1301 5 224 5
1302 4 81 4
1303 2 16 2
1304 2 24 2
1305 10 206 8
1306 2 57 2
1307 2 14 2
1308 5 61 5
1309 4 29 4
1310 6 129 6
1311 4 111 4
1312 3 21 3
1313 13 198 7
1314 2 28 2
1315 4 85 4
1316 2 26 2
1317 6 134 6
1318 7 175 7
1319 6 254 6
1320 2 10 2
1321 5 43 5
1322 4 50 4
1323 2 14 2
1324 3 27 3
1325 2 25 2
1326 13 756 10
1327 2 13 2
1328 8 188 6
1329 3 37 3
1330 4 42 4
1331 5 47 5
1332 2 16 2
1333 2 18 2
1334 2 12 2
1335 6 140 5
1336 2 24 2
1337 6 202 6
1338 2 24 2
1339 2 16 2
1340 2 14 2
1341 2 23 2
1342 5 210 5
1343 2 30 2
1344 2 14 2
1345 4 39 4
1346 2 15 2
1347 12 286 8
1348 2 11 2
1349 3 37 3
1350 2 21 2
1351 2 37 2
1352 4 119 4
1353 2 10 2
1354 2 55 2
1355 2 13 2
1356 2 17 2
1357 5 49 5
1358 5 55 5
1359 3 24 3
1360 3 67 3
1361 4 40 4
1362 2 22 2
1363 4 69 4
1364 2 192 2
1365 2 32 2
1366 42 1687 19
1367 3 24 3
1368 2 77 2
1369 2 10 2
1370 2 54 2
1371 3 46 3
1372 2 31 2
1373 3 44 3
1374 6 100 6
1375 3 29 3
1376 6 74 5
1377 16 441 8
1378 5 214 5
1379 2 37 2
1380 2 18 2
1381 6 108 5
1382 5 112 5
1383 3 30 3
1384 4 65 4
1385 3 49 3
1386 5 73 5
1387 4 117 4
1388 2 19 2
1389 4 33 4
1390 3 29 3
1391 2 18 2
1392 5 55 5
1393 2 11 2
1394 2 28 2
1395 2 13 2
1396 3 119 3
1397 4 126 4
1398 3 36 3
1399 2 25 2
1400 2 34 2
1401 2 27 2
1402 3 57 3
1403 5 189 5
1404 2 35 2
1405 3 38 3
1406 2 17 2
1407 2 10 2
1408 6 113 6
1409 11 655 7
1410 2 26 2
1411 8 100 5
1412 2 22 2
1413 3 50 3
1414 3 50 3
1415 3 23 3
1416 8 167 7
1417 4 41 4
1418 5 86 5
1419 3 62 3
1420 4 100 4
1421 5 95 5
1422 6 109 5
1423 5 187 5
1424 2 18 2
1425 4 53 4
1426 2 16 2
1427 10 2685 9
1428 3 30 3
1429 3 100 3
1430 6 93 5
1431 3 25 3
1432 4 62 4
1433 2 19 2
1434 2 11 2
1435 2 27 2
1436 2 11 2
1437 3 24 3
1438 12 296 9
1439 2 24 2
1440 2 43 2
1441 2 21 2
1442 2 24 2
1443 2 38 2
1444 4 49 4
1445 2 30 2
1446 2 18 2
1447 2 36 2
1448 4 41 4
1449 4 40 4
1450 4 33 4
1451 2 14 2
1452 5 38 5
1453 3 25 3
1454 2 27 2
1455 2 37 2
1456 5 68 5
1457 4 85 4
1458 5 108 5
1459 2 26 2
1460 3 24 3
1461 6 111 6
1462 2 54 2
1463 2 21 2
1464 3 39 3
1465 4 53 4
1466 3 39 3
1467 2 10 2
1468 4 58 4
1469 4 48 4
1470 2 15 2
1471 15 387 10
1472 2 20 2
1473 13 236 8
1474 7 105 5
1475 3 19 3
1476 4 69 4
1477 3 73 3
1478 5 48 5
1479 3 28 3
1480 4 44 4
1481 7 92 6
1482 3 32 3
1483 2 21 2
1484 2 11 2
1485 2 18 2
1486 8 120 6
1487 7 66 5
1488 5 173 5
1489 2 21 2
1490 2 15 2
1491 2 55 2
1492 4 105 4
1493 27 810 16
1494 4 49 4
1495 2 21 2
1496 2 51 2
1497 4 73 4
1498 2 19 2
1499 2 37 2
1500 10 268 8
1501 2 69 2
1502 2 41 2
1503 2 13 2
1504 3 22 3
1505 5 61 5
1506 2 43 2
1507 9 279 7
1508 3 28 3
1509 2 13 2
1510 2 17 2
1511 4 39 4
1512 3 24 3
1513 7 134 7
1514 2 14 2
1515 2 15 2
1516 2 26 2
1517 4 62 4
1518 4 121 4
1519 2 10 2
1520 3 37 3
1521 4 129 4
1522 7 116 6
1523 2 24 2
1524 3 35 3
1525 9 363 7
1526 2 27 2
1527 2 14 2
1528 8 246 8
1529 2 32 2
1530 2 21 2
1531 3 29 3
1532 6 63 5
1533 7 526 6
1534 4 55 4
1535 3 25 3
1536 3 39 3
1537 3 55 3
1538 2 15 2
1539 3 124 3
1540 2 11 2
1541 2 17 2
1542 4 60 4
1543 3 39 3
1544 3 54 3
1545 3 31 3
1546 2 20 2
1547 2 30 2
1548 4 28 4
1549 2 25 2
1550 3 58 3
1551 6 106 5
1552 3 15 3
1553 3 47 3
1554 3 32 3
1555 4 53 4
1556 2 23 2
1557 2 12 2
1558 7 111 6
1559 4 60 4
1560 19 499 11
1561 2 36 2
1562 3 20 3
1563 2 30 2
1564 3 19 3
1565 2 12 2
1566 6 226 5
1567 2 19 2
1568 2 11 2
1569 2 11 2
1570 2 25 2
1571 3 29 3
1572 3 46 3
1573 5 83 5
1574 5 60 5
1575 2 49 2
1576 6 80 5
1577 5 232 5
1578 2 18 2
1579 2 21 2
1580 2 28 2
1581 2 13 2
1582 13 448 10
1583 6 67 5
1584 3 48 3
1585 2 19 2
1586 2 23 2
1587 9 168 6
1588 4 92 4
1589 3 39 3
1590 2 31 2
1591 3 33 3
1592 22 359 12
1593 2 12 2
1594 2 23 2
1595 3 39 3
1596 5 215 5
1597 2 18 2
1598 3 35 3
1599 7 221 7
1600 3 61 3
1601 2 17 2
1602 8 270 7
1603 2 20 2
1604 2 25 2
1605 2 42 2
1606 2 12 2
1607 3 25 3
1608 8 118 6
1609 4 57 4
1610 5 78 5
1611 2 14 2
1612 5 78 5
1613 4 64 4
1614 3 19 3
1615 2 20 2
1616 2 11 2
1617 4 33 4
1618 5 66 5
1619 2 25 2
1620 2 13 2
1621 2 10 2
1622 2 16 2
1623 3 21 3
1624 2 25 2
1625 3 61 3
1626 9 221 6
1627 2 18 2
1628 2 16 2
1629 2 16 2
1630 6 99 6
1631 3 72 3
1632 2 10 2
1633 4 43 4
1634 2 83 2
1635 2 10 2
1636 3 64 3
1637 2 21 2
1638 3 57 3
1639 4 48 4
1640 3 104 3
1641 5 191 5
1642 2 31 2
1643 5 175 5
1644 2 32 2
1645 2 22 2
1646 4 71 4
1647 14 306 10
1648 2 30 2
1649 4 81 4
1650 2 15 2
1651 2 16 2
1652 3 48 3
1653 4 37 4
1654 4 64 4
1655 2 48 2
1656 2 19 2
1657 2 11 2
1658 2 31 2
1659 2 35 2
1660 2 12 2
1661 2 19 2
1662 3 57 3
1663 4 71 4
1664 2 17 2
1665 4 64 4
1666 3 32 3
1667 15 223 8
1668 3 18 3
1669 3 68 3
1670 3 29 3
1671 9 476 7
1672 4 37 4
1673 2 17 2
1674 2 17 2
1675 8 245 7
1676 3 21 3
1677 4 66 4
1678 3 27 3
1679 2 18 2
1680 2 32 2
1681 2 22 2
1682 5 108 5
1683 2 15 2
1684 3 41 3
1685 3 46 3
1686 2 19 2
1687 2 35 2
1688 2 32 2
1689 3 31 3
1690 4 39 4
1691 4 25 4
1692 2 17 2
1693 3 36 3
1694 9 332 8
1695 2 13 2
1696 2 15 2
1697 10 611 8
1698 5 108 5
1699 2 12 2
1700 3 38 3
1701 4 39 4
1702 2 44 2
1703 5 168 5
1704 3 59 3
1705 5 53 5
1706 3 82 3
1707 10 471 7
1708 3 16 3
1709 5 67 5
1710 6 65 5
1711 3 38 3
1712 4 144 4
1713 3 124 3
1714 2 18 2
1715 6 113 5
1716 2 27 2
1717 2 14 2
1718 2 16 2
1719 5 190 5
1720 5 50 5
1721 3 21 3
1722 2 15 2
1723 2 31 2
1724 4 51 4
1725 2 28 2
1726 3 49 3
1727 2 32 2
1728 5 71 5
1729 2 14 2
1730 2 31 2
1731 2 10 2
1732 2 26 2
1733 7 1452 6
1734 2 41 2
1735 2 15 2
1736 2 12 2
1737 6 40 5
1738 4 33 4
1739 2 45 2
1740 2 15 2
1741 2 24 2
1742 2 12 2
1743 3 41 3
1744 5 69 5
1745 7 127 5
1746 2 33 2
1747 2 13 2
1748 7 158 6
1749 3 51 3
1750 4 27 4
1751 2 97 2
1752 2 14 2
1753 2 20 2
1754 2 11 2
1755 6 415 6
1756 2 14 2
1757 4 43 4
1758 3 26 3
1759 4 54 4
1760 3 42 3
1761 3 27 3
1762 5 356 5
1763 2 20 2
1764 10 751 7
1765 2 49 2
1766 12 343 8
1767 4 52 4
1768 3 30 3
1769 3 34 3
1770 3 59 3
1771 3 68 3
1772 2 11 2
1773 3 25 3
1774 7 84 6
1775 2 14 2
1776 2 20 2
1777 2 17 2
1778 3 69 3
1779 3 36 3
1780 4 107 4
1781 2 18 2
1782 2 24 2
1783 2 14 2
1784 2 18 2
1785 2 11 2
1786 4 92 4
1787 2 12 2
1788 5 45 5
1789 2 35 2
1790 4 28 4
1791 10 235 7
1792 7 144 7
1793 7 64 6
1794 2 16 2
1795 3 37 3
1796 3 42 3
1797 2 14 2
1798 2 43 2
1799 5 85 5
1800 2 15 2
1801 3 74 3
1802 4 112 4
1803 2 57 2
1804 2 36 2
1805 2 15 2
1806 4 60 4
1807 5 94 5
1808 2 14 2
1809 4 52 4
1810 2 27 2
1811 2 14 2
1812 2 22 2
1813 2 33 2
1814 2 28 2
1815 2 12 2
1816 2 46 2
1817 2 14 2
1818 2 27 2
1819 3 33 3
1820 2 19 2
1821 8 379 8
1822 4 52 4
1823 3 84 3
1824 4 46 4
1825 4 59 4
1826 3 43 3
1827 4 36 4
1828 5 70 5
1829 2 11 2
1830 2 10 2
1831 3 27 3
1832 10 179 8
1833 2 12 2
1834 3 47 3
1835 2 41 2
1836 3 58 3
1837 6 85 6
1838 7 369 6
1839 2 18 2
1840 2 15 2
1841 2 43 2
1842 2 16 2
1843 2 19 2
1844 2 36 2
1845 2 21 2
1846 3 41 3
1847 5 436 5
1848 2 15 2
1849 2 19 2
1850 5 71 5
1851 9 214 7
1852 5 94 5
1853 4 34 4
1854 3 27 3
1855 2 25 2
1856 3 34 3
1857 2 20 2
1858 3 43 3
1859 4 67 4
1860 2 24 2
1861 4 40 4
1862 3 23 3
1863 12 375 8
1864 5 137 5
1865 2 113 2
1866 3 52 3
1867 2 11 2
1868 3 72 3
1869 2 26 2
1870 4 82 4
1871 2 30 2
1872 3 24 3
1873 5 207 5
1874 5 198 5
1875 3 48 3
1876 2 14 2
1877 2 35 2
1878 3 33 3
1879 3 18 3
1880 9 332 7
1881 9 625 9
1882 2 16 2
1883 2 19 2
1884 7 119 6
1885 2 16 2
1886 5 40 5
1887 4 37 4
1888 4 48 4
1889 2 31 2
1890 4 49 4
1891 5 72 5
1892 7 96 5
1893 22 439 13
1894 2 16 2
1895 3 47 3
1896 3 21 3
1897 8 324 8
1898 2 28 2
1899 6 156 5
1900 4 53 4
1901 2 93 2
1902 5 70 5
1903 2 47 2
1904 3 20 3
1905 2 23 2
1906 6 121 5
1907 2 27 2
1908 5 89 5
1909 3 25 3
1910 4 41 4
1911 2 17 2
1912 2 24 2
1913 2 21 2
1914 2 30 2
1915 4 63 4
1916 2 15 2
1917 3 35 3
1918 2 12 2
1919 2 26 2
1920 4 36 4
1921 2 53 2
1922 2 16 2
1923 2 12 2
1924 3 39 3
1925 2 15 2
1926 3 33 3
1927 2 29 2
1928 4 43 4
1929 2 25 2
1930 2 16 2
1931 6 74 6
1932 2 10 2
1933 3 74 3
1934 5 88 5
1935 3 75 3
1936 2 22 2
1937 2 12 2
1938 3 29 3
1939 2 33 2
1940 2 14 2
1941 5 65 5
1942 4 110 4
1943 4 103 4
1944 4 49 4
1945 6 204 5
1946 8 271 7
1947 2 146 2
1948 5 86 5
1949 3 35 3
1950 4 66 4
1951 3 52 3
1952 2 14 2
1953 3 33 3
1954 5 54 5
1955 3 88 3
1956 5 304 5
1957 2 14 2
1958 4 42 4
1959 2 19 2
1960 3 40 3
1961 15 441 10
1962 2 24 2
1963 2 12 2
1964 3 23 3
1965 3 30 3
1966 7 65 6
1967 6 77 5
1968 2 32 2
1969 3 169 3
1970 6 62 5
1971 2 31 2
1972 3 22 3
1973 2 21 2
1974 6 258 6
1975 3 23 3
1976 3 36 3
1977 4 71 4
1978 5 88 5
1979 2 12 2
1980 2 18 2
1981 3 32 3
1982 5 72 5
1983 5 124 5
1984 2 16 2
1985 5 151 5
1986 2 11 2
1987 4 53 4
1988 3 39 3
1989 3 97 3
1990 2 11 2
1991 4 64 4
1992 3 49 3
1993 2 29 2
1994 5 95 5
1995 2 14 2
1996 3 35 3
1997 2 18 2
1998 2 43 2
1999 3 44 3
2000 2 20 2
2001 3 41 3
2002 2 12 2
2003 2 16 2
2004 3 54 3
2005 3 21 3
2006 2 36 2
2007 2 24 2
2008 7 117 6
2009 3 27 3
2010 2 28 2
2011 6 68 6
2012 7 102 5
2013 2 19 2
2014 2 18 2
2015 4 66 4
2016 4 295 4
2017 3 23 3
2018 4 52 4
2019 2 15 2
2020 2 20 2
2021 3 80 3
2022 2 40 2
2023 5 114 5
2024 2 26 2
2025 4 74 4
2026 5 44 5
2027 4 71 4
2028 2 15 2
2029 2 15 2
2030 2 23 2
2031 4 33 4
2032 8 106 6
2033 2 20 2
2034 3 24 3
2035 6 184 6
2036 3 73 3
2037 2 16 2
2038 4 95 4
2039 2 23 2
2040 3 20 3
2041 2 18 2
2042 3 52 3
2043 10 223 6
2044 2 25 2
2045 3 67 3
2046 2 32 2
2047 2 18 2
2048 2 72 2
2049 5 98 5
2050 2 14 2
2051 4 83 4
2052 4 37 4
2053 2 22 2
2054 3 61 3
2055 5 57 5
2056 3 40 3
2057 2 12 2
2058 2 35 2
2059 3 37 3
2060 2 19 2
2061 3 26 3
2062 8 143 6
2063 3 15 3
2064 2 30 2
2065 2 13 2
2066 2 17 2
2067 4 83 4
2068 5 168 5
2069 4 99 4
2070 3 86 3
2071 2 20 2
2072 2 20 2
2073 2 15 2
2074 2 17 2
2075 4 33 4
2076 3 29 3
2077 9 284 7
2078 2 38 2
2079 2 21 2
2080 2 17 2
2081 2 15 2
2082 3 100 3
2083 2 11 2
2084 3 21 3
2085 2 27 2
2086 2 115 2
2087 3 30 3
2088 2 22 2
2089 5 67 5
2090 2 17 2
2091 6 105 5
2092 3 24 3
2093 9 238 8
2094 6 96 5
2095 4 33 4
2096 3 36 3
2097 5 39 5
2098 2 12 2
2099 3 22 3
2100 2 16 2
2101 3 22 3
2102 4 44 4
2103 2 19 2
2104 3 50 3
2105 4 39 4
2106 3 31 3
2107 2 22 2
2108 2 25 2
2109 5 71 5
2110 2 28 2
2111 2 19 2
2112 4 40 4
2113 2 33 2
2114 4 53 4
2115 2 23 2
2116 3 24 3
2117 2 17 2
2118 3 31 3
2119 2 13 2
2120 2 23 2
2121 2 14 2
2122 3 27 3
2123 8 102 6
2124 2 27 2
2125 3 34 3
2126 5 152 5
2127 3 25 3
2128 2 28 2
2129 4 39 4
2130 2 16 2
2131 2 27 2
2132 2 10 2
2133 2 25 2
2134 2 22 2
2135 7 159 6
2136 3 43 3
2137 2 13 2
2138 2 19 2
2139 2 119 2
2140 10 307 8
2141 4 33 4
2142 4 57 4
2143 2 18 2
2144 4 58 4
2145 4 68 4
2146 5 63 5
2147 2 15 2
2148 3 46 3
2149 7 125 6
2150 3 28 3
2151 2 22 2
2152 2 14 2
2153 3 42 3
2154 13 255 7
2155 3 80 3
2156 3 36 3
2157 2 20 2
2158 2 13 2
2159 2 18 2
2160 4 69 4
2161 2 23 2
2162 2 18 2
2163 2 21 2
2164 3 32 3
2165 6 65 6
2166 3 20 3
2167 2 33 2
2168 2 24 2
2169 3 82 3
2170 3 52 3
2171 5 104 5
2172 2 15 2
2173 2 21 2
2174 2 21 2
2175 2 22 2
2176 3 22 3
2177 3 47 3
2178 2 15 2
2179 2 17 2
2180 2 17 2
2181 3 45 3
2182 4 127 4
2183 2 41 2
2184 2 14 2
2185 2 12 2
2186 5 144 5
2187 3 42 3
2188 3 92 3
2189 2 10 2
2190 3 21 3
2191 3 40 3
2192 3 36 3
2193 3 73 3
2194 6 248 6
2195 2 16 2
2196 2 10 2
2197 2 12 2
2198 3 18 3
2199 2 10 2
2200 4 74 4
2201 3 88 3
2202 5 119 5
2203 3 38 3
2204 3 32 3
2205 5 82 5
2206 2 19 2
2207 5 42 5
2208 3 35 3
2209 7 146 6
2210 2 30 2
2211 4 106 4
2212 2 11 2
2213 9 320 7
2214 3 38 3
2215 6 98 5
2216 7 184 5
2217 5 50 5
2218 3 69 3
2219 2 23 2
2220 2 16 2
2221 3 63 3
2222 5 65 5
2223 2 21 2
2224 2 33 2
2225 2 11 2
2226 4 76 4
2227 2 24 2
2228 3 51 3
2229 5 106 5
2230 2 28 2
2231 2 38 2
2232 2 18 2
2233 2 12 2
2234 6 142 6
2235 6 94 5
2236 2 12 2
2237 4 58 4
2238 6 116 6
2239 3 28 3
2240 5 122 5
2241 3 34 3
2242 6 132 6
2243 4 52 4
2244 2 37 2
2245 8 205 7
2246 2 15 2
2247 5 105 5
2248 2 10 2
2249 4 40 4
2250 2 30 2
2251 2 14 2
2252 2 15 2
2253 13 388 9
2254 4 48 4
2255 3 35 3
2256 2 16 2
2257 3 28 3
2258 3 50 3
2259 2 23 2
2260 9 702 7
2261 2 12 2
2262 7 149 6
2263 3 54 3
2264 2 12 2
2265 3 46 3
2266 4 30 4
2267 2 12 2
2268 2 25 2
2269 3 26 3
2270 2 26 2
2271 2 19 2
2272 4 41 4
2273 2 27 2
2274 2 16 2
2275 5 61 5
2276 2 16 2
2277 6 108 5
2278 2 19 2
2279 2 11 2
2280 3 51 3
2281 2 42 2
2282 3 63 3
2283 2 16 2
2284 3 42 3
2285 4 74 4
2286 2 17 2
2287 2 43 2
2288 3 22 3
2289 3 25 3
2290 9 619 8
2291 2 40 2
2292 14 435 11
2293 2 19 2
2294 2 22 2
2295 2 18 2
2296 6 55 5
2297 2 11 2
2298 2 18 2
2299 8 152 6
2300 7 185 6
2301 3 49 3
2302 3 49 3
2303 2 34 2
2304 4 97 4
2305 3 34 3
2306 2 18 2
2307 2 21 2
2308 2 18 2
2309 2 14 2
2310 2 12 2
2311 6 100 5
2312 8 389 7
2313 2 13 2
2314 5 153 5
2315 5 54 5
2316 3 33 3
2317 4 29 4
2318 5 77 5
2319 2 107 2
2320 2 37 2
2321 2 24 2
2322 5 108 5
2323 4 82 4
2324 3 68 3
2325 2 30 2
2326 2 31 2
2327 5 86 5
2328 2 15 2
2329 2 13 2
2330 3 54 3
2331 7 101 6
2332 2 20 2
2333 4 87 4
2334 3 32 3
2335 2 25 2
2336 5 175 5
2337 2 21 2
2338 3 20 3
2339 2 19 2
2340 3 72 3
2341 8 194 7
2342 2 14 2
2343 5 97 5
2344 2 37 2
2345 15 867 10
2346 2 17 2
2347 3 46 3
2348 7 60 5
2349 2 14 2
2350 2 17 2
2351 2 19 2
2352 5 75 5
2353 9 245 7
2354 2 20 2
2355 2 20 2
2356 2 21 2
2357 2 180 2
2358 2 39 2
2359 2 17 2
2360 2 13 2
2361 3 50 3
2362 3 45 3
2363 2 26 2
2364 10 160 6
2365 2 11 2
2366 7 107 5
2367 2 20 2
2368 4 50 4
2369 2 22 2
2370 2 24 2
2371 4 53 4
2372 2 23 2
2373 5 113 5
2374 2 23 2
2375 2 14 2
2376 3 73 3
2377 3 15 3
2378 2 14 2
2379 2 23 2
2380 2 11 2
2381 2 27 2
2382 3 98 3
2383 2 30 2
2384 2 32 2
2385 4 41 4
2386 4 74 4
2387 3 32 3
2388 3 36 3
2389 4 103 4
2390 3 25 3
2391 4 60 4
2392 2 14 2
2393 3 49 3
2394 2 25 2
2395 2 15 2
2396 3 19 3
2397 6 133 5
2398 4 28 4
2399 5 85 5
2400 3 17 3
2401 3 45 3
2402 2 13 2
2403 5 255 5
2404 3 80 3
2405 2 26 2
2406 2 15 2
2407 3 34 3
2408 3 17 3
2409 2 16 2
2410 3 78 3
2411 7 156 5
2412 3 57 3
2413 4 54 4
2414 7 159 6
2415 4 42 4
2416 2 37 2
2417 3 22 3
2418 6 162 5
2419 2 20 2
2420 5 71 5
2421 2 16 2
2422 2 28 2
2423 2 16 2
2424 5 60 5
2425 3 29 3
2426 2 23 2
2427 13 650 8
2428 2 21 2
2429 2 17 2
2430 4 137 4
2431 3 60 3
2432 2 18 2
2433 2 12 2
2434 2 21 2
2435 2 18 2
2436 7 90 6
2437 2 16 2
2438 3 53 3
2439 2 26 2
2440 3 50 3
2441 2 16 2
2442 3 22 3
2443 2 13 2
2444 2 19 2
2445 3 44 3
2446 3 77 3
2447 2 26 2
2448 2 15 2
2449 11 349 8
2450 2 17 2
2451 2 12 2
2452 2 25 2
2453 2 11 2
2454 4 45 4
2455 5 107 5
2456 2 28 2
2457 2 21 2
2458 2 38 2
2459 2 35 2
2460 4 39 4
2461 3 47 3
2462 2 24 2
2463 4 66 4
2464 3 30 3
2465 2 30 2
2466 4 68 4
2467 7 106 6
2468 5 66 5
2469 5 86 5
2470 6 127 5
2471 3 33 3
2472 4 85 4
2473 3 35 3
2474 5 230 5
2475 2 19 2
2476 3 37 3
2477 3 68 3
2478 2 12 2
2479 2 12 2
2480 12 307 9
2481 2 18 2
2482 2 27 2
2483 3 30 3
2484 4 40 4
2485 3 94 3
2486 3 54 3
2487 2 22 2
2488 2 60 2
2489 3 42 3
2490 4 85 4
2491 5 78 5
2492 3 16 3
2493 2 20 2
2494 2 13 2
2495 2 26 2
2496 12 393 10
2497 2 31 2
2498 3 27 3
2499 5 40 5
2500 2 14 2
2501 5 125 5
2502 2 14 2
2503 6 166 6
2504 2 22 2
2505 3 21 3
2506 5 40 5
2507 8 423 5
2508 2 12 2
2509 2 43 2
2510 2 18 2
2511 9 170 7
2512 2 14 2
2513 6 358 6
2514 4 40 4
2515 3 25 3
2516 6 171 5
2517 7 429 7
2518 2 19 2
2519 2 57 2
2520 2 23 2
2521 2 11 2
2522 8 238 7
2523 2 22 2
2524 8 109 7
2525 2 15 2
2526 6 121 5
2527 4 42 4
2528 4 129 4
2529 2 17 2
2530 2 27 2
2531 4 42 4
2532 6 260 6
2533 2 15 2
2534 2 14 2
2535 2 21 2
2536 5 94 5
2537 2 10 2
2538 4 43 4
2539 7 227 7
2540 3 35 3
2541 2 23 2
2542 2 14 2
2543 2 20 2
2544 2 17 2
2545 3 23 3
2546 5 85 5
2547 4 47 4
2548 3 33 3
2549 3 23 3
2550 5 79 5
2551 2 34 2
2552 11 275 7
2553 2 22 2
2554 2 17 2
2555 8 193 6
2556 5 54 5
2557 2 14 2
2558 2 17 2
2559 3 105 3
2560 5 171 5
2561 6 91 5
2562 5 122 5
2563 3 37 3
2564 5 56 5
2565 3 59 3
2566 9 419 7
2567 9 264 8
2568 3 39 3
2569 4 72 4
2570 3 27 3
2571 3 23 3
2572 3 31 3
2573 2 15 2
2574 6 148 5
2575 2 19 2
2576 5 99 5
2577 5 143 5
2578 2 18 2
2579 5 117 5
2580 2 39 2
2581 6 256 6
2582 3 20 3
2583 2 15 2
2584 2 17 2
2585 2 32 2
2586 3 113 3
2587 2 16 2
2588 2 14 2
2589 5 249 5
2590 3 31 3
2591 2 33 2
2592 2 24 2
2593 4 42 4
2594 3 50 3
2595 2 12 2
2596 3 42 3
2597 8 444 7
2598 2 11 2
2599 2 28 2
2600 7 181 6
2601 8 278 6
2602 6 124 6
2603 4 135 4
2604 2 17 2
2605 6 82 5
2606 8 294 7
2607 4 30 4
2608 3 42 3
2609 2 17 2
2610 2 14 2
2611 7 108 6
2612 2 29 2
2613 4 61 4
2614 3 37 3
2615 2 55 2
2616 2 13 2
2617 4 53 4
2618 2 24 2
2619 2 32 2
2620 6 164 6
2621 2 15 2
2622 2 59 2
2623 2 16 2
2624 3 43 3
2625 2 19 2
2626 25 1221 15
2627 11 183 9
2628 6 92 5
2629 3 34 3
2630 2 19 2
2631 3 71 3
2632 3 40 3
2633 2 25 2
2634 6 110 6
2635 2 18 2
2636 3 43 3
2637 7 343 6
2638 2 16 2
2639 2 67 2
2640 3 32 3
2641 2 18 2
2642 2 51 2
2643 2 18 2
2644 3 68 3
2645 5 73 5
2646 3 33 3
2647 5 60 5
2648 2 33 2
2649 2 46 2
2650 4 200 4
2651 3 28 3
2652 5 123 5
2653 4 65 4
2654 6 246 6
2655 2 11 2
2656 2 16 2
2657 8 173 7
2658 2 28 2
2659 3 39 3
2660 2 25 2
2661 4 52 4
2662 2 18 2
2663 4 74 4
2664 2 12 2
2665 4 45 4
2666 2 22 2
2667 3 31 3
2668 14 724 9
2669 3 27 3
2670 5 58 5
2671 2 14 2
2672 4 69 4
2673 2 23 2
2674 4 132 4
2675 3 54 3
2676 2 38 2
2677 2 11 2
2678 2 50 2
2679 6 112 5
2680 2 28 2
2681 2 14 2
2682 5 108 5
2683 2 16 2
2684 2 21 2
2685 2 34 2
2686 2 45 2
2687 2 25 2
2688 2 25 2
2689 3 24 3
2690 4 94 4
2691 2 34 2
2692 3 29 3
2693 2 12 2
2694 2 34 2
2695 5 125 5
2696 3 19 3
2697 2 84 2
2698 3 84 3
2699 3 38 3
2700 10 613 8
2701 7 153 6
2702 4 44 4
2703 2 19 2
2704 6 168 6
2705 3 49 3
2706 2 13 2
2707 4 77 4
2708 2 17 2
2709 3 28 3
2710 3 57 3
2711 3 28 3
2712 6 133 5
2713 2 24 2
2714 4 35 4
2715 2 26 2
2716 3 36 3
2717 3 42 3
2718 2 16 2
2719 3 59 3
2720 5 143 5
2721 3 56 3
2722 3 42 3
2723 5 128 5
2724 4 142 4
2725 2 20 2
2726 2 22 2
2727 3 25 3
2728 2 21 2
2729 2 19 2
2730 2 33 2
2731 4 144 4
2732 2 19 2
2733 2 18 2
2734 3 68 3
2735 10 500 7
2736 5 77 5
2737 3 52 3
2738 2 23 2
2739 3 43 3
2740 4 30 4
2741 5 38 5
2742 2 16 2
2743 4 33 4
2744 6 317 6
2745 3 48 3
2746 5 358 5
2747 3 147 3
2748 2 11 2
2749 3 36 3
2750 2 12 2
2751 5 67 5
2752 3 52 3
2753 6 69 6
2754 4 104 4
2755 3 44 3
2756 3 290 3
2757 3 150 3
2758 3 32 3
2759 3 59 3
2760 2 22 2
2761 2 14 2
2762 3 27 3
2763 2 19 2
2764 2 39 2
2765 5 73 5
2766 2 20 2
2767 3 32 3
2768 2 16 2
2769 3 34 3
2770 3 49 3
2771 2 23 2
2772 7 343 7
2773 3 76 3
2774 3 46 3
2775 2 32 2
2776 3 63 3
2777 2 18 2
2778 3 25 3
2779 4 43 4
2780 2 44 2
2781 6 186 6
2782 2 12 2
2783 4 56 4
2784 11 403 9
2785 3 25 3
2786 2 10 2
2787 2 36 2
2788 2 26 2
2789 2 16 2
2790 3 66 3
2791 4 37 4
2792 6 175 5
2793 4 41 4
2794 2 12 2
2795 4 53 4
2796 2 14 2
2797 2 21 2
2798 3 21 3
2799 4 47 4
2800 7 85 5
2801 12 352 9
2802 4 84 4
2803 3 39 3
2804 5 170 5
2805 3 38 3
2806 2 12 2
2807 2 11 2
2808 3 27 3
2809 2 27 2
2810 2 25 2
2811 8 185 5
2812 5 336 5
2813 2 28 2
2814 2 90 2
2815 2 18 2
2816 2 45 2
2817 2 12 2
2818 2 32 2
2819 3 51 3
2820 2 13 2
2821 6 70 6
2822 2 39 2
2823 2 17 2
2824 2 41 2
2825 6 77 6
2826 9 219 6
2827 2 18 2
2828 2 17 2
2829 2 35 2
2830 2 23 2
2831 2 20 2
2832 16 607 11
2833 2 35 2
2834 2 10 2
2835 4 44 4
2836 3 80 3
2837 2 35 2
2838 3 30 3
2839 6 184 6
2840 6 162 6
2841 2 22 2
2842 5 112 5
2843 3 107 3
2844 4 35 4
2845 2 19 2
2846 4 104 4
2847 2 19 2
2848 5 31 5
2849 7 186 6
2850 5 112 5
2851 5 90 5
2852 3 22 3
2853 11 251 8
2854 2 19 2
2855 8 124 6
2856 3 19 3
2857 3 18 3
2858 3 42 3
2859 5 244 5
2860 3 159 3
2861 7 91 5
2862 2 22 2
2863 4 55 4
2864 4 122 4
2865 2 11 2
2866 2 38 2
2867 3 31 3
2868 4 44 4
2869 3 42 3
2870 7 187 7
2871 3 35 3
2872 2 17 2
2873 3 25 3
2874 2 11 2
2875 2 49 2
2876 3 38 3
2877 4 115 4
2878 4 50 4
2879 3 27 3
2880 4 58 4
2881 3 76 3
2882 3 30 3
2883 4 46 4
2884 2 26 2
2885 2 35 2
2886 2 21 2
2887 3 87 3
2888 17 537 8
2889 2 31 2
2890 3 46 3
2891 3 105 3
2892 2 28 2
2893 2 25 2
2894 2 24 2
2895 3 43 3
2896 5 98 5
2897 5 75 5
2898 3 38 3
2899 2 20 2
2900 2 37 2
2901 3 48 3
2902 7 294 6
2903 2 231 2
2904 2 14 2
2905 3 24 3
2906 6 146 5
2907 3 30 3
2908 2 26 2
2909 6 98 5
2910 5 70 5
2911 4 63 4
2912 8 252 6
2913 2 14 2
2914 3 29 3
2915 2 22 2
2916 2 11 2
2917 2 22 2
2918 6 108 5
2919 6 123 5
2920 2 27 2
2921 2 39 2
2922 2 19 2
2923 5 80 5
2924 2 15 2
2925 2 16 2
2926 2 24 2
2927 2 14 2
2928 2 25 2
2929 9 197 7
2930 2 23 2
2931 6 111 6
2932 5 198 5
2933 7 431 7
2934 2 15 2
2935 2 21 2
2936 3 32 3
2937 2 33 2
2938 2 22 2
2939 2 20 2
2940 2 19 2
2941 4 29 4
2942 4 87 4
2943 2 14 2
2944 5 182 5
2945 7 124 6
2946 2 20 2
2947 5 95 5
2948 2 23 2
2949 2 27 2
2950 2 32 2
2951 3 44 3
2952 2 14 2
2953 3 21 3
2954 3 217 3
2955 6 123 6
2956 2 21 2
2957 3 87 3
2958 3 34 3
2959 4 58 4
2960 6 147 5
2961 2 25 2
2962 2 17 2
2963 6 121 5
2964 2 21 2
2965 11 459 9
2966 5 74 5
2967 2 10 2
2968 5 126 5
2969 2 16 2
2970 3 83 3
2971 2 12 2
2972 4 34 4
2973 8 158 6
2974 3 40 3
2975 2 84 2
2976 2 22 2
2977 2 39 2
2978 3 20 3
2979 6 151 5
2980 2 29 2
2981 3 69 3
2982 2 28 2
2983 2 17 2
2984 3 87 3
2985 2 27 2
2986 2 38 2
2987 8 370 7
2988 26 951 13
2989 2 38 2
2990 11 507 8
2991 5 73 5
2992 2 14 2
2993 2 21 2
2994 2 14 2
2995 3 64 3
2996 4 48 4
2997 6 67 6
2998 5 131 5
2999 3 29 3
3000 3 33 3
3001 7 148 6
3002 2 30 2
3003 2 47 2
3004 7 258 6
3005 2 22 2
3006 4 74 4
3007 3 39 3
3008 2 23 2
3009 3 73 3
3010 4 31 4
3011 2 26 2
3012 3 35 3
3013 7 122 5
3014 3 45 3
3015 3 44 3
3016 2 46 2
3017 6 319 6
3018 3 26 3
3019 3 36 3
3020 3 21 3
3021 3 29 3
3022 2 23 2
3023 2 25 2
3024 7 215 6
3025 4 58 4
3026 4 146 4
3027 2 15 2
3028 2 29 2
3029 3 44 3
3030 2 15 2
3031 8 181 6
3032 2 23 2
3033 2 12 2
3034 2 15 2
3035 2 27 2
3036 8 225 7
3037 3 51 3
3038 2 14 2
3039 7 148 6
3040 2 35 2
3041 2 13 2
3042 9 407 9
3043 3 145 3
3044 3 26 3
3045 3 37 3
3046 3 21 3
3047 5 688 5
3048 10 193 6
3049 4 63 4
3050 12 572 9
3051 5 204 5
3052 3 72 3
3053 2 41 2
3054 5 66 5
3055 4 58 4
3056 3 87 3
3057 3 45 3
3058 2 17 2
3059 2 34 2
3060 3 50 3
3061 2 26 2
3062 2 21 2
3063 3 48 3
3064 2 37 2
3065 5 66 5
3066 5 60 5
3067 3 88 3
3068 4 57 4
3069 2 35 2
3070 2 22 2
3071 3 40 3
3072 3 48 3
3073 3 27 3
3074 4 114 4
3075 5 56 5
3076 2 14 2
3077 3 53 3
3078 2 17 2
3079 2 17 2
3080 2 17 2
3081 2 15 2
3082 2 25 2
3083 9 242 6
3084 4 69 4
3085 3 26 3
3086 2 13 2
3087 2 12 2
3088 2 20 2
3089 2 33 2
3090 2 27 2
3091 2 14 2
3092 5 76 5
3093 4 88 4
3094 2 33 2
3095 3 22 3
3096 2 20 2
3097 2 19 2
3098 2 21 2
3099 2 17 2
3100 2 35 2
3101 2 17 2
3102 3 83 3
3103 3 76 3
3104 3 77 3
3105 4 48 4
3106 3 36 3
3107 3 36 3
3108 2 10 2
3109 5 79 5
3110 3 22 3
3111 5 144 5
3112 6 90 5
3113 3 56 3
3114 5 44 5
3115 2 34 2
3116 3 73 3
3117 2 18 2
3118 2 46 2
3119 2 14 2
3120 5 76 5
3121 3 19 3
3122 10 281 8
3123 3 93 3
3124 2 26 2
3125 3 42 3
3126 2 14 2
3127 3 17 3
3128 6 79 5
3129 6 301 5
3130 3 26 3
3131 3 25 3
3132 2 14 2
3133 22 749 10
3134 2 19 2
3135 2 35 2
3136 2 15 2
3137 4 108 4
3138 6 145 6
3139 2 10 2
3140 3 26 3
3141 10 253 6
3142 9 155 8
3143 3 63 3
3144 2 18 2
3145 2 16 2
3146 4 36 4
3147 2 12 2
3148 2 12 2
3149 3 23 3
3150 4 85 4
3151 4 57 4
3152 4 94 4
3153 4 47 4
3154 27 1549 18
3155 2 24 2
3156 4 41 4
3157 2 12 2
3158 3 29 3
3159 5 135 5
3160 2 19 2
3161 3 69 3
3162 5 130 5
3163 3 44 3
3164 3 45 3
3165 4 89 4
3166 2 12 2
3167 3 71 3
3168 3 60 3
3169 9 152 7
3170 2 22 2
3171 2 28 2
3172 2 20 2
3173 2 27 2
3174 5 373 5
3175 3 88 3
3176 2 12 2
3177 5 98 5
3178 3 35 3
3179 3 54 3
3180 2 20 2
3181 10 262 6
3182 5 58 5
3183 2 50 2
3184 4 156 4
3185 2 33 2
3186 2 38 2
3187 2 15 2
3188 3 52 3
3189 2 35 2
3190 10 188 6
3191 2 18 2
3192 2 23 2
3193 2 19 2
3194 3 24 3
3195 3 47 3
3196 4 81 4
3197 5 74 5
3198 3 40 3
3199 2 26 2
3200 11 646 7
3201 3 22 3
3202 3 32 3
3203 2 17 2
3204 3 34 3
3205 2 24 2
3206 2 14 2
3207 6 99 5
3208 2 18 2
3209 3 65 3
3210 3 33 3
3211 2 16 2
3212 3 27 3
3213 2 27 2
3214 2 20 2
3215 3 23 3
3216 2 16 2
3217 3 39 3
3218 2 28 2
3219 3 59 3
3220 2 13 2
3221 9 258 7
3222 9 308 8
3223 3 52 3
3224 2 35 2
3225 2 18 2
3226 2 20 2
3227 2 13 2
3228 2 17 2
3229 3 73 3
3230 2 14 2
3231 2 10 2
3232 2 24 2
3233 3 96 3
3234 4 37 4
3235 2 14 2
3236 3 27 3
3237 2 15 2
3238 3 30 3
3239 5 182 5
3240 2 21 2
3241 2 39 2
3242 6 112 5
3243 3 55 3
3244 4 68 4
3245 2 32 2
3246 2 30 2
3247 2 28 2
3248 9 199 7
3249 2 18 2
3250 2 11 2
3251 4 43 4
3252 3 34 3
3253 2 55 2
3254 2 10 2
3255 4 31 4
3256 3 34 3
3257 2 14 2
3258 2 12 2
3259 4 118 4
3260 6 157 5
3261 2 27 2
3262 2 15 2
3263 3 30 3
3264 3 51 3
3265 3 43 3
3266 2 40 2
3267 3 52 3
3268 2 24 2
3269 6 84 5
3270 2 15 2
3271 2 35 2
3272 2 20 2
3273 2 11 2
3274 17 1227 11
3275 3 20 3
3276 4 63 4
3277 3 51 3
3278 4 141 4
3279 7 278 5
3280 6 60 5
3281 2 16 2
3282 2 40 2
3283 2 25 2
3284 2 16 2
3285 2 16 2
3286 4 67 4
3287 8 298 7
3288 4 70 4
3289 2 21 2
3290 2 37 2
3291 2 15 2
3292 3 51 3
3293 8 336 6
3294 2 19 2
3295 2 26 2
3296 4 97 4
3297 5 85 5
3298 4 82 4
3299 4 25 4
3300 3 39 3
3301 3 34 3
3302 2 18 2
3303 4 37 4
3304 4 37 4
3305 3 33 3
3306 2 22 2
3307 3 54 3
3308 3 36 3
3309 5 83 5
3310 3 54 3
3311 3 41 3
3312 2 23 2
3313 2 10 2
3314 2 18 2
3315 4 140 4
3316 15 586 11
3317 2 25 2
3318 2 11 2
3319 2 19 2
3320 4 114 4
3321 2 32 2
3322 5 80 5
3323 2 11 2
3324 2 12 2
3325 9 268 8
3326 2 33 2
3327 2 11 2
3328 3 41 3
3329 2 41 2
3330 3 62 3
3331 4 41 4
3332 2 24 2
3333 4 110 4
3334 5 113 5
3335 3 35 3
3336 2 18 2
3337 4 25 4
3338 3 20 3
3339 3 25 3
3340 4 33 4
3341 11 409 7
3342 5 60 5
3343 2 54 2
3344 5 127 5
3345 2 24 2
3346 4 105 4
3347 5 95 5
3348 2 15 2
3349 3 46 3
3350 2 26 2
3351 2 12 2
3352 3 34 3
3353 2 18 2
3354 2 27 2
3355 2 23 2
3356 2 10 2
3357 2 48 2
3358 4 111 4
3359 3 31 3
3360 2 22 2
3361 3 33 3
3362 2 11 2
3363 2 12 2
3364 2 14 2
3365 9 152 7
3366 2 29 2
3367 3 19 3
3368 5 155 5
3369 4 71 4
3370 4 104 4
3371 2 32 2
3372 3 25 3
3373 3 54 3
3374 3 26 3
3375 11 236 8
3376 5 57 5
3377 2 38 2
3378 4 95 4
3379 2 42 2
3380 2 30 2
3381 8 342 7
3382 4 73 4
3383 3 44 3
3384 5 90 5
3385 3 35 3
3386 2 41 2
3387 3 25 3
3388 7 112 6
3389 2 17 2
3390 4 56 4
3391 4 38 4
3392 5 178 5
3393 2 38 2
3394 2 46 2
3395 3 41 3
3396 8 225 6
3397 2 29 2
3398 2 18 2
3399 3 44 3
3400 2 22 2
3401 3 33 3
3402 6 185 5
3403 3 36 3
3404 8 151 6
3405 3 21 3
3406 2 18 2
3407 3 39 3
3408 2 26 2
3409 5 107 5
3410 2 34 2
3411 2 28 2
3412 5 126 5
3413 3 21 3
3414 2 18 2
3415 3 28 3
3416 2 23 2
3417 5 389 5
3418 5 81 5
3419 2 11 2
3420 2 78 2
3421 2 20 2
3422 6 61 5
3423 3 84 3
3424 5 53 5
3425 2 17 2
3426 3 43 3
3427 2 24 2
3428 2 16 2
3429 2 45 2
3430 4 38 4
3431 5 42 5
3432 5 76 5
3433 8 67 6
3434 2 34 2
3435 4 61 4
3436 2 29 2
3437 5 43 5
3438 3 88 3
3439 2 16 2
3440 3 19 3
3441 11 576 8
3442 2 14 2
3443 4 54 4
3444 2 20 2
3445 2 11 2
3446 5 369 5
3447 8 184 6
3448 2 18 2
3449 3 21 3
3450 3 33 3
3451 3 37 3
3452 2 20 2
3453 3 20 3
3454 3 48 3
3455 6 134 5
3456 2 57 2
3457 5 130 5
3458 2 21 2
3459 2 17 2
3460 2 18 2
3461 2 13 2
3462 9 233 7
3463 3 52 3
3464 2 32 2
3465 2 14 2
3466 5 141 5
3467 2 81 2
3468 7 141 5
3469 3 36 3
3470 2 24 2
3471 3 32 3
3472 3 58 3
3473 5 226 5
3474 6 109 5
3475 2 13 2
3476 2 14 2
3477 4 129 4
3478 3 28 3
3479 2 14 2
3480 4 84 4
3481 12 213 10
3482 3 24 3
3483 5 169 5
3484 2 28 2
3485 2 12 2
3486 2 26 2
3487 4 35 4
3488 3 26 3
3489 3 55 3
3490 2 34 2
3491 2 18 2
3492 3 35 3
3493 3 23 3
3494 4 53 4
3495 2 29 2
3496 2 18 2
3497 3 40 3
3498 5 77 5
3499 2 32 2
3500 3 36 3
3501 5 44 5
3502 2 16 2
3503 5 174 5
3504 2 34 2
3505 2 17 2
3506 5 81 5
3507 2 40 2
3508 2 27 2
3509 2 13 2
3510 2 22 2
3511 7 170 6
3512 5 100 5
3513 2 92 2
3514 2 17 2
3515 4 87 4
3516 4 74 4
3517 8 228 7
3518 2 59 2
3519 2 28 2
3520 2 32 2
3521 2 17 2
3522 2 12 2
3523 3 25 3
3524 3 19 3
3525 2 23 2
3526 2 26 2
3527 2 17 2
3528 2 45 2
3529 6 104 5
3530 5 52 5
3531 3 78 3
3532 2 13 2
3533 10 382 8
3534 5 82 5
3535 2 19 2
3536 5 109 5
3537 3 406 3
3538 2 29 2
3539 3 35 3
3540 2 28 2
3541 2 61 2
3542 2 31 2
3543 2 20 2
3544 2 13 2
3545 3 70 3
3546 2 39 2
3547 2 19 2
3548 2 13 2
3549 3 50 3
3550 4 67 4
3551 6 107 6
3552 4 99 4
3553 3 55 3
3554 2 12 2
3555 4 48 4
3556 2 31 2
3557 2 12 2
3558 3 30 3
3559 4 41 4
3560 3 27 3
3561 2 11 2
3562 4 33 4
3563 3 54 3
3564 2 15 2
3565 3 24 3
3566 2 137 2
3567 3 39 3
3568 3 45 3
3569 3 118 3
3570 3 25 3
3571 4 40 4
3572 2 26 2
3573 2 14 2
3574 3 27 3
3575 3 35 3
3576 3 15 3
3577 3 51 3
3578 2 27 2
3579 3 31 3
3580 3 40 3
3581 2 29 2
3582 10 234 9
3583 2 25 2
3584 2 59 2
3585 7 88 5
3586 2 25 2
3587 5 122 5
3588 2 18 2
3589 4 57 4
3590 5 86 5
3591 2 38 2
3592 2 31 2
3593 2 19 2
3594 3 25 3
3595 2 28 2
3596 2 30 2
3597 8 182 6
3598 2 26 2
3599 8 2244 6
3600 9 181 6
3601 4 54 4
3602 6 177 6
3603 3 69 3
3604 3 87 3
3605 3 128 3
3606 3 41 3
3607 4 99 4
3608 3 45 3
3609 2 21 2
3610 3 48 3
3611 4 82 4
3612 4 45 4
3613 6 173 6
3614 2 17 2
3615 4 80 4
3616 2 32 2
3617 2 31 2
3618 3 30 3
3619 2 33 2
3620 2 33 2
3621 3 47 3
3622 2 62 2
3623 2 28 2
3624 4 96 4
3625 2 31 2
3626 2 77 2
3627 3 23 3
3628 6 154 6
3629 2 14 2
3630 2 10 2
3631 3 28 3
3632 4 89 4
3633 4 22 4
3634 3 23 3
3635 2 11 2
3636 2 19 2
3637 2 19 2
3638 8 140 7
3639 2 53 2
3640 5 540 5
3641 4 70 4
3642 4 42 4
3643 2 10 2
3644 7 91 6
3645 2 19 2
3646 2 37 2
3647 5 65 5
3648 2 22 2
3649 3 152 3
3650 2 23 2
3651 2 27 2
3652 2 19 2
3653 3 91 3
3654 2 54 2
3655 3 47 3
3656 2 21 2
3657 3 109 3
3658 3 65 3
3659 2 15 2
3660 2 34 2
3661 7 177 6
3662 7 219 6
3663 2 15 2
3664 3 57 3
3665 3 25 3
3666 2 18 2
3667 8 174 7
3668 3 36 3
3669 2 22 2
3670 2 13 2
3671 2 54 2
3672 2 16 2
3673 5 345 5
3674 2 32 2
3675 2 11 2
3676 2 20 2
3677 2 24 2
3678 3 23 3
3679 3 46 3
3680 2 18 2
3681 8 196 7
3682 2 33 2
3683 2 31 2
3684 2 14 2
3685 2 36 2
3686 2 12 2
3687 3 35 3
3688 2 10 2
3689 3 93 3
3690 11 176 7
3691 2 26 2
3692 2 31 2
3693 4 27 4
3694 3 49 3
3695 3 44 3
3696 5 203 5
3697 4 33 4
3698 2 27 2
3699 6 126 5
3700 3 62 3
3701 2 24 2
3702 3 28 3
3703 4 28 4
3704 2 21 2
3705 10 222 6
3706 2 13 2
3707 2 25 2
3708 2 20 2
3709 2 17 2
3710 7 174 7
3711 2 23 2
3712 2 15 2
3713 2 69 2
3714 4 35 4
3715 2 14 2
3716 2 33 2
3717 2 26 2
3718 2 12 2
3719 3 29 3
3720 3 34 3
3721 2 16 2
3722 2 16 2
3723 2 13 2
3724 2 16 2
3725 4 99 4
3726 5 328 5
3727 4 69 4
3728 2 19 2
3729 2 14 2
3730 6 133 5
3731 6 164 6
3732 5 118 5
3733 2 17 2
3734 6 199 6
3735 9 385 7
3736 3 90 3
3737 2 10 2
3738 3 31 3
3739 4 118 4
3740 2 17 2
3741 5 81 5
3742 2 30 2
3743 2 22 2
3744 14 461 8
3745 10 261 8
3746 4 81 4
3747 4 72 4
3748 2 12 2
3749 2 23 2
3750 2 18 2
3751 3 43 3
3752 2 63 2
3753 3 54 3
3754 6 240 6
3755 5 55 5
3756 2 16 2
3757 2 19 2
3758 5 66 5
3759 2 35 2
3760 3 39 3
3761 4 78 4
3762 5 79 5
3763 2 40 2
3764 2 50 2
3765 3 53 3
3766 2 28 2
3767 2 10 2
3768 8 303 7
3769 3 95 3
3770 4 56 4
3771 2 23 2
3772 3 35 3
3773 3 17 3
3774 2 31 2
3775 5 77 5
3776 3 251 3
3777 2 33 2
3778 2 19 2
3779 3 54 3
3780 2 40 2
3781 2 23 2
3782 2 109 2
3783 2 22 2
3784 2 10 2
3785 3 66 3
3786 2 16 2
3787 2 12 2
3788 2 14 2
3789 3 21 3
3790 2 13 2
3791 3 66 3
3792 9 271 7
3793 2 23 2
3794 2 16 2
3795 2 19 2
3796 2 10 2
3797 2 68 2
3798 2 46 2
3799 8 79 6
3800 2 40 2
3801 6 114 5
3802 4 64 4
3803 2 13 2
3804 2 18 2
3805 2 12 2
3806 2 19 2
3807 2 22 2
3808 2 14 2
3809 3 69 3
3810 2 11 2
3811 3 42 3
3812 6 95 6
3813 9 247 6
3814 3 24 3
3815 2 23 2
3816 3 40 3
3817 3 45 3
3818 3 19 3
3819 2 22 2
3820 3 39 3
3821 13 623 8
3822 2 24 2
3823 2 35 2
3824 3 69 3
3825 5 74 5
3826 3 46 3
3827 2 15 2
3828 3 25 3
3829 2 13 2
3830 4 115 4
3831 2 29 2
3832 4 37 4
3833 2 25 2
3834 3 21 3
3835 2 14 2
3836 5 140 5
3837 2 13 2
3838 2 11 2
3839 2 12 2
3840 2 30 2
3841 7 206 6
3842 2 32 2
3843 2 25 2
3844 6 116 6
3845 2 37 2
3846 4 49 4
3847 3 28 3
3848 2 11 2
3849 3 40 3
3850 2 21 2
3851 2 120 2
3852 3 38 3
3853 4 59 4
3854 5 141 5
3855 6 109 5
3856 2 22 2
3857 4 37 4
3858 3 42 3
3859 2 23 2
3860 4 66 4
3861 4 76 4
3862 7 119 6
3863 4 85 4
3864 2 10 2
3865 2 29 2
3866 4 29 4
3867 2 22 2
3868 4 51 4
3869 2 34 2
3870 5 91 5
3871 3 29 3
3872 2 16 2
3873 2 21 2
3874 5 60 5
3875 7 162 7
3876 2 18 2
3877 6 162 5
3878 2 14 2
3879 2 23 2
3880 3 33 3
3881 2 24 2
3882 2 12 2
3883 4 51 4
3884 4 44 4
3885 3 68 3
3886 2 12 2
3887 4 39 4
3888 9 193 7
3889 2 16 2
3890 5 68 5
3891 2 22 2
3892 5 87 5
3893 2 13 2
3894 2 43 2
3895 8 144 6
3896 5 126 5
3897 5 65 5
3898 2 18 2
3899 2 11 2
3900 2 55 2
3901 2 16 2
3902 3 36 3
3903 2 17 2
3904 2 31 2
3905 3 43 3
3906 3 28 3
3907 2 113 2
3908 2 22 2
3909 2 14 2
3910 4 60 4
3911 4 46 4
3912 3 35 3
3913 3 69 3
3914 2 13 2
3915 5 207 5
3916 2 18 2
3917 2 11 2
3918 2 39 2
3919 7 121 6
3920 6 150 6
3921 3 41 3
3922 3 35 3
3923 5 79 5
3924 4 64 4
3925 3 59 3
3926 2 24 2
3927 2 20 2
3928 3 46 3
3929 5 68 5
3930 2 10 2
3931 7 444 6
3932 2 13 2
3933 2 68 2
3934 5 77 5
3935 3 46 3
3936 3 86 3
3937 4 138 4
3938 3 48 3
3939 2 18 2
3940 2 15 2
3941 3 20 3
3942 5 93 5
3943 2 22 2
3944 2 22 2
3945 2 16 2
3946 3 52 3
3947 2 16 2
3948 2 22 2
3949 4 61 4
3950 4 40 4
3951 4 37 4
3952 3 55 3
3953 4 35 4
3954 2 19 2
3955 2 48 2
3956 2 12 2
3957 2 11 2
3958 11 237 7
3959 2 13 2
3960 2 22 2
3961 2 19 2
3962 2 19 2
3963 2 19 2
3964 3 29 3
3965 2 41 2
3966 5 191 5
3967 2 84 2
3968 3 67 3
3969 2 18 2
3970 2 21 2
3971 2 25 2
3972 2 12 2
3973 2 46 2
3974 4 38 4
3975 3 41 3
3976 3 27 3
3977 2 13 2
3978 2 25 2
3979 2 27 2
3980 3 61 3
3981 5 55 5
3982 3 28 3
3983 2 22 2
3984 2 11 2
3985 7 108 6
3986 5 68 5
3987 2 18 2
3988 2 15 2
3989 2 30 2
3990 2 20 2
3991 2 10 2
3992 2 16 2
3993 3 124 3
3994 14 338 8
3995 4 59 4
3996 3 53 3
3997 4 78 4
3998 4 133 4
3999 5 91 5
4000 7 138 6
4001 3 47 3
4002 4 87 4
4003 2 23 2
4004 4 77 4
4005 3 24 3
4006 6 102 5
4007 2 27 2
4008 10 366 8
4009 4 62 4
4010 2 21 2
4011 2 26 2
4012 2 11 2
4013 2 18 2
4014 4 42 4
4015 3 42 3
4016 2 47 2
4017 4 42 4
4018 2 22 2
4019 2 22 2
4020 5 61 5
4021 2 23 2
4022 2 27 2
4023 3 40 3
4024 2 38 2
4025 2 18 2
4026 3 30 3
4027 2 19 2
4028 2 21 2
4029 2 18 2
4030 2 20 2
4031 4 44 4
4032 2 29 2
4033 2 69 2
4034 5 82 5
4035 2 31 2
4036 3 41 3
4037 4 103 4
4038 3 39 3
4039 2 17 2
4040 3 28 3
4041 4 79 4
4042 2 10 2
4043 2 13 2
4044 2 13 2
4045 3 28 3
4046 2 24 2
4047 2 27 2
4048 6 121 6
4049 4 77 4
4050 3 31 3
4051 10 650 7
4052 2 78 2
4053 3 44 3
4054 2 16 2
4055 2 21 2
4056 3 32 3
4057 4 46 4
4058 2 35 2
4059 2 15 2
4060 4 57 4
4061 10 310 8
4062 5 217 5
4063 2 99 2
4064 4 53 4
4065 2 20 2
4066 2 26 2
4067 3 47 3
4068 2 14 2
4069 4 83 4
4070 4 55 4
4071 3 32 3
4072 6 85 5
4073 2 21 2
4074 3 79 3
4075 2 27 2
4076 4 67 4
4077 5 178 5
4078 3 36 3
4079 3 38 3
4080 6 187 5
4081 2 30 2
4082 2 10 2
4083 4 78 4
4084 5 134 5
4085 4 88 4
4086 3 22 3
4087 3 25 3
4088 2 15 2
4089 3 53 3
4090 5 92 5
4091 2 14 2
4092 3 96 3
4093 2 16 2
4094 2 32 2
4095 3 38 3
4096 3 58 3
4097 3 27 3
4098 2 38 2
4099 2 14 2
4100 3 25 3
4101 4 71 4
4102 2 16 2
4103 3 26 3
4104 5 75 5
4105 5 133 5
4106 2 14 2
4107 2 29 2
4108 3 90 3
4109 3 29 3
4110 3 56 3
4111 2 35 2
4112 2 21 2
4113 3 25 3
4114 8 277 6
4115 2 34 2
4116 3 29 3
4117 2 16 2
4118 2 17 2
4119 4 48 4
4120 3 56 3
4121 2 41 2
4122 3 46 3
4123 4 60 4
4124 2 12 2
4125 3 26 3
4126 2 23 2
4127 2 45 2
4128 4 149 4
4129 2 17 2
4130 7 179 6
4131 2 17 2
4132 3 33 3
4133 5 141 5
4134 2 21 2
4135 9 218 7
4136 2 24 2
4137 3 77 3
4138 2 21 2
4139 3 23 3
4140 5 136 5
4141 3 71 3
4142 2 13 2
4143 2 18 2
4144 2 37 2
4145 2 297 2
4146 4 54 4
4147 2 32 2
4148 2 19 2
4149 2 16 2
4150 9 293 8
4151 2 24 2
4152 2 19 2
4153 3 43 3
4154 2 19 2
4155 2 13 2
4156 3 61 3
4157 2 20 2
4158 3 20 3
4159 9 275 8
4160 3 31 3
4161 2 26 2
4162 7 125 6
4163 3 20 3
4164 2 11 2
4165 5 181 5
4166 12 1086 9
4167 4 52 4
4168 5 85 5
4169 2 20 2
4170 6 130 5
4171 4 38 4
4172 2 20 2
4173 2 13 2
4174 2 14 2
4175 3 30 3
4176 2 15 2
4177 2 26 2
4178 3 33 3
4179 2 77 2
4180 3 36 3
4181 2 21 2
4182 2 11 2
4183 6 98 5
4184 2 12 2
4185 2 41 2
4186 4 32 4
4187 3 49 3
4188 2 42 2
4189 2 10 2
4190 2 20 2
4191 5 93 5
4192 4 137 4
4193 3 75 3
4194 3 24 3
4195 2 18 2
4196 5 123 5
4197 8 364 7
4198 5 78 5
4199 2 13 2
4200 2 13 2
4201 2 22 2
4202 6 170 5
4203 2 26 2
4204 2 13 2
4205 4 38 4
4206 4 119 4
4207 6 340 6
4208 2 13 2
4209 2 24 2
4210 5 247 5
4211 3 19 3
4212 2 19 2
4213 8 123 6
4214 3 28 3
4215 4 51 4
4216 2 23 2
4217 2 10 2
4218 2 13 2
4219 5 123 5
4220 2 22 2
4221 5 53 5
4222 2 32 2
4223 4 186 4
4224 2 14 2
4225 3 25 3
4226 3 42 3
4227 2 19 2
4228 2 26 2
4229 2 132 2
4230 2 19 2
4231 2 36 2
4232 4 172 4
4233 4 71 4
4234 3 18 3
4235 3 46 3
4236 3 101 3
4237 3 84 3
4238 12 389 8
4239 5 62 5
4240 3 52 3
4241 2 10 2
4242 2 14 2
4243 2 25 2
4244 3 33 3
4245 2 61 2
4246 5 48 5
4247 4 43 4
4248 2 37 2
4249 2 21 2
4250 4 65 4
4251 2 18 2
4252 2 13 2
4253 3 46 3
4254 5 185 5
4255 2 39 2
4256 3 19 3
4257 2 21 2
4258 3 22 3
4259 2 17 2
4260 4 36 4
4261 3 31 3
4262 2 14 2
4263 2 35 2
4264 6 347 6
4265 8 91 6
4266 3 80 3
4267 7 222 6
4268 2 32 2
4269 3 22 3
4270 3 34 3
4271 3 65 3
4272 6 346 6
4273 3 177 3
4274 5 82 5
4275 2 23 2
4276 2 22 2
4277 2 12 2
4278 7 142 7
4279 2 34 2
4280 2 23 2
4281 3 23 3
4282 3 44 3
4283 4 30 4
4284 3 44 3
4285 2 14 2
4286 2 15 2
4287 4 30 4
4288 2 30 2
4289 4 51 4
4290 2 16 2
4291 9 255 8
4292 2 15 2
4293 3 99 3
4294 3 37 3
4295 3 53 3
4296 2 28 2
4297 3 24 3
4298 3 23 3
4299 2 27 2
4300 2 16 2
4301 2 57 2
4302 2 16 2
4303 5 60 5
4304 3 37 3
4305 2 41 2
4306 2 16 2
4307 6 55 5
4308 3 41 3
4309 3 40 3
4310 7 151 5
4311 2 42 2
4312 2 15 2
4313 2 20 2
4314 2 13 2
4315 2 27 2
4316 3 26 3
4317 3 35 3
4318 2 22 2
4319 2 17 2
4320 4 35 4
4321 2 11 2
4322 2 19 2
4323 3 36 3
4324 7 179 6
4325 6 114 5
4326 3 89 3
4327 4 56 4
4328 2 14 2
4329 3 41 3
4330 5 181 5
4331 2 23 2
4332 2 17 2
4333 4 59 4
4334 2 33 2
4335 3 30 3
4336 2 18 2
4337 2 11 2
4338 2 17 2
4339 3 52 3
4340 2 24 2
4341 3 25 3
4342 3 87 3
4343 4 42 4
4344 2 20 2
4345 2 10 2
4346 4 81 4
4347 7 147 6
4348 2 18 2
4349 2 44 2
4350 2 12 2
4351 2 26 2
4352 5 195 5
4353 2 15 2
4354 3 26 3
4355 4 50 4
4356 2 14 2
4357 2 17 2
4358 2 23 2
4359 2 29 2
4360 14 290 8
4361 4 96 4
4362 2 20 2
4363 4 115 4
4364 2 13 2
4365 2 15 2
4366 2 37 2
4367 7 290 6
4368 3 28 3
4369 2 37 2
4370 3 38 3
4371 2 20 2
4372 4 45 4
4373 2 21 2
4374 2 14 2
4375 3 29 3
4376 3 57 3
4377 4 41 4
4378 4 67 4
4379 3 25 3
4380 3 55 3
4381 2 17 2
4382 2 24 2
4383 3 26 3
4384 3 38 3
4385 2 21 2
4386 3 71 3
4387 3 69 3
4388 5 108 5
4389 3 37 3
4390 9 254 8
4391 3 62 3
4392 2 32 2
4393 2 14 2
4394 2 28 2
4395 2 10 2
4396 2 13 2
4397 4 97 4
4398 2 17 2
4399 2 21 2
4400 5 147 5
4401 2 10 2
4402 2 18 2
4403 3 99 3
4404 2 10 2
4405 2 43 2
4406 2 65 2
4407 4 84 4
4408 2 21 2
4409 3 67 3
4410 2 18 2
4411 2 42 2
4412 2 18 2
4413 8 329 7
4414 3 109 3
4415 4 82 4
4416 11 460 8
4417 3 108 3
4418 2 28 2
4419 2 19 2
4420 2 22 2
4421 3 29 3
4422 2 13 2
4423 2 13 2
4424 8 372 6
4425 4 123 4
4426 3 58 3
4427 3 32 3
4428 2 36 2
4429 9 321 7
4430 2 14 2
4431 3 32 3
4432 3 66 3
4433 2 64 2
4434 4 56 4
4435 2 20 2
4436 2 10 2
4437 2 30 2
4438 5 94 5
4439 4 127 4
4440 2 20 2
4441 2 18 2
4442 4 47 4
4443 2 33 2
4444 3 34 3
4445 4 40 4
4446 2 46 2
4447 2 41 2
4448 2 18 2
4449 2 150 2
4450 7 211 6
4451 4 50 4
4452 3 31 3
4453 2 14 2
4454 3 137 3
4455 3 36 3
4456 4 216 4
4457 2 25 2
4458 3 63 3
4459 2 10 2
4460 7 195 6
4461 2 165 2
4462 3 63 3
4463 7 169 6
4464 2 14 2
4465 3 45 3
4466 3 34 3
4467 2 15 2
4468 2 58 2
4469 3 80 3
4470 5 34 5
4471 2 65 2
4472 4 52 4
4473 2 18 2
4474 2 16 2
4475 4 54 4
4476 8 179 7
4477 3 64 3
4478 3 47 3
4479 2 12 2
4480 2 17 2
4481 7 152 5
4482 8 233 6
4483 2 17 2
4484 7 106 5
4485 2 20 2
4486 3 20 3
4487 3 27 3
4488 3 15 3
4489 2 37 2
4490 2 31 2
4491 5 102 5
4492 2 15 2
4493 2 10 2
4494 2 58 2
4495 2 12 2
4496 2 45 2
4497 4 59 4
4498 3 23 3
4499 2 10 2
4500 2 43 2
4501 4 47 4
4502 3 21 3
4503 2 22 2
4504 10 317 7
4505 2 15 2
4506 8 102 7
4507 3 46 3
4508 5 149 5
4509 2 36 2
4510 2 11 2
4511 2 15 2
4512 2 14 2
4513 2 20 2
4514 2 12 2
4515 2 13 2
4516 2 18 2
4517 5 137 5
4518 3 25 3
4519 3 38 3
4520 5 459 5
4521 2 17 2
4522 2 84 2
4523 2 22 2
4524 2 16 2
4525 4 55 4
4526 5 180 5
4527 4 43 4
4528 2 49 2
4529 2 37 2
4530 2 32 2
4531 5 37 5
4532 3 28 3
4533 5 70 5
4534 3 30 3
4535 7 413 6
4536 4 47 4
4537 3 22 3
4538 2 35 2
4539 4 44 4
4540 5 142 5
4541 2 15 2
4542 3 29 3
4543 2 17 2
4544 2 32 2
4545 2 15 2
4546 2 37 2
4547 2 16 2
4548 2 15 2
4549 4 32 4
4550 2 14 2
4551 2 18 2
4552 4 50 4
4553 4 93 4
4554 2 17 2
4555 3 30 3
4556 3 38 3
4557 3 29 3
4558 6 173 5
4559 3 29 3
4560 2 32 2
4561 5 78 5
4562 5 100 5
4563 4 87 4
4564 2 17 2
4565 2 23 2
4566 3 22 3
4567 2 24 2
4568 2 15 2
4569 6 205 5
4570 2 23 2
4571 2 50 2
4572 3 35 3
4573 4 53 4
4574 2 35 2
4575 2 44 2
4576 2 15 2
4577 3 19 3
4578 4 69 4
4579 3 141 3
4580 2 17 2
4581 4 38 4
4582 2 11 2
4583 4 154 4
4584 2 14 2
4585 3 29 3
4586 2 12 2
4587 3 37 3
4588 5 119 5
4589 3 61 3
4590 2 19 2
4591 4 292 4
4592 2 13 2
4593 3 53 3
4594 10 181 7
4595 2 10 2
4596 4 49 4
4597 3 30 3
4598 4 53 4
4599 2 31 2
4600 5 74 5
4601 2 13 2
4602 2 57 2
4603 2 14 2
4604 2 19 2
4605 3 175 3
4606 2 30 2
4607 2 10 2
4608 8 211 7
4609 2 28 2
4610 2 26 2
4611 2 19 2
4612 3 61 3
4613 2 41 2
4614 2 13 2
4615 4 44 4
4616 3 66 3
4617 2 36 2
4618 5 57 5
4619 3 66 3
4620 2 28 2
4621 2 15 2
4622 6 142 6
4623 2 11 2
4624 2 12 2
4625 2 25 2
4626 4 48 4
4627 3 25 3
4628 2 18 2
4629 2 20 2
4630 2 11 2
4631 2 17 2
4632 3 53 3
4633 8 255 7
4634 4 72 4
4635 3 53 3
4636 2 39 2
4637 5 150 5
4638 2 18 2
4639 3 66 3
4640 2 24 2
4641 5 132 5
4642 2 23 2
4643 2 17 2
4644 2 43 2
4645 2 48 2
4646 6 227 6
4647 3 17 3
4648 4 147 4
4649 2 11 2
4650 2 24 2
4651 2 15 2
4652 2 50 2
4653 2 53 2
4654 2 25 2
4655 2 12 2
4656 2 24 2
4657 3 63 3
4658 3 27 3
4659 2 23 2
4660 2 10 2
4661 3 64 3
4662 2 25 2
4663 2 14 2
4664 2 14 2
4665 2 10 2
4666 2 14 2
4667 4 41 4
4668 7 355 7
4669 4 55 4
4670 2 10 2
4671 7 544 7
4672 5 92 5
4673 3 115 3
4674 2 24 2
4675 2 59 2
4676 3 23 3
4677 3 21 3
4678 5 97 5
4679 2 18 2
4680 8 130 6
4681 4 37 4
4682 2 22 2
4683 3 22 3
4684 2 15 2
4685 2 26 2
4686 4 125 4
4687 2 37 2
4688 2 20 2
4689 2 91 2
4690 2 22 2
4691 3 28 3
4692 2 26 2
4693 2 21 2
4694 2 12 2
4695 7 1148 7
4696 2 25 2
4697 3 87 3
4698 2 16 2
4699 2 16 2
4700 2 64 2
4701 4 52 4
4702 3 31 3
4703 2 35 2
4704 3 50 3
4705 2 31 2
4706 2 25 2
4707 2 19 2
4708 2 29 2
4709 5 157 5
4710 2 14 2
4711 2 18 2
4712 2 60 2
4713 2 10 2
4714 2 26 2
4715 2 17 2
4716 2 14 2
4717 2 13 2
4718 3 59 3
4719 2 18 2
4720 4 71 4
4721 2 10 2
4722 2 18 2
4723 2 21 2
4724 2 227 2
4725 2 13 2
4726 2 19 2
4727 2 12 2
4728 2 19 2
4729 2 26 2
4730 2 25 2
4731 2 14 2
4732 2 26 2
4733 2 26 2
4734 7 161 5
4735 3 184 3
4736 2 16 2
4737 2 17 2
4738 4 51 4
4739 8 240 6
4740 3 24 3
4741 2 22 2
4742 2 10 2
4743 3 59 3
4744 10 241 9
4745 10 290 9
4746 3 25 3
4747 2 70 2
4748 4 128 4
4749 2 23 2
4750 3 18 3
4751 2 35 2
4752 2 20 2
4753 2 26 2
4754 2 26 2
4755 4 31 4
4756 4 121 4
4757 5 241 5
4758 2 18 2
4759 3 78 3
4760 2 13 2
4761 3 26 3
4762 2 13 2
4763 5 57 5
4764 5 99 5
4765 3 56 3
4766 2 15 2
4767 2 48 2
4768 2 32 2
4769 2 20 2
4770 5 47 5
4771 2 10 2
4772 2 31 2
4773 2 73 2
4774 2 18 2
4775 3 49 3
4776 3 38 3
4777 2 13 2
4778 2 14 2
4779 2 12 2
4780 5 195 5
4781 4 137 4
4782 2 22 2
4783 5 67 5
4784 4 110 4
4785 4 44 4
4786 9 331 7
4787 3 142 3
4788 5 56 5
4789 2 48 2
4790 2 12 2
4791 4 80 4
4792 4 33 4
4793 2 19 2
4794 3 17 3
4795 2 20 2
4796 2 45 2
4797 4 48 4
4798 2 21 2
4799 2 15 2
4800 4 44 4
4801 2 10 2
4802 2 31 2
4803 11 168 7
4804 2 38 2
4805 4 82 4
4806 3 80 3
4807 2 90 2
4808 3 47 3
4809 4 107 4
4810 2 28 2
4811 3 36 3
4812 2 14 2
4813 3 36 3
4814 2 31 2
4815 2 21 2
4816 5 141 5
4817 2 18 2
4818 5 57 5
4819 5 291 5
4820 2 19 2
4821 3 22 3
4822 2 14 2
4823 12 629 8
4824 3 43 3
4825 2 18 2
4826 4 43 4
4827 2 33 2
4828 3 31 3
4829 2 21 2
4830 2 11 2
4831 2 16 2
4832 2 22 2
4833 10 529 8
4834 2 14 2
4835 3 37 3
4836 2 13 2
4837 2 13 2
4838 3 47 3
4839 3 29 3
4840 3 34 3
4841 3 62 3
4842 4 78 4
4843 2 24 2
4844 4 31 4
4845 5 139 5
4846 2 17 2
4847 7 207 6
4848 3 32 3
4849 2 13 2
4850 2 17 2
4851 12 602 9
4852 3 69 3
4853 4 47 4
4854 2 11 2
4855 2 141 2
4856 2 27 2
4857 4 55 4
4858 3 30 3
4859 4 108 4
4860 7 226 6
4861 6 77 6
4862 2 29 2
4863 2 21 2
4864 2 11 2
4865 3 18 3
4866 2 18 2
4867 4 109 4
4868 2 30 2
4869 2 19 2
4870 3 38 3
4871 2 18 2
4872 2 30 2
4873 2 11 2
4874 2 16 2
4875 2 17 2
4876 2 14 2
4877 2 18 2
4878 2 111 2
4879 4 202 4
4880 3 25 3
4881 2 19 2
4882 2 13 2
4883 2 41 2
4884 3 62 3
4885 4 58 4
4886 2 21 2
4887 3 81 3
4888 2 21 2
4889 2 28 2
4890 3 121 3
4891 4 138 4
4892 2 31 2
4893 2 44 2
4894 3 23 3
4895 2 36 2
4896 2 47 2
4897 2 13 2
4898 2 36 2
4899 2 16 2
4900 6 133 6
4901 2 24 2
4902 5 103 5
4903 2 27 2
4904 2 16 2
4905 2 17 2
4906 2 22 2
4907 2 13 2
4908 2 62 2
4909 2 19 2
4910 2 30 2
4911 4 38 4
4912 2 13 2
4913 2 31 2
4914 2 28 2
4915 2 18 2
4916 2 40 2
4917 10 615 8
4918 3 83 3
4919 2 16 2
4920 5 127 5
4921 2 75 2
4922 4 65 4
4923 2 23 2
4924 2 27 2
4925 2 19 2
4926 2 14 2
4927 4 92 4
4928 3 22 3
4929 3 33 3
4930 2 39 2
4931 2 33 2
4932 2 14 2
4933 2 23 2
4934 2 27 2
4935 3 33 3
4936 3 27 3
4937 4 68 4
4938 3 48 3
4939 4 36 4
4940 4 47 4
4941 24 1592 14
4942 2 21 2
4943 3 31 3
4944 3 69 3
4945 2 15 2
4946 4 120 4
4947 2 15 2
4948 7 154 6
4949 3 22 3
4950 3 24 3
4951 5 73 5
4952 2 82 2
4953 2 12 2
4954 3 35 3
4955 2 94 2
4956 2 29 2
4957 3 40 3
4958 2 28 2
4959 10 695 9
4960 2 48 2
4961 2 17 2
4962 2 84 2
4963 2 13 2
4964 6 216 5
4965 2 14 2
4966 2 21 2
4967 3 73 3
4968 3 68 3
4969 2 11 2
4970 2 36 2
4971 4 184 4
4972 2 10 2
4973 3 46 3
4974 2 16 2
4975 3 30 3
4976 2 27 2
4977 2 26 2
4978 2 16 2
4979 2 20 2
4980 2 24 2
4981 2 26 2
4982 5 221 5
4983 2 25 2
4984 3 35 3
4985 2 19 2
4986 2 78 2
4987 4 69 4
4988 2 25 2
4989 3 35 3
4990 2 24 2
4991 2 14 2
4992 4 51 4
4993 2 16 2
4994 3 59 3
4995 2 54 2
4996 5 94 5
4997 4 86 4
4998 6 283 5
4999 2 30 2
5000 3 70 3
5001 2 26 2
5002 2 13 2
5003 2 27 2
5004 2 10 2
5005 2 14 2
5006 2 18 2
5007 2 18 2
5008 2 11 2
5009 4 63 4
5010 5 187 5
5011 3 32 3
5012 6 130 5
5013 4 39 4
5014 3 39 3
5015 2 21 2
5016 3 33 3
5017 5 99 5
5018 2 13 2
5019 2 19 2
5020 6 172 5
5021 2 23 2
5022 2 23 2
5023 2 29 2
5024 2 17 2
5025 3 59 3
5026 4 112 4
5027 5 114 5
5028 2 20 2
5029 2 16 2
5030 2 17 2
5031 2 37 2
5032 3 37 3
5033 2 15 2
5034 2 19 2
5035 3 30 3
5036 2 25 2
5037 3 87 3
5038 5 52 5
5039 5 185 5
5040 2 14 2
5041 4 31 4
5042 3 29 3
5043 10 456 8
5044 3 67 3
5045 6 134 6
5046 3 62 3
5047 2 13 2
5048 3 25 3
5049 2 21 2
5050 2 13 2
5051 2 32 2
5052 2 66 2
5053 3 19 3
5054 2 12 2
5055 2 13 2
5056 3 20 3
5057 4 29 4
5058 5 94 5
5059 2 25 2
5060 3 22 3
5061 2 207 2
5062 2 15 2
5063 13 1039 9
5064 3 95 3
5065 3 41 3
5066 2 11 2
5067 2 25 2
5068 7 70 5
5069 2 42 2
5070 2 36 2
5071 2 20 2
5072 2 16 2
5073 3 53 3
5074 2 18 2
5075 2 39 2
5076 2 16 2
5077 2 30 2
5078 2 21 2
5079 2 16 2
5080 2 50 2
5081 3 83 3
5082 3 84 3
5083 4 108 4
5084 2 21 2
5085 3 93 3
5086 2 20 2
5087 6 165 5
5088 2 32 2
5089 7 378 6
5090 9 93 6
5091 2 15 2
5092 2 146 2
5093 2 18 2
5094 2 18 2
5095 3 29 3
5096 2 683 2
5097 5 119 5
5098 2 14 2
5099 6 130 6
5100 4 80 4
5101 3 26 3
5102 10 601 8
5103 2 26 2
5104 2 11 2
5105 2 17 2
5106 6 394 5
5107 5 136 5
5108 3 59 3
5109 2 15 2
5110 5 48 5
5111 2 26 2
5112 4 24 4
5113 4 53 4
5114 2 12 2
5115 3 45 3
5116 4 88 4
5117 2 17 2
5118 3 24 3
5119 2 12 2
5120 2 21 2
5121 2 10 2
5122 9 185 8
5123 2 15 2
5124 2 16 2
5125 2 16 2
5126 2 18 2
5127 2 18 2
5128 4 43 4
5129 2 17 2
5130 3 28 3
5131 2 15 2
5132 2 18 2
5133 3 53 3
5134 2 16 2
5135 2 15 2
5136 3 37 3
5137 3 18 3
5138 3 46 3
5139 3 42 3
5140 2 21 2
5141 2 21 2
5142 2 16 2
5143 4 40 4
5144 2 21 2
5145 2 34 2
5146 3 36 3
5147 5 324 5
5148 2 21 2
5149 3 43 3
5150 3 80 3
5151 3 36 3
5152 4 59 4
5153 2 17 2
5154 2 15 2
5155 4 44 4
5156 2 42 2
5157 2 32 2
5158 5 94 5
5159 2 24 2
5160 3 40 3
5161 2 22 2
5162 5 50 5
5163 6 267 5
5164 8 312 7
5165 5 89 5
5166 3 48 3
5167 4 336 4
5168 2 34 2
5169 4 48 4
5170 2 14 2
5171 2 12 2
5172 2 24 2
5173 2 38 2
5174 2 19 2
5175 2 15 2
5176 3 86 3
5177 2 38 2
5178 5 70 5
5179 2 15 2
5180 2 23 2
5181 2 20 2
5182 3 30 3
5183 4 254 4
5184 3 27 3
5185 2 12 2
5186 2 11 2
5187 2 38 2
5188 2 10 2
5189 7 304 5
5190 2 18 2
5191 2 14 2
5192 4 48 4
5193 2 16 2
5194 2 31 2
5195 3 39 3
5196 4 185 4
5197 11 237 8
5198 7 147 6
5199 3 75 3
5200 2 18 2
5201 5 36 5
5202 5 109 5
5203 2 14 2
5204 2 39 2
5205 2 17 2
5206 3 75 3
5207 2 11 2
5208 2 25 2
5209 3 55 3
5210 2 22 2
5211 5 126 5
5212 2 17 2
5213 4 180 4
5214 2 11 2
5215 2 13 2
5216 4 44 4
5217 2 19 2
5218 3 27 3
5219 3 42 3
5220 2 17 2
5221 5 213 5
5222 3 47 3
5223 7 127 6
5224 2 27 2
5225 4 64 4
5226 5 388 5
5227 2 15 2
5228 8 259 6
5229 2 27 2
5230 8 131 6
5231 2 31 2
5232 2 18 2
5233 2 16 2
5234 2 18 2
5235 3 95 3
5236 2 16 2
5237 2 34 2
5238 2 20 2
5239 2 15 2
5240 3 50 3
5241 2 15 2
5242 3 30 3
5243 4 129 4
5244 4 48 4
5245 4 48 4
5246 2 14 2
5247 3 40 3
5248 2 10 2
5249 2 29 2
5250 2 18 2
5251 2 13 2
5252 6 196 6
5253 3 29 3
5254 8 490 7
5255 2 21 2
5256 4 54 4
5257 3 33 3
5258 2 13 2
5259 3 21 3
5260 3 80 3
5261 4 68 4
5262 3 42 3
5263 4 46 4
5264 4 93 4
5265 4 60 4
5266 2 30 2
5267 2 23 2
5268 3 92 3
5269 3 36 3
5270 3 21 3
5271 5 238 5
5272 4 87 4
5273 2 16 2
5274 2 14 2
5275 2 13 2
5276 2 14 2
5277 3 88 3
5278 2 25 2
5279 2 16 2
5280 4 75 4
5281 2 17 2
5282 3 23 3
5283 2 17 2
5284 5 121 5
5285 2 42 2
5286 2 11 2
5287 7 124 7
5288 7 144 6
5289 2 23 2
5290 2 44 2
5291 2 11 2
5292 2 18 2
5293 5 83 5
5294 3 81 3
5295 2 29 2
5296 2 55 2
5297 2 17 2
5298 2 21 2
5299 3 61 3
5300 3 50 3
5301 2 24 2
5302 5 63 5
5303 2 13 2
5304 2 17 2
5305 2 22 2
5306 2 25 2
5307 2 27 2
5308 6 203 5
5309 2 23 2
5310 2 15 2
5311 11 99 7
5312 2 23 2
5313 3 27 3
5314 6 77 5
5315 3 71 3
5316 4 85 4
5317 2 23 2
5318 2 23 2
5319 3 115 3
5320 2 23 2
5321 2 43 2
5322 3 50 3
5323 2 30 2
5324 2 26 2
5325 2 33 2
5326 2 17 2
5327 2 36 2
5328 2 16 2
5329 2 17 2
5330 2 24 2
5331 2 59 2
5332 6 284 5
5333 2 36 2
5334 3 42 3
5335 2 27 2
5336 3 109 3
5337 2 21 2
5338 2 46 2
5339 4 45 4
5340 5 396 5
5341 3 30 3
5342 3 34 3
5343 2 17 2
5344 4 142 4
5345 2 19 2
5346 2 202 2
5347 4 48 4
5348 2 60 2
5349 4 111 4
5350 2 16 2
5351 2 34 2
5352 2 13 2
5353 2 15 2
5354 3 18 3
5355 2 12 2
5356 2 14 2
5357 2 21 2
5358 2 89 2
5359 5 80 5
5360 2 12 2
5361 3 32 3
5362 2 46 2
5363 6 166 5
5364 3 31 3
5365 3 30 3
5366 3 24 3
5367 6 111 5
5368 2 30 2
5369 2 28 2
5370 4 36 4
5371 6 166 6
5372 2 16 2
5373 2 16 2
5374 3 30 3
5375 2 13 2
5376 3 46 3
5377 4 76 4
5378 5 97 5
5379 2 40 2
5380 4 141 4
5381 4 43 4
5382 3 40 3
5383 2 15 2
5384 2 53 2
5385 2 14 2
5386 2 36 2
5387 3 53 3
5388 3 30 3
5389 3 55 3
5390 8 256 8
5391 3 139 3
5392 3 79 3
5393 2 11 2
5394 4 101 4
5395 2 18 2
5396 4 49 4
5397 4 101 4
5398 2 18 2
5399 2 14 2
5400 5 58 5
5401 2 14 2
5402 2 26 2
5403 3 34 3
5404 4 64 4
5405 6 202 5
5406 2 31 2
5407 2 11 2
5408 4 67 4
5409 2 13 2
5410 2 31 2
5411 5 188 5
5412 2 14 2
5413 3 33 3
5414 2 17 2
5415 2 20 2
5416 3 42 3
5417 4 114 4
5418 2 22 2
5419 2 53 2
5420 5 61 5
5421 2 11 2
5422 3 56 3
5423 3 46 3
5424 2 37 2
5425 2 16 2
5426 3 38 3
5427 3 74 3
5428 5 58 5
5429 3 73 3
5430 2 33 2
5431 2 23 2
5432 5 227 5
5433 3 61 3
5434 3 59 3
5435 2 15 2
5436 4 83 4
5437 2 19 2
5438 3 22 3
5439 2 24 2
5440 3 19 3
5441 4 69 4
5442 2 29 2
5443 2 15 2
5444 4 72 4
5445 6 187 6
5446 3 41 3
5447 3 102 3
5448 2 12 2
5449 2 21 2
5450 2 18 2
5451 2 54 2
5452 2 10 2
5453 6 326 6
5454 2 11 2
5455 2 15 2
5456 4 57 4
5457 12 376 9
5458 3 30 3
5459 2 23 2
5460 2 13 2
5461 2 42 2
5462 4 118 4
5463 2 38 2
5464 2 27 2
5465 2 19 2
5466 2 63 2
5467 4 30 4
5468 3 93 3
5469 2 22 2
5470 2 46 2
5471 4 26 4
5472 7 96 5
5473 4 46 4
5474 3 56 3
5475 2 22 2
5476 2 25 2
5477 3 57 3
5478 2 14 2
5479 2 26 2
5480 2 18 2
5481 2 119 2
5482 2 62 2
5483 5 57 5
5484 2 34 2
5485 4 150 4
5486 8 550 6
5487 3 105 3
5488 2 49 2
5489 2 20 2
5490 7 561 6
5491 2 52 2
5492 2 14 2
5493 2 32 2
5494 3 164 3
5495 3 55 3
5496 2 48 2
5497 3 51 3
5498 8 178 6
5499 2 19 2
5500 2 10 2
5501 4 52 4
5502 4 201 4
5503 3 59 3
5504 4 96 4
5505 4 38 4
5506 3 27 3
5507 3 30 3
5508 4 52 4
5509 4 62 4
5510 4 220 4
5511 2 13 2
5512 2 11 2
5513 2 15 2
5514 3 34 3
5515 2 16 2
5516 4 73 4
5517 2 21 2
5518 3 136 3
5519 2 13 2
5520 5 109 5
5521 3 75 3
5522 2 25 2
5523 2 14 2
5524 3 41 3
5525 2 20 2
5526 2 12 2
5527 3 39 3
5528 2 18 2
5529 6 301 5
5530 2 21 2
5531 2 15 2
5532 7 193 7
5533 2 16 2
5534 6 87 5
5535 2 39 2
5536 3 30 3
5537 2 107 2
5538 3 33 3
5539 2 29 2
5540 3 60 3
5541 4 151 4
5542 2 24 2
5543 2 19 2
5544 2 26 2
5545 2 23 2
5546 2 18 2
5547 3 54 3
5548 2 61 2
5549 5 67 5
5550 2 27 2
5551 2 16 2
5552 2 38 2
5553 2 23 2
5554 2 28 2
5555 2 15 2
5556 3 50 3
5557 2 69 2
5558 2 17 2
5559 3 21 3
5560 2 16 2
5561 3 50 3
5562 2 15 2
5563 2 20 2
5564 4 109 4
5565 2 14 2
5566 2 22 2
5567 2 12 2
5568 3 23 3
5569 2 15 2
5570 2 29 2
5571 2 11 2
5572 5 121 5
5573 2 11 2
5574 9 389 7
5575 2 55 2
5576 5 117 5
5577 2 29 2
5578 2 71 2
5579 4 26 4
5580 3 38 3
5581 2 16 2
5582 4 96 4
5583 2 39 2
5584 2 20 2
5585 2 20 2
5586 4 37 4
5587 2 83 2
5588 2 17 2
5589 10 416 8
5590 2 48 2
5591 2 22 2
5592 3 34 3
5593 2 15 2
5594 4 97 4
5595 3 33 3
5596 2 13 2
5597 3 74 3
5598 3 38 3
5599 2 26 2
5600 7 419 6
5601 3 93 3
5602 2 34 2
5603 3 108 3
5604 2 14 2
5605 2 40 2
5606 3 34 3
5607 4 67 4
5608 2 27 2
5609 9 379 6
5610 3 50 3
5611 2 36 2
5612 4 111 4
5613 4 45 4
5614 2 18 2
5615 5 126 5
5616 3 67 3
5617 2 17 2
5618 2 28 2
5619 3 66 3
5620 6 90 5
5621 2 25 2
5622 3 33 3
5623 3 23 3
5624 3 20 3
5625 4 62 4
5626 2 14 2
5627 2 24 2
5628 2 13 2
5629 2 15 2
5630 3 34 3
5631 2 23 2
5632 3 41 3
5633 2 13 2
5634 2 14 2
5635 7 139 6
5636 2 25 2
5637 3 111 3
5638 2 20 2
5639 2 13 2
5640 2 19 2
5641 4 38 4
5642 2 35 2
5643 2 13 2
5644 2 47 2
5645 6 131 5
5646 2 14 2
5647 2 16 2
5648 3 40 3
5649 2 14 2
5650 2 13 2
5651 2 27 2
5652 3 55 3
5653 2 16 2
5654 2 21 2
5655 3 60 3
5656 4 178 4
5657 2 38 2
5658 2 28 2
5659 2 13 2
5660 2 15 2
5661 3 82 3
5662 10 258 7
5663 3 24 3
5664 2 10 2
5665 2 38 2
5666 2 10 2
5667 2 19 2
5668 3 141 3
5669 2 29 2
5670 2 15 2
5671 2 15 2
5672 6 113 6
5673 2 25 2
5674 3 63 3
5675 2 22 2
5676 4 35 4
5677 2 13 2
5678 2 12 2
5679 2 17 2
5680 2 20 2
5681 3 32 3
5682 6 92 5
5683 2 21 2
5684 2 17 2
5685 2 22 2
5686 2 25 2
5687 3 77 3
5688 2 10 2
5689 2 22 2
5690 5 90 5
5691 3 104 3
5692 2 11 2
5693 2 64 2
5694 2 20 2
5695 2 38 2
5696 2 82 2
5697 2 37 2
5698 2 163 2
5699 2 47 2
5700 2 95 2
5701 2 40 2
5702 2 52 2
5703 3 78 3
5704 3 43 3
5705 4 183 4
5706 3 60 3
5707 2 12 2
5708 2 57 2
5709 2 16 2
5710 2 14 2
5711 2 28 2
5712 4 61 4
5713 2 20 2
5714 2 36 2
5715 2 51 2
5716 4 46 4
5717 2 42 2
5718 6 77 5
5719 2 14 2
5720 2 51 2
5721 2 35 2
5722 2 21 2
5723 3 66 3
5724 4 124 4
5725 2 20 2
5726 9 389 8
5727 3 29 3
5728 4 48 4
5729 2 67 2
5730 2 26 2
5731 2 13 2
5732 2 12 2
5733 2 17 2
5734 2 77 2
5735 3 67 3
5736 2 41 2
5737 4 50 4
5738 4 60 4
5739 2 12 2
5740 2 50 2
5741 3 80 3
5742 6 628 6
5743 3 55 3
5744 2 28 2
5745 8 358 7
5746 2 13 2
5747 2 17 2
5748 2 36 2
5749 2 19 2
5750 2 22 2
5751 3 25 3
5752 4 94 4
5753 2 11 2
5754 2 15 2
5755 2 14 2
5756 2 23 2
5757 3 29 3
5758 2 15 2
5759 2 14 2
5760 5 86 5
5761 2 19 2
5762 3 29 3
5763 2 17 2
5764 3 48 3
5765 3 43 3
5766 2 10 2
5767 2 52 2
5768 5 99 5
5769 2 42 2
5770 2 31 2
5771 2 15 2
5772 2 17 2
5773 2 90 2
5774 2 17 2
5775 2 66 2
5776 3 47 3
5777 6 142 5
5778 2 13 2
5779 2 20 2
5780 6 82 5
5781 3 23 3
5782 3 74 3
5783 2 26 2
5784 2 36 2
5785 2 49 2
5786 6 245 6
5787 2 26 2
5788 4 125 4
5789 3 37 3
5790 3 187 3
5791 2 27 2
5792 2 17 2
5793 6 197 6
5794 3 38 3
5795 3 34 3
5796 3 74 3
5797 7 134 7
5798 4 86 4
5799 5 261 5
5800 2 13 2
5801 2 13 2
5802 2 17 2
5803 3 21 3
5804 2 19 2
5805 2 12 2
5806 2 29 2
5807 2 16 2
5808 3 24 3
5809 3 43 3
5810 4 58 4
5811 2 23 2
5812 2 18 2
5813 2 18 2
5814 2 39 2
5815 3 25 3
5816 7 177 6
5817 2 15 2
5818 2 23 2
5819 2 30 2
5820 2 25 2
5821 2 28 2
5822 2 16 2
5823 3 75 3
5824 2 107 2
5825 2 20 2
5826 4 138 4
5827 2 20 2
5828 2 16 2
5829 2 33 2
5830 2 20 2
5831 3 67 3
5832 2 24 2
5833 7 195 6
5834 4 180 4
5835 4 38 4
5836 2 23 2
5837 2 21 2
5838 2 47 2
5839 2 31 2
5840 2 27 2
5841 3 37 3
5842 2 17 2
5843 2 36 2
5844 2 34 2
5845 3 23 3
5846 4 233 4
5847 2 30 2
5848 5 156 5
5849 2 13 2
5850 3 25 3
5851 3 37 3
5852 7 254 7
5853 2 14 2
5854 2 18 2
5855 2 15 2
5856 2 21 2
5857 2 16 2
5858 4 112 4
5859 4 73 4
5860 6 289 6
5861 2 16 2
5862 3 83 3
5863 2 35 2
5864 3 47 3
5865 3 26 3
5866 2 30 2
5867 2 21 2
5868 2 14 2
5869 2 13 2
5870 2 54 2
5871 3 58 3
5872 2 28 2
5873 2 24 2
5874 2 29 2
5875 3 69 3
5876 2 39 2
5877 2 13 2
5878 2 18 2
5879 2 32 2
5880 2 25 2
5881 3 71 3
5882 2 15 2
5883 2 100 2
5884 2 70 2
5885 2 34 2
5886 4 113 4
5887 2 23 2
5888 2 10 2
5889 10 269 8
5890 2 20 2
5891 2 27 2
5892 2 15 2
5893 4 80 4
5894 2 14 2
5895 4 91 4
5896 2 10 2
5897 2 16 2
5898 2 22 2
5899 2 15 2
5900 10 285 8
5901 2 28 2
5902 2 11 2
5903 2 23 2
5904 6 609 6
5905 7 239 6
5906 2 28 2
5907 2 11 2
5908 3 29 3
5909 3 31 3
5910 2 25 2
5911 3 41 3
5912 5 81 5
5913 2 21 2
5914 2 14 2
5915 3 61 3
5916 4 258 4
5917 3 95 3
5918 2 14 2
5919 3 41 3
5920 2 13 2
5921 2 16 2
5922 3 28 3
5923 3 45 3
5924 2 36 2
5925 3 30 3
5926 2 24 2
5927 2 24 2
5928 2 36 2
5929 3 42 3
5930 7 230 6
5931 3 52 3
5932 2 29 2
5933 2 31 2
5934 4 125 4
5935 3 166 3
5936 2 11 2
5937 2 68 2
5938 3 44 3
5939 2 28 2
5940 2 14 2
5941 2 22 2
5942 2 27 2
5943 2 76 2
5944 3 60 3
5945 2 119 2
5946 3 39 3
5947 5 76 5
5948 2 13 2
5949 3 22 3
5950 2 11 2
5951 2 17 2
5952 2 15 2
5953 2 18 2
5954 3 242 3
5955 2 29 2
5956 2 51 2
5957 4 84 4
5958 3 16 3
5959 3 30 3
5960 2 57 2
5961 3 28 3
5962 2 45 2
5963 2 22 2
5964 2 22 2
5965 2 33 2
5966 4 121 4
5967 4 95 4
5968 2 11 2
5969 3 22 3
5970 2 18 2
5971 2 44 2
5972 2 20 2
5973 3 46 3
5974 2 67 2
5975 7 172 5
5976 3 31 3
5977 3 133 3
5978 3 47 3
5979 2 17 2
5980 2 40 2
5981 2 23 2
5982 2 18 2
5983 3 26 3
5984 2 43 2
5985 2 12 2
5986 2 15 2
5987 2 12 2
5988 4 244 4
5989 2 20 2
5990 3 62 3
5991 2 10 2
5992 2 28 2
5993 4 228 4
5994 2 14 2
5995 2 25 2
5996 3 63 3
5997 2 27 2
5998 2 26 2
5999 3 22 3
6000 2 23 2
6001 2 21 2
6002 2 21 2
6003 4 87 4
6004 6 251 6
6005 7 293 6
6006 8 223 6
6007 4 33 4
6008 2 21 2
6009 3 42 3
6010 3 39 3
6011 6 152 6
6012 3 29 3
6013 2 16 2
6014 2 20 2
6015 5 57 5
6016 2 18 2
6017 2 45 2
6018 5 95 5
6019 6 146 5
6020 2 11 2
6021 2 28 2
6022 2 25 2
6023 4 34 4
6024 2 20 2
6025 2 26 2
6026 3 31 3
6027 4 36 4
6028 2 35 2
6029 2 15 2
6030 2 16 2
6031 2 23 2
6032 2 44 2
6033 2 32 2
6034 9 769 8
6035 2 10 2
6036 3 105 3
6037 2 13 2
6038 4 118 4
6039 3 73 3
6040 2 15 2
6041 2 16 2
6042 2 21 2
6043 11 616 8
6044 2 15 2
6045 2 13 2
6046 5 80 5
6047 2 25 2
6048 3 40 3
6049 2 28 2
6050 3 50 3
6051 3 146 3
6052 2 11 2
6053 2 100 2
6054 2 42 2
6055 2 50 2
6056 2 25 2
6057 2 23 2
6058 4 62 4
6059 2 19 2
6060 3 19 3
6061 4 80 4
6062 4 141 4
6063 2 22 2
6064 5 136 5
6065 4 142 4
6066 2 21 2
6067 2 25 2
6068 3 34 3
6069 2 17 2
6070 2 32 2
6071 2 34 2
6072 6 71 5
6073 2 32 2
6074 3 75 3
6075 2 59 2
6076 2 14 2
6077 2 48 2
6078 2 15 2
6079 2 47 2
6080 2 38 2
6081 3 53 3
6082 2 15 2
6083 3 19 3
6084 4 52 4
6085 3 22 3
6086 5 199 5
6087 2 33 2
6088 2 11 2
6089 5 121 5
6090 2 21 2
6091 2 35 2
6092 2 41 2
6093 2 11 2
6094 2 25 2
6095 4 98 4
6096 2 12 2
6097 2 34 2
6098 8 127 6
6099 2 18 2
6100 5 91 5
6101 3 20 3
6102 3 19 3
6103 2 30 2
6104 2 40 2
6105 2 38 2
6106 2 12 2
6107 7 130 6
6108 2 15 2
6109 2 32 2
6110 2 37 2
6111 2 15 2
6112 4 69 4
6113 2 122 2
6114 2 15 2
6115 2 21 2
6116 2 26 2
6117 2 13 2
6118 2 17 2
6119 3 186 3
6120 2 16 2
6121 3 55 3
6122 5 88 5
6123 2 39 2
6124 2 19 2
6125 2 35 2
6126 3 113 3
6127 2 44 2
6128 2 29 2
6129 2 28 2
6130 4 80 4
6131 3 22 3
6132 2 20 2
6133 2 13 2
6134 2 33 2
6135 4 46 4
6136 5 116 5
6137 2 18 2
6138 3 18 3
6139 7 254 7
6140 2 259 2
6141 2 37 2
6142 2 17 2
6143 2 32 2
6144 3 47 3
6145 6 135 6
6146 2 18 2
6147 2 15 2
6148 3 36 3
6149 4 87 4
6150 2 49 2
6151 3 36 3
6152 3 33 3
6153 2 16 2
6154 2 82 2
6155 3 29 3
6156 3 28 3
6157 2 11 2
6158 6 147 6
6159 4 81 4
6160 3 23 3
6161 2 19 2
6162 2 61 2
6163 4 38 4
6164 3 78 3
6165 2 18 2
6166 2 17 2
6167 2 15 2
6168 2 11 2
6169 2 20 2
6170 2 30 2
6171 2 18 2
6172 3 27 3
6173 2 16 2
6174 5 79 5
6175 2 25 2
6176 3 27 3
6177 3 25 3
6178 2 18 2
6179 2 30 2
6180 2 41 2
6181 6 161 5
6182 4 57 4
6183 2 20 2
6184 7 185 6
6185 3 63 3
6186 4 101 4
6187 2 77 2
6188 2 29 2
6189 2 24 2
6190 2 23 2
6191 2 32 2
6192 2 10 2
6193 2 11 2
6194 2 32 2
6195 2 38 2
6196 2 26 2
6197 5 102 5
6198 2 18 2
6199 7 172 6
6200 2 13 2
6201 5 506 5
6202 5 116 5
6203 5 130 5
6204 3 41 3
6205 2 49 2
6206 2 16 2
6207 4 150 4
6208 2 13 2
6209 2 18 2
6210 2 65 2
6211 4 84 4
6212 3 65 3
6213 2 18 2
6214 2 21 2
6215 2 18 2
6216 2 22 2
6217 4 111 4
6218 4 55 4
6219 2 22 2
6220 2 21 2
6221 3 38 3
6222 2 34 2
6223 2 76 2
6224 3 37 3
6225 2 34 2
6226 2 18 2
6227 2 29 2
6228 3 44 3
6229 3 23 3
6230 2 13 2
6231 2 16 2
6232 2 27 2
6233 4 68 4
6234 2 34 2
6235 2 28 2
6236 2 19 2
6237 2 20 2
6238 2 28 2
6239 2 28 2
6240 4 143 4
6241 2 27 2
6242 3 38 3
6243 11 694 10
6244 12 309 9
6245 2 40 2
6246 2 17 2
6247 3 25 3
6248 2 48 2
6249 2 30 2
6250 4 46 4
6251 2 15 2
6252 2 28 2
6253 2 12 2
6254 2 13 2
6255 7 313 5
6256 2 11 2
6257 2 16 2
6258 7 277 6
6259 2 40 2
6260 2 64 2
6261 3 22 3
6262 3 77 3
6263 2 40 2
6264 2 11 2
6265 2 33 2
6266 2 16 2
6267 3 19 3
6268 5 121 5
6269 3 53 3
6270 3 33 3
6271 2 182 2
6272 2 23 2
6273 2 23 2
6274 4 69 4
6275 4 48 4
6276 2 21 2
6277 2 13 2
6278 2 20 2
6279 2 35 2
6280 2 12 2
6281 5 236 5
6282 2 16 2
6283 4 102 4
6284 3 44 3
6285 4 26 4
6286 3 74 3
6287 2 19 2
6288 2 20 2
6289 7 295 6
6290 3 43 3
6291 2 23 2
6292 3 20 3
6293 3 28 3
6294 2 91 2
6295 2 29 2
6296 3 35 3
6297 3 133 3
6298 2 21 2
6299 7 200 5
6300 2 21 2
6301 4 121 4
6302 3 31 3
6303 2 18 2
6304 2 47 2
6305 2 45 2
6306 2 12 2
6307 3 51 3
6308 3 41 3
6309 5 128 5
6310 2 23 2
6311 4 126 4
6312 2 24 2
6313 2 27 2
6314 4 76 4
6315 2 14 2
6316 2 19 2
6317 2 16 2
6318 7 222 6
6319 2 17 2
6320 2 20 2
6321 2 16 2
6322 4 111 4
6323 4 224 4
6324 2 25 2
6325 3 125 3
6326 2 26 2
6327 3 61 3
6328 3 31 3
6329 5 105 5
6330 2 44 2
6331 4 92 4
6332 2 12 2
6333 2 24 2
6334 2 20 2
6335 2 39 2
6336 3 75 3
6337 5 166 5
6338 3 25 3
6339 2 15 2
6340 2 20 2
6341 2 64 2
6342 2 10 2
6343 2 60 2
6344 2 18 2
6345 2 23 2
6346 2 28 2
6347 2 34 2
6348 3 51 3
6349 2 13 2
6350 3 22 3
6351 2 11 2
6352 7 209 6
6353 4 127 4
6354 5 42 5
6355 7 204 6
6356 2 23 2
6357 2 10 2
6358 5 89 5
6359 2 19 2
6360 4 90 4
6361 2 16 2
6362 4 56 4
6363 6 174 6
6364 2 47 2
6365 2 19 2
6366 2 15 2
6367 3 24 3
6368 2 15 2
6369 2 15 2
6370 5 109 5
6371 3 21 3
6372 3 25 3
6373 2 15 2
6374 2 18 2
6375 5 104 5
6376 5 68 5
6377 4 136 4
6378 3 76 3
6379 2 22 2
6380 2 19 2
6381 5 235 5
6382 2 23 2
6383 2 22 2
6384 2 20 2
6385 8 104 6
6386 3 49 3
6387 2 18 2
6388 2 35 2
6389 4 110 4
6390 2 38 2
6391 2 16 2
6392 2 28 2
6393 2 25 2
6394 6 122 6
6395 3 32 3
6396 2 44 2
6397 3 27 3
6398 2 16 2
6399 2 38 2
6400 2 23 2
6401 2 32 2
6402 2 19 2
6403 4 44 4
6404 2 25 2
6405 2 24 2
6406 2 16 2
6407 6 251 5
6408 9 222 7
6409 3 24 3
6410 2 21 2
6411 2 20 2
6412 2 22 2
6413 9 455 8
6414 2 31 2
6415 2 35 2
6416 3 34 3
6417 3 32 3
6418 3 87 3
6419 3 17 3
6420 3 91 3
6421 2 67 2
6422 4 181 4
6423 2 48 2
6424 2 26 2
6425 2 23 2
6426 3 26 3
6427 2 17 2
6428 4 79 4
6429 2 42 2
6430 2 18 2
6431 2 16 2
6432 3 25 3
6433 2 21 2
6434 3 165 3
6435 2 16 2
6436 2 12 2
6437 2 75 2
6438 2 22 2
6439 2 28 2
6440 2 35 2
6441 2 27 2
6442 2 26 2
6443 3 41 3
6444 4 87 4
6445 4 108 4
6446 3 66 3
6447 3 46 3
6448 2 15 2
6449 3 46 3
6450 3 36 3
6451 3 32 3
6452 4 80 4
6453 2 35 2
6454 2 19 2
6455 2 12 2
6456 3 34 3
6457 2 16 2
6458 2 13 2
6459 2 20 2
6460 2 24 2
6461 3 45 3
6462 5 203 5
6463 5 73 5
6464 2 51 2
6465 7 229 6
6466 2 10 2
6467 4 191 4
6468 2 11 2
6469 2 13 2
6470 2 24 2
6471 3 108 3
6472 3 23 3
6473 2 11 2
6474 6 142 6
6475 2 19 2
6476 2 29 2
6477 2 20 2
6478 3 39 3
6479 4 189 4
6480 2 61 2
6481 2 22 2
6482 2 28 2
6483 2 40 2
6484 8 153 6
6485 2 15 2
6486 2 16 2
6487 4 84 4
6488 3 24 3
6489 2 12 2
6490 2 26 2
6491 3 48 3
6492 3 18 3
6493 2 32 2
6494 5 134 5
6495 2 20 2
6496 3 19 3
6497 5 131 5
6498 3 43 3
6499 2 24 2
6500 4 167 4
6501 4 116 4
6502 3 78 3
6503 2 32 2
6504 4 196 4
6505 2 22 2
6506 4 74 4
6507 3 79 3
6508 2 23 2
6509 2 17 2
6510 4 92 4
6511 4 67 4
6512 2 19 2
6513 2 45 2
6514 2 12 2
6515 3 56 3
6516 2 32 2
6517 4 132 4
6518 2 18 2
6519 2 12 2
6520 2 30 2
6521 3 39 3
6522 2 21 2
6523 2 15 2
6524 3 75 3
6525 2 15 2
6526 2 11 2
6527 2 15 2
6528 6 130 5
6529 3 44 3
6530 2 29 2
6531 2 12 2
6532 3 42 3
6533 2 75 2
6534 3 30 3
6535 2 72 2
6536 2 27 2
6537 2 14 2
6538 3 45 3
6539 7 115 6
6540 2 83 2
6541 3 20 3
6542 3 51 3
6543 2 12 2
6544 2 30 2
6545 2 14 2
6546 2 55 2
6547 2 17 2
6548 3 34 3
6549 2 13 2
6550 3 64 3
6551 2 17 2
6552 4 52 4
6553 2 20 2
6554 2 22 2
6555 7 196 7
6556 3 50 3
6557 2 23 2
6558 3 28 3
6559 2 34 2
6560 2 27 2
6561 3 23 3
6562 3 31 3
6563 3 49 3
6564 3 21 3
6565 2 19 2
6566 3 27 3
6567 3 33 3
6568 2 12 2
6569 2 38 2
6570 3 21 3
6571 2 63 2
6572 2 17 2
6573 4 95 4
6574 2 33 2
6575 2 19 2
6576 2 36 2
6577 2 20 2
6578 2 12 2
6579 3 30 3
6580 2 75 2
6581 2 32 2
6582 2 35 2
6583 4 71 4
6584 2 19 2
6585 2 15 2
6586 2 31 2
6587 2 20 2
6588 2 26 2
6589 2 19 2
6590 3 29 3
6591 3 62 3
6592 2 31 2
6593 3 60 3
6594 2 43 2
6595 2 24 2
6596 2 42 2
6597 3 119 3
6598 2 49 2
6599 5 73 5
6600 2 12 2
6601 2 50 2
6602 2 11 2
6603 2 53 2
6604 2 15 2
6605 2 11 2
6606 3 20 3
6607 3 29 3
6608 3 100 3
6609 2 26 2
6610 2 20 2
6611 3 49 3
6612 2 34 2
6613 2 20 2
6614 3 27 3
6615 3 58 3
6616 3 16 3
6617 2 20 2
6618 3 26 3
6619 2 14 2
6620 2 95 2
6621 3 50 3
6622 2 25 2
6623 2 14 2
6624 3 45 3
6625 2 69 2
6626 2 55 2
6627 2 22 2
6628 5 118 5
6629 3 73 3
6630 2 12 2
6631 2 11 2
6632 2 13 2
6633 2 23 2
6634 2 21 2
6635 3 55 3
6636 3 68 3
6637 8 297 7
6638 3 51 3
6639 2 42 2
6640 3 39 3
6641 7 261 6
6642 4 96 4
6643 2 16 2
6644 2 19 2
6645 2 21 2
6646 2 12 2
6647 4 84 4
6648 3 32 3
6649 2 24 2
6650 3 55 3
6651 2 11 2
6652 2 18 2
6653 3 54 3
6654 2 14 2
6655 3 69 3
6656 2 18 2
6657 3 40 3
6658 2 43 2
6659 2 21 2
6660 3 56 3
6661 2 29 2
6662 4 54 4
6663 4 81 4
6664 2 29 2
6665 3 24 3
6666 2 11 2
6667 2 19 2
6668 2 29 2
6669 2 12 2
6670 2 13 2
6671 2 19 2
6672 2 39 2
6673 3 62 3
6674 2 22 2
6675 2 43 2
6676 2 21 2
6677 2 16 2
6678 4 73 4
6679 2 36 2
6680 5 53 5
6681 2 39 2
6682 2 23 2
6683 4 79 4
6684 2 24 2
6685 2 25 2
6686 13 680 8
6687 3 30 3
6688 2 17 2
6689 4 27 4
6690 2 72 2
6691 2 35 2
6692 2 30 2
6693 2 24 2
6694 2 17 2
6695 2 25 2
6696 7 168 6
6697 3 23 3
6698 3 28 3
6699 2 25 2
6700 2 20 2
6701 3 17 3
6702 3 113 3
6703 3 38 3
6704 2 45 2
6705 4 173 4
6706 2 50 2
6707 2 11 2
6708 2 24 2
6709 2 31 2
6710 2 16 2
6711 2 41 2
6712 2 31 2
6713 2 22 2
6714 2 40 2
6715 2 22 2
6716 4 48 4
6717 2 16 2
6718 2 10 2
6719 2 27 2
6720 3 37 3
6721 2 10 2
6722 2 31 2
6723 4 39 4
6724 3 54 3
6725 9 349 7
6726 2 12 2
6727 2 26 2
6728 2 61 2
6729 5 89 5
6730 2 24 2
6731 6 160 6
6732 2 22 2
6733 2 11 2
6734 2 50 2
6735 3 48 3
6736 2 35 2
6737 2 13 2
6738 2 13 2
6739 2 12 2
6740 2 12 2
6741 2 35 2
6742 3 26 3
6743 2 22 2
6744 4 119 4
6745 3 56 3
6746 2 17 2
6747 3 31 3
6748 2 16 2
6749 3 19 3
6750 2 28 2
6751 7 240 7
6752 4 67 4
6753 2 16 2
6754 2 31 2
6755 2 19 2
6756 3 41 3
6757 3 45 3
6758 2 22 2
6759 2 11 2
6760 2 30 2
6761 3 35 3
6762 8 213 7
6763 4 276 4
6764 2 66 2
6765 8 140 6
6766 2 26 2
6767 2 17 2
6768 2 16 2
6769 2 15 2
6770 2 70 2
6771 2 53 2
6772 2 16 2
6773 2 16 2
6774 2 47 2
6775 3 29 3
6776 3 75 3
6777 6 463 6
6778 2 24 2
6779 4 39 4
6780 3 24 3
6781 5 112 5
6782 2 38 2
6783 6 184 6
6784 2 19 2
6785 2 19 2
6786 4 133 4
6787 3 62 3
6788 2 19 2
6789 5 107 5
6790 4 263 4
6791 2 15 2
6792 2 16 2
6793 2 24 2
6794 2 38 2
6795 2 30 2
6796 2 18 2
6797 2 13 2
6798 2 62 2
6799 2 26 2
6800 2 21 2
6801 2 52 2
6802 2 48 2
6803 2 18 2
6804 2 17 2
6805 3 35 3
6806 3 25 3
6807 3 135 3
6808 2 21 2
6809 2 24 2
6810 2 15 2
6811 2 37 2
6812 2 132 2
6813 3 48 3
6814 4 70 4
6815 2 14 2
6816 2 118 2
6817 3 110 3
6818 2 17 2
6819 2 14 2
6820 2 22 2
6821 5 198 5
6822 2 30 2
6823 4 57 4
6824 2 21 2
6825 2 21 2
6826 3 34 3
6827 2 14 2
6828 2 27 2
6829 2 22 2
6830 2 14 2
6831 2 20 2
6832 2 10 2
6833 2 15 2
6834 2 37 2
6835 3 48 3
6836 2 13 2
6837 3 111 3
6838 3 65 3
6839 3 102 3
6840 3 147 3
6841 2 40 2
6842 2 13 2
6843 2 34 2
6844 2 15 2
6845 2 16 2
6846 3 37 3
6847 2 23 2
6848 2 16 2
6849 2 18 2
6850 2 13 2
6851 2 19 2
6852 2 13 2
6853 5 676 5
6854 2 16 2
6855 3 32 3
6856 4 215 4
6857 2 17 2
6858 2 31 2
6859 2 79 2
6860 3 30 3
6861 2 22 2
6862 2 24 2
6863 2 20 2
6864 2 19 2
6865 2 24 2
6866 2 12 2
6867 2 16 2
6868 2 18 2
6869 3 74 3
6870 2 10 2
6871 2 22 2
6872 2 10 2
6873 3 46 3
6874 2 18 2
6875 2 16 2
6876 2 83 2
6877 2 15 2
6878 3 50 3
6879 2 13 2
6880 2 20 2
6881 3 24 3
6882 2 12 2
6883 2 18 2
6884 2 18 2
6885 2 12 2
6886 3 40 3
6887 2 16 2
6888 2 17 2
6889 2 29 2
6890 2 15 2
6891 2 21 2
6892 6 209 6
6893 2 13 2
6894 2 29 2
6895 2 19 2
6896 2 15 2
6897 3 45 3
6898 2 32 2
6899 3 61 3
6900 2 20 2
6901 4 51 4
6902 2 32 2
6903 3 36 3
6904 2 25 2
6905 3 63 3
6906 4 44 4
6907 2 13 2
6908 5 167 5
6909 2 15 2
6910 2 28 2
6911 4 25 4
6912 2 30 2
6913 4 104 4
6914 2 50 2
6915 4 94 4
6916 2 41 2
6917 2 40 2
6918 6 282 6
6919 2 47 2
6920 5 66 5
6921 2 36 2
6922 2 15 2
6923 2 23 2
6924 6 115 5
6925 2 16 2
6926 2 17 2
6927 2 23 2
6928 4 70 4
6929 2 14 2
6930 2 12 2
6931 2 63 2
6932 2 10 2
6933 3 54 3
6934 2 20 2
6935 2 13 2
6936 3 27 3
6937 3 28 3
6938 2 15 2
6939 2 10 2
6940 3 98 3
6941 3 21 3
6942 3 27 3
6943 6 723 6
6944 3 44 3
6945 3 27 3
6946 2 19 2
6947 2 36 2
6948 3 74 3
6949 2 18 2
6950 2 15 2
6951 2 15 2
6952 5 140 5
6953 3 26 3
6954 2 15 2
6955 2 22 2
6956 3 58 3
6957 3 48 3
6958 9 372 8
6959 2 34 2
6960 2 17 2
6961 2 16 2
6962 2 56 2
6963 2 27 2
6964 3 18 3
6965 2 15 2
6966 2 25 2
6967 2 15 2
6968 2 27 2
6969 5 161 5
6970 2 15 2
6971 5 157 5
6972 3 88 3
6973 2 54 2
6974 2 11 2
6975 2 13 2
6976 2 39 2
6977 2 10 2
6978 2 17 2
6979 5 193 5
6980 3 89 3
6981 3 45 3
6982 3 73 3
6983 2 17 2
6984 8 208 7
6985 3 20 3
6986 2 28 2
6987 2 23 2
6988 2 31 2
6989 2 13 2
6990 2 24 2
6991 4 64 4
6992 2 13 2
6993 2 52 2
6994 2 18 2
6995 2 13 2
6996 2 23 2
6997 2 27 2
6998 4 32 4
6999 3 28 3
7000 2 34 2
7001 2 14 2
7002 2 16 2
7003 2 17 2
7004 3 172 3
7005 2 40 2
7006 3 26 3
7007 3 36 3
7008 4 42 4
7009 2 16 2
7010 4 51 4
7011 3 37 3
7012 2 23 2
7013 3 59 3
7014 2 20 2
7015 3 42 3
7016 3 31 3
7017 2 19 2
7018 2 11 2
7019 3 42 3
7020 6 121 5
7021 2 181 2
7022 2 14 2
7023 5 69 5
7024 7 90 7
7025 2 12 2
7026 2 28 2
7027 2 62 2
7028 3 31 3
7029 5 86 5
7030 3 45 3
7031 3 85 3
7032 5 131 5
7033 3 49 3
7034 2 12 2
7035 2 21 2
7036 2 19 2
7037 2 11 2
7038 3 90 3
7039 5 214 5
7040 2 10 2
7041 2 27 2
7042 2 15 2
7043 2 28 2
7044 3 24 3
7045 4 77 4
7046 2 42 2
7047 2 55 2
7048 3 26 3
7049 2 25 2
7050 3 69 3
7051 3 30 3
7052 2 32 2
7053 4 40 4
7054 2 13 2
7055 3 55 3
7056 4 30 4
7057 3 87 3
7058 3 56 3
7059 2 20 2
7060 3 41 3
7061 2 63 2
7062 4 223 4
7063 4 61 4
7064 2 20 2
7065 2 34 2
7066 3 71 3
7067 2 75 2
7068 2 12 2
7069 2 26 2
7070 3 34 3
7071 3 39 3
7072 2 15 2
7073 5 139 5
7074 2 18 2
7075 3 21 3
7076 4 90 4
7077 5 84 5
7078 2 17 2
7079 3 39 3
7080 2 13 2
7081 2 34 2
7082 2 19 2
7083 2 20 2
7084 2 14 2
7085 3 150 3
7086 7 161 5
7087 2 16 2
7088 6 138 5
7089 2 24 2
7090 2 53 2
7091 2 25 2
7092 2 18 2
7093 2 27 2
7094 2 16 2
7095 2 25 2
7096 2 50 2
7097 2 27 2
7098 2 32 2
7099 2 26 2
7100 2 42 2
7101 4 86 4
7102 3 34 3
7103 3 49 3
7104 2 18 2
7105 2 14 2
7106 2 91 2
7107 2 14 2
7108 3 38 3
7109 4 150 4
7110 5 179 5
7111 4 123 4
7112 3 29 3
7113 2 12 2
7114 7 262 6
7115 3 23 3
7116 2 39 2
7117 6 152 6
7118 2 12 2
7119 2 29 2
7120 3 49 3
7121 4 43 4
7122 3 38 3
7123 2 22 2
7124 3 41 3
7125 2 32 2
7126 3 108 3
7127 2 16 2
7128 4 50 4
7129 3 157 3
7130 2 42 2
7131 2 17 2
7132 2 16 2
7133 2 14 2
7134 2 44 2
7135 3 64 3
7136 3 41 3
7137 2 18 2
7138 2 27 2
7139 2 50 2
7140 2 11 2
7141 2 14 2
7142 2 53 2
7143 2 19 2
7144 2 17 2
7145 3 81 3
7146 2 31 2
7147 3 38 3
7148 2 14 2
7149 2 24 2
7150 3 30 3
7151 4 86 4
7152 2 19 2
7153 2 18 2
7154 2 21 2
7155 5 109 5
7156 2 25 2
7157 4 131 4
7158 2 13 2
7159 2 41 2
7160 3 39 3
7161 2 23 2
7162 2 12 2
7163 5 80 5
7164 8 204 7
7165 2 24 2
7166 2 17 2
7167 2 17 2
7168 2 29 2
7169 4 50 4
7170 2 46 2
7171 2 27 2
7172 3 36 3
7173 2 16 2
7174 6 268 5
7175 3 18 3
7176 2 14 2
7177 4 42 4
7178 2 52 2
7179 2 36 2
7180 2 23 2
7181 2 16 2
7182 2 11 2
7183 2 14 2
7184 2 12 2
7185 5 78 5
7186 5 181 5
7187 5 161 5
7188 7 264 6
7189 2 12 2
7190 2 18 2
7191 2 30 2
7192 5 197 5
7193 3 49 3
7194 2 11 2
7195 3 18 3
7196 2 21 2
7197 2 13 2
7198 2 22 2
7199 4 48 4
7200 2 15 2
7201 2 14 2
7202 2 12 2
7203 2 18 2
7204 2 33 2
7205 7 180 6
7206 2 27 2
7207 2 31 2
7208 2 18 2
7209 4 49 4
7210 2 11 2
7211 2 44 2
7212 2 25 2
7213 4 70 4
7214 3 32 3
7215 3 36 3
7216 2 20 2
7217 2 21 2
7218 2 15 2
7219 2 13 2
7220 3 40 3
7221 2 29 2
7222 2 19 2
7223 4 350 4
7224 2 30 2
7225 2 13 2
7226 2 20 2
7227 2 12 2
7228 2 33 2
7229 4 49 4
7230 2 49 2
7231 3 147 3
7232 2 33 2
7233 2 24 2
7234 4 44 4
7235 2 16 2
7236 4 98 4
7237 2 17 2
7238 2 31 2
7239 2 13 2
7240 2 18 2
7241 3 53 3
7242 2 22 2
7243 3 103 3
7244 2 50 2
7245 2 153 2
7246 3 139 3
7247 2 33 2
7248 3 25 3
7249 3 71 3
7250 2 47 2
7251 2 13 2
7252 2 17 2
7253 2 31 2
7254 2 29 2
7255 2 18 2
7256 6 266 6
7257 3 130 3
7258 4 99 4
7259 2 10 2
7260 4 224 4
7261 4 75 4
7262 2 10 2
7263 6 79 5
7264 2 42 2
7265 2 13 2
7266 4 96 4
7267 2 27 2
7268 2 16 2
7269 2 14 2
7270 2 53 2
7271 6 128 5
7272 2 17 2
7273 2 132 2
7274 2 46 2
7275 2 17 2
7276 2 16 2
7277 2 28 2
7278 3 66 3
7279 5 229 5
7280 3 34 3
7281 2 32 2
7282 2 27 2
7283 2 16 2
7284 8 448 8
7285 5 118 5
7286 4 42 4
7287 2 23 2
7288 4 55 4
7289 2 17 2
7290 2 15 2
7291 3 101 3
7292 2 21 2
7293 3 34 3
7294 2 31 2
7295 2 21 2
7296 2 11 2
7297 5 130 5
7298 2 43 2
7299 3 20 3
7300 2 41 2
7301 2 24 2
7302 3 39 3
7303 2 19 2
7304 2 10 2
7305 2 13 2
7306 9 267 8
7307 2 46 2
7308 4 76 4
7309 3 17 3
7310 2 12 2
7311 2 33 2
7312 2 16 2
7313 3 64 3
7314 7 173 6
7315 4 110 4
7316 2 26 2
7317 2 17 2
7318 2 68 2
7319 2 11 2
7320 3 40 3
7321 2 27 2
7322 2 114 2
7323 2 17 2
7324 5 125 5
7325 2 12 2
7326 2 15 2
7327 2 11 2
7328 5 182 5
7329 7 503 7
7330 2 15 2
7331 3 23 3
7332 2 21 2
7333 2 22 2
7334 2 12 2
7335 2 24 2
7336 2 22 2
7337 2 13 2
7338 2 22 2
7339 2 41 2
7340 6 166 6
7341 3 35 3
7342 2 27 2
7343 4 77 4
7344 3 40 3
7345 6 115 6
7346 2 19 2
7347 5 160 5
7348 6 381 6
7349 2 26 2
7350 2 56 2
7351 5 66 5
7352 3 93 3
7353 5 150 5
7354 3 68 3
7355 11 189 8
7356 2 39 2
7357 3 40 3
7358 2 26 2
7359 2 12 2
7360 2 35 2
7361 3 151 3
7362 2 16 2
7363 2 10 2
7364 2 12 2
7365 8 308 7
7366 4 40 4
7367 2 16 2
7368 6 331 6
7369 4 47 4
7370 2 13 2
7371 2 20 2
7372 3 99 3
7373 4 192 4
7374 2 14 2
7375 3 39 3
7376 2 15 2
7377 2 48 2
7378 2 44 2
7379 2 28 2
7380 2 17 2
7381 2 37 2
7382 2 13 2
7383 2 30 2
7384 3 42 3
7385 2 15 2
7386 3 54 3
7387 4 71 4
7388 2 16 2
7389 2 26 2
7390 3 80 3
7391 3 45 3
7392 2 15 2
7393 3 71 3
7394 2 17 2
7395 6 217 5
7396 2 63 2
7397 2 15 2
7398 2 23 2
7399 6 316 6
7400 2 28 2
7401 3 72 3
7402 2 12 2
7403 2 18 2
7404 2 20 2
7405 3 98 3
7406 2 42 2
7407 4 90 4
7408 2 29 2
7409 3 120 3
7410 5 233 5
7411 2 11 2
7412 3 75 3
7413 3 72 3
7414 2 12 2
7415 5 76 5
7416 2 17 2
7417 2 42 2
7418 2 87 2
7419 3 38 3
7420 2 16 2
7421 5 62 5
7422 2 97 2
7423 4 125 4
7424 2 20 2
7425 2 26 2
7426 4 46 4
7427 2 10 2
7428 3 21 3
7429 2 18 2
7430 2 29 2
7431 2 14 2
7432 3 44 3
7433 2 49 2
7434 2 19 2
7435 2 31 2
7436 2 31 2
7437 11 727 8