12 15 557 10
66 3 74 3
1747 9 98 7
72 7 123 7
88 87 3089 30
79 3 30 3
973 15 276 7
19 7 181 6
117 11 592 9
538 2 16 2
556 5 61 5
1241 5 106 5
240 6 68 6
487 3 19 3
1768 3 38 3
1825 3 38 3
327 3 40 3
201 4 135 4
1075 2 29 2
233 6 106 5
32 4 115 4
147 9 167 7
50 4 154 4
313 3 47 3
4 11 289 8
57 25 501 12
161 5 95 5
106 6 185 6
3300 2 77 2
141 20 359 12
357 2 23 2
358 3 26 3
64 4 69 4
82 4 40 4
193 6 134 5
213 3 37 3
180 13 908 9
129 3 49 3
284 13 140 7
271 4 94 4
340 2 22 2
118 5 82 5
259 5 222 5
335 2 21 2
320 8 106 6
344 25 582 15
33 3 53 3
345 2 30 2
221 15 406 12
346 2 22 2
210 4 88 4
347 8 236 7
63 18 287 9
48 3 19 3
314 2 23 2
348 4 35 4
264 2 12 2
84 3 90 3
309 4 76 4
349 3 85 3
280 4 32 4
350 9 131 6
351 2 25 2
352 4 44 4
267 3 51 3
270 8 104 6
159 2 29 2
353 3 52 3
229 24 847 16
354 25 490 13
355 3 86 3
23 6 138 5
296 5 111 5
356 16 300 9
295 4 36 4
359 6 159 6
69 9 139 6
360 2 24 2
76 4 44 4
257 4 50 4
217 40 2242 24
263 4 58 4
258 3 39 3
361 25 681 14
25 4 46 4
310 5 108 5
362 2 23 2
336 8 115 7
150 5 74 5
279 38 1484 20
1439 3 58 3
1773 12 224 8
1296 4 64 4
981 2 25 2
248 4 94 4
102 14 170 7
134 10 126 6
1774 3 26 3
1775 6 62 5
1769 2 24 2
648 5 100 5
1770 3 33 3
1771 19 972 12
1295 3 22 3
1772 8 94 5
26 2 102 2
987 7 135 6
868 5 41 5
30 3 56 3
534 4 35 4
2505 8 213 7
112 17 1038 14
1849 3 32 3
16 10 170 7
326 2 37 2
223 4 104 4
184 4 36 4
4298 3 33 3
4299 4 44 4
4300 3 37 3
2455 9 149 7
966 2 18 2
59 3 56 3
101 3 50 3
146 4 84 4
34 2 13 2
408 17 560 12
4112 6 68 5
153 3 28 3
255 2 31 2
921 5 86 5
81 3 43 3
3757 5 57 5
14 2 37 2
3219 4 48 4
3758 3 29 3
4144 2 20 2
51 3 29 3
4922 2 25 2
9 2 14 2
829 5 39 5
773 2 14 2
419 3 29 3
2731 3 31 3
1730 7 179 6
46 2 19 2
3638 7 165 6
5668 7 293 7
277 6 324 6
78 4 32 4
486 2 49 2
1866 6 194 6
206 3 37 3
904 3 59 3
2317 4 93 4
2318 10 213 6
1099 3 35 3
228 5 106 5
94 4 32 4
944 2 14 2
401 3 26 3
11 4 107 4
164 6 69 6
894 5 95 5
580 2 26 2
526 3 23 3
273 4 62 4
61 6 183 5
1100 4 68 4
85 3 120 3
937 5 52 5
15 3 23 3
1096 3 75 3
1097 4 105 4
8 4 66 4
1098 6 75 5
339 6 121 5
584 11 583 8
155 10 184 7
3766 2 17 2
502 3 24 3
2914 2 38 2
6593 7 64 5
607 2 21 2
974 2 13 2
1405 4 42 4
1253 4 35 4
1305 7 98 6
1406 2 18 2
1363 4 32 4
571 16 181 9
171 4 30 4
652 2 12 2
875 8 123 5
1404 4 64 4
996 2 27 2
525 5 70 5
70 2 19 2
2961 9 352 7
5670 6 98 5
441 3 36 3
331 5 171 5
3 4 61 4
7 2 19 2
4925 2 37 2
670 2 38 2
1572 2 13 2
2674 2 39 2
2962 2 21 2
3767 6 91 6
464 3 33 3
1089 3 96 3
885 2 41 2
2019 2 15 2
2020 6 117 6
162 4 50 4
293 4 80 4
2021 3 42 3
266 6 76 5
665 3 30 3
6605 6 660 6
396 2 20 2
3642 3 30 3
1616 27 936 15
553 6 87 5
3320 9 143 7
227 11 159 8
601 2 36 2
684 4 73 4
1108 2 15 2
1101 6 59 6
1102 3 18 3
200 2 91 2
198 7 183 6
1103 3 53 3
1104 3 55 3
668 2 32 2
89 11 126 8
602 11 204 8
1105 4 40 4
1106 2 26 2
1107 3 49 3
424 2 30 2
5676 4 31 4
967 2 35 2
1780 2 57 2
957 4 80 4
377 5 90 5
583 3 30 3
1581 5 51 5
24 2 25 2
111 5 92 5
1509 6 110 5
1495 2 17 2
45 3 22 3
18 3 34 3
520 4 101 4
41 2 13 2
657 2 70 2
207 7 181 6
455 3 24 3
4933 4 90 4
109 2 33 2
2734 4 84 4
10 3 44 3
167 2 17 2
726 2 25 2
138 13 203 7
3190 3 39 3
3321 3 28 3
3322 4 75 4
3323 7 126 6
338 4 69 4
3324 4 103 4
1702 3 57 3
4149 8 213 6
2389 3 39 3
1314 5 102 5
1037 3 24 3
1316 4 35 4
1309 3 91 3
541 3 29 3
54 3 43 3
1311 3 38 3
698 3 102 3
856 3 32 3
1312 2 26 2
1313 3 45 3
420 2 36 2
1315 2 18 2
1308 2 26 2
1310 7 128 6
1407 3 97 3
256 9 339 8
1255 6 106 5
71 3 48 3
1408 4 77 4
58 3 63 3
552 2 24 2
1090 2 52 2
522 4 30 4
3773 2 20 2
2279 2 21 2
2 2 14 2
2460 8 138 6
1174 2 15 2
67 3 24 3
1455 2 35 2
1661 2 14 2
1662 5 69 5
1657 2 15 2
1658 3 26 3
1659 2 61 2
650 5 73 5
1660 2 54 2
3595 5 184 5
762 2 18 2
4937 3 31 3
2919 8 168 6
939 3 50 3
2920 3 18 3
985 3 51 3
209 3 29 3
591 4 35 4
884 3 86 3
4939 3 38 3
2246 4 50 4
1293 2 20 2
790 5 115 5
791 3 17 3
784 6 89 5
702 4 59 4
785 4 42 4
237 6 137 5
786 3 20 3
170 2 25 2
450 2 21 2
787 40 2187 21
671 3 20 3
788 3 61 3
429 2 65 2
151 4 71 4
673 2 14 2
789 2 11 2
97 7 88 6
573 2 39 2
572 2 12 2
581 3 33 3
4942 2 16 2
490 2 22 2
1256 6 66 6
1257 8 306 6
873 3 29 3
997 8 275 6
976 2 11 2
1258 2 33 2
1259 2 17 2
895 3 72 3
1260 2 17 2
4311 4 137 4
4312 2 26 2
318 3 21 3
2964 6 78 5
1550 3 38 3
216 3 31 3
527 4 101 4
713 3 37 3
715 3 37 3
717 6 93 5
718 2 16 2
704 2 25 2
689 2 12 2
705 5 72 5
706 4 41 4
172 5 56 5
491 3 29 3
707 10 387 8
590 12 422 10
544 4 47 4
708 4 23 4
709 4 59 4
163 2 33 2
710 3 39 3
654 4 71 4
711 3 29 3
545 2 12 2
712 3 37 3
504 3 18 3
714 3 34 3
716 3 43 3
653 2 24 2
5684 10 233 7
299 2 29 2
2176 2 22 2
2177 3 59 3
1496 3 46 3
453 14 881 10
125 2 18 2
772 4 74 4
4943 5 62 5
363 3 36 3
4763 5 148 5
1456 4 54 4
1902 2 34 2
1031 3 39 3
599 2 12 2
192 2 15 2
1028 6 67 5
2522 3 29 3
122 3 58 3
724 2 37 2
2144 2 20 2
849 31 898 17
1412 2 22 2
468 13 245 9
1413 2 15 2
448 3 25 3
1365 4 53 4
1414 2 16 2
1087 4 42 4
53 2 14 2
770 2 16 2
1410 12 110 7
1411 9 159 6
1636 7 223 6
827 2 30 2
454 2 32 2
1755 2 44 2
4080 3 47 3
398 28 934 16
1945 5 414 5
1874 3 23 3
1285 2 18 2
1213 5 106 5
3163 5 59 5
863 5 150 5
3164 2 16 2
3165 2 15 2
557 2 17 2
1529 2 13 2
515 2 15 2
385 2 13 2
1528 4 69 4
1229 6 149 6
5455 2 32 2
2374 7 144 6
375 3 39 3
2375 3 47 3
236 5 89 5
1403 6 113 5
2504 2 11 2
2015 2 16 2
2613 13 368 10
1637 2 79 2
905 3 36 3
5456 5 72 5
4708 3 29 3
4709 9 142 8
6398 3 30 3
5491 6 102 6
438 2 11 2
1530 2 11 2
395 5 54 5
1531 2 23 2
1532 2 19 2
1533 2 12 2
1534 3 47 3
1025 5 110 5
1447 2 20 2
341 2 11 2
647 2 17 2
1 3 34 3
332 3 67 3
1233 3 25 3
3682 5 132 5
3588 2 49 2
3181 9 283 7
6400 5 98 5
5460 2 28 2
127 2 14 2
114 4 55 4
592 2 25 2
3606 5 67 5
2630 5 72 5
128 3 95 3
463 2 16 2
3168 3 51 3
3169 2 32 2
3170 4 36 4
3171 4 60 4
1076 2 11 2
3172 5 67 5
1722 3 17 3
2502 4 57 4
56 4 97 4
3564 7 127 6
4711 9 267 7
2716 2 11 2
566 5 96 5
2446 4 84 4
5468 2 14 2
5469 2 19 2
5470 7 77 6
3187 7 145 6
4713 6 133 6
4714 3 73 3
2165 6 94 6
1449 6 152 5
1382 3 18 3
536 3 78 3
416 5 75 5
4085 9 220 7
6 6 75 6
74 3 34 3
4086 3 35 3
2980 2 68 2
4715 2 17 2
4716 5 90 5
4717 3 24 3
5473 3 25 3
2271 4 71 4
922 7 143 6
5474 6 63 6
105 2 46 2
3567 7 132 5
2287 4 73 4
1150 16 198 8
4718 2 17 2
52 3 103 3
4087 2 18 2
262 8 147 5
5476 2 15 2
86 6 142 5
4719 2 18 2
1284 3 46 3
274 3 38 3
4720 2 11 2
386 2 43 2
37 3 32 3
1173 4 110 4
232 4 53 4
2222 7 107 6
199 2 12 2
471 5 86 5
49 4 87 4
980 5 116 5
243 8 170 7
2376 4 85 4
2116 2 19 2
1024 12 255 7
2432 4 76 4
3173 3 25 3
1699 4 99 4
283 3 28 3
3174 2 11 2
516 2 25 2
6415 2 14 2
4723 8 153 6
1355 2 42 2
234 2 17 2
1681 2 15 2
1643 2 33 2
1291 2 23 2
469 5 45 5
1682 3 29 3
843 3 55 3
6417 2 35 2
2887 2 20 2
2888 5 132 5
681 2 13 2
2424 2 45 2
2452 2 15 2
2969 6 172 6
2614 3 38 3
2503 9 655 7
548 3 27 3
2615 2 26 2
3572 13 174 8
2649 2 23 2
518 14 230 9
899 3 52 3
3226 3 59 3
1828 4 29 4
6475 4 61 4
110 5 112 5
2270 2 11 2
5492 2 42 2
586 3 46 3
77 2 52 2
2951 5 91 5
6476 2 14 2
1022 5 64 5
208 2 56 2
594 5 42 5
4135 2 26 2
399 2 14 2
5602 3 47 3
465 3 25 3
1851 6 63 5
1867 3 23 3
1729 2 17 2
3623 2 14 2
1384 4 30 4
821 2 12 2
2952 21 913 15
6480 4 53 4
768 3 23 3
5603 2 63 2
831 3 54 3
1198 5 104 5
1192 3 42 3
1193 3 35 3
1194 4 47 4
1195 4 62 4
1196 2 13 2
699 2 35 2
1197 2 28 2
2447 4 51 4
1868 5 72 5
2722 5 73 5
605 12 240 9
1869 5 84 5
75 9 250 8
1190 3 47 3
418 2 15 2
5607 2 21 2
460 6 349 6
120 7 49 5
254 5 218 5
501 4 51 4
2135 15 687 11
2312 2 30 2
1084 4 61 4
588 2 17 2
410 3 83 3
311 2 23 2
211 5 55 5
6489 6 57 5
6490 4 34 4
1559 4 58 4
2953 4 40 4
3227 2 15 2
5609 2 15 2
3624 8 163 6
166 4 25 4
4260 4 244 4
1243 3 24 3
3740 9 143 7
2137 3 28 3
6497 3 41 3
2228 6 167 6
530 3 161 3
1954 6 46 5
6498 6 67 5
6499 5 112 5
1491 2 26 2
1983 2 34 2
1957 6 89 6
6502 5 119 5
4743 2 18 2
1984 3 43 3
204 2 24 2
6503 2 13 2
6504 5 73 5
319 6 113 6
1638 4 91 4
400 3 27 3
1029 4 96 4
474 2 35 2
1168 6 260 6
137 2 27 2
220 2 22 2
2272 4 124 4
700 2 13 2
3625 2 24 2
3626 3 26 3
771 3 24 3
3016 3 42 3
489 4 206 4
4261 4 30 4
5616 3 26 3
5617 4 85 4
528 3 28 3
2954 2 26 2
379 2 14 2
5618 5 32 5
5619 2 36 2
2668 2 33 2
1608 2 20 2
2138 6 72 5
4741 4 97 4
1712 2 23 2
1297 8 59 6
2723 4 45 4
825 7 73 6
935 3 57 3
3749 2 25 2
4891 3 37 3
4892 3 35 3
4893 2 17 2
2450 3 33 3
6519 2 10 2
5495 4 64 4
723 3 23 3
3020 6 72 5
131 2 12 2
1283 2 37 2
2957 2 28 2
384 2 15 2
4295 6 114 5
5650 5 35 5
1618 2 20 2
3021 3 39 3
847 6 112 6
5651 5 124 5
4915 2 39 2
5652 3 40 3
2638 3 21 3
2671 2 15 2
4296 4 41 4
1853 4 69 4
4918 6 144 5
2245 5 63 5
4919 5 114 5
87 3 44 3
3753 3 37 3
3754 3 27 3
165 2 27 2
143 4 87 4
783 3 69 3
246 2 47 2
774 4 74 4
775 5 76 5
368 2 40 2
505 3 33 3
776 8 153 7
777 3 41 3
397 3 52 3
436 2 24 2
778 2 26 2
779 10 273 7
780 2 29 2
701 3 59 3
781 18 398 10
782 3 62 3
5656 9 198 8
5657 2 37 2
1228 4 70 4
5658 2 45 2
1078 4 25 4
2672 3 28 3
6571 3 65 3
6572 4 56 4
5503 3 30 3
638 4 33 4
3755 5 142 5
83 3 22 3
4753 6 66 5
3024 2 16 2
407 2 23 2
187 2 17 2
6578 4 85 4
5663 2 47 2
4920 6 111 5
577 5 61 5
2247 2 88 2
3759 2 24 2
1959 3 36 3
484 6 92 6
1066 5 142 5
3641 3 49 3
5665 2 33 2
5666 2 35 2
946 2 15 2
5667 9 96 6
4304 7 67 6
4923 3 28 3
4305 2 26 2
4306 10 140 7
157 4 45 4
948 2 17 2
285 4 170 4
1215 3 94 3
478 3 47 3
555 2 13 2
1507 5 92 5
1254 7 243 6
2174 4 54 4
2175 3 41 3
4924 3 29 3
1960 3 69 3
4927 7 150 6
510 3 49 3
337 5 72 5
5674 2 20 2
975 5 72 5
697 12 522 8
5675 4 60 4
4762 2 17 2
1298 2 11 2
640 3 32 3
2521 2 10 2
1155 15 459 9
1898 3 19 3
1899 2 15 2
1900 2 44 2
1246 7 85 6
1901 9 856 7
4932 2 13 2
729 2 24 2
4309 4 23 4
4310 10 173 7
3236 4 54 4
4338 2 13 2
882 4 68 4
4339 7 185 7
5712 3 32 3
4735 2 12 2
3810 2 20 2
136 2 12 2
3808 6 168 6
3809 5 81 5
5713 2 24 2
998 2 14 2
3649 3 28 3
2642 3 40 3
437 2 11 2
891 2 20 2
1044 2 13 2
1045 2 66 2
1042 5 182 5
325 2 23 2
999 3 30 3
1043 3 32 3
5498 3 28 3
456 2 11 2
2025 6 116 5
2026 3 58 3
2027 4 52 4
1017 2 17 2
174 2 24 2
1294 4 72 4
451 3 28 3
308 3 31 3
666 5 108 5
2181 2 34 2
1490 3 116 3
1873 6 124 5
956 4 114 4
2140 2 33 2
457 11 274 7
6666 2 16 2
6667 2 13 2
1046 2 13 2
1047 4 77 4
492 2 41 2
919 2 15 2
1000 2 16 2
995 24 653 13
154 2 16 2
892 3 30 3
857 8 89 7
22 11 144 6
2464 4 41 4
4342 2 24 2
6669 2 11 2
2677 3 17 3
4961 3 27 3
3811 2 25 2
1941 3 21 3
6671 2 25 2
1235 6 442 5
3342 6 122 6
1631 2 14 2
2282 2 21 2
5720 5 142 5
3812 4 39 4
1038 7 162 6
1287 5 184 5
462 6 123 6
2031 2 31 2
2032 2 23 2
989 3 28 3
1632 3 71 3
322 4 28 4
3242 2 11 2
2749 6 125 6
5723 5 86 5
2465 16 344 10
367 2 21 2
6679 2 17 2
6680 7 61 5
5500 2 28 2
1180 5 93 5
6686 3 76 3
1484 4 101 4
1165 2 44 2
2284 5 46 5
2750 13 798 11
1962 7 143 6
103 7 154 6
4965 3 86 3
1879 2 35 2
5730 4 55 4
1151 3 29 3
140 3 51 3
1379 2 20 2
1842 2 19 2
3654 3 39 3
2922 3 108 3
4969 4 27 4
1349 10 300 9
1450 7 99 5
1394 4 50 4
1485 2 21 2
2751 3 83 3
2752 2 14 2
2753 2 19 2
39 4 57 4
3245 2 26 2
4970 2 61 2
1856 3 51 3
3840 2 28 2
3841 3 17 3
2974 4 53 4
245 2 17 2
5765 6 48 5
3189 2 25 2
62 3 40 3
539 3 32 3
1733 6 103 5
4779 2 21 2
5001 6 86 6
452 2 14 2
250 3 166 3
3365 4 105 4
286 25 645 11
6757 18 322 8
3366 2 25 2
242 2 10 2
2687 5 288 5
92 4 112 4
867 3 25 3
5002 7 55 5
2182 2 11 2
2183 3 18 3
2184 2 20 2
2185 3 36 3
3053 2 16 2
493 2 19 2
3050 6 113 6
3051 5 68 5
3052 10 214 8
145 3 31 3
4780 3 49 3
1083 5 81 5
5520 5 77 5
5768 10 242 6
5769 2 18 2
639 4 58 4
988 5 55 5
3369 6 116 5
889 2 20 2
1575 5 141 5
2943 3 62 3
933 3 43 3
3055 3 83 3
3056 4 33 4
3057 5 112 5
3058 2 56 2
3054 5 89 5
4165 3 36 3
2186 2 21 2
2187 3 27 3
2188 4 109 4
1882 4 81 4
5006 2 13 2
1997 2 21 2
426 4 63 4
281 4 193 4
4384 4 35 4
4385 2 19 2
3666 4 95 4
289 2 16 2
932 2 14 2
2756 3 62 3
1459 3 62 3
687 6 96 5
2041 5 47 5
2042 3 35 3
1395 7 120 5
1906 4 68 4
1907 2 33 2
1908 6 107 6
1909 2 14 2
1910 17 235 9
685 2 11 2
1823 2 17 2
5778 6 292 6
5779 2 15 2
307 3 27 3
595 2 16 2
519 3 22 3
5522 2 20 2
3667 3 23 3
1378 5 53 5
3239 3 29 3
4386 2 29 2
4388 2 14 2
677 2 13 2
4389 2 10 2
3669 3 31 3
6784 2 15 2
3180 3 25 3
1510 3 78 3
406 5 151 5
321 2 24 2
500 2 12 2
1460 3 32 3
1463 2 14 2
239 3 36 3
610 3 35 3
4150 3 16 3
5036 2 15 2
5815 3 26 3
1234 2 19 2
4408 2 41 2
725 2 15 2
5037 3 45 3
3677 2 33 2
928 4 65 4
3199 3 45 3
1505 5 61 5
2762 5 102 5
2761 2 41 2
1736 12 289 9
2760 3 29 3
2763 2 11 2
1763 3 29 3
370 3 98 3
3853 2 15 2
686 3 72 3
288 2 29 2
3852 6 194 5
3382 3 34 3
1818 6 419 6
1999 9 187 8
4411 4 74 4
4410 3 31 3
4409 2 27 2
1640 3 35 3
5038 2 80 2
1299 3 73 3
1787 7 152 6
1786 7 105 6
969 2 15 2
1789 4 103 4
1788 3 92 3
1584 5 78 5
6823 2 26 2
5039 5 136 5
1359 2 10 2
3185 3 25 3
6824 17 426 11
5816 2 34 2
6825 5 129 5
3854 3 20 3
1562 2 14 2
950 3 31 3
2090 2 28 2
123 5 81 5
287 5 54 5
1707 2 38 2
5040 4 77 4
3066 2 16 2
3065 4 53 4
5041 2 13 2
1381 2 15 2
5817 2 25 2
1222 3 46 3
1567 4 72 4
2766 3 46 3
3200 3 72 3
5818 2 20 2
600 3 29 3
3856 18 336 11
3855 5 64 5
3857 3 60 3
1635 3 19 3
2442 4 97 4
302 3 33 3
851 5 106 5
3858 3 35 3
1445 2 10 2
149 3 39 3
903 3 22 3
4412 2 26 2
115 3 46 3
1843 3 28 3
2473 3 45 3
5048 2 26 2
189 4 60 4
3859 4 60 4
608 2 14 2
579 8 380 7
3194 2 21 2
5820 5 63 5
1333 4 44 4
5827 7 111 6
5826 9 432 8
1753 4 33 4
6840 3 31 3
411 2 18 2
4415 3 24 3
2981 4 61 4
1827 2 17 2
1711 3 32 3
1177 2 24 2
1082 2 15 2
4417 4 43 4
5056 2 21 2
603 3 78 3
5832 3 29 3
5868 2 18 2
275 3 46 3
4803 4 34 4
5076 3 34 3
2635 3 31 3
3684 2 35 2
3877 3 18 3
883 2 36 2
1444 2 14 2
3878 3 36 3
2291 3 27 3
1288 4 103 4
1697 3 43 3
1579 2 17 2
156 6 126 6
1816 2 64 2
100 5 41 5
2654 3 43 3
5077 3 22 3
5528 2 15 2
4433 2 108 2
872 2 13 2
188 3 27 3
3077 2 27 2
3076 2 12 2
5869 7 166 6
2122 6 131 6
2551 3 123 3
1865 3 113 3
40 4 75 4
249 10 217 7
1514 2 23 2
907 3 25 3
1516 2 40 2
1515 3 25 3
2778 2 41 2
2777 3 50 3
2106 4 34 4
1479 2 29 2
1833 3 21 3
5871 2 12 2
2990 3 23 3
5079 4 34 4
1734 3 37 3
550 2 12 2
5872 12 246 8
476 2 11 2
509 2 42 2
6917 5 64 5
964 5 110 5
5080 4 30 4
2477 3 17 3
2461 2 44 2
6919 2 14 2
1012 2 37 2
1839 2 14 2
513 8 81 6
6923 2 13 2
6922 6 90 5
2780 3 79 3
2779 10 200 6
3401 2 32 2
3400 5 94 5
679 3 45 3
5082 6 59 5
4759 2 22 2
6931 3 28 3
4434 2 30 2
925 3 28 3
3403 7 178 6
2288 5 124 5
4805 3 26 3
5880 3 27 3
596 3 40 3
3404 9 182 7
383 3 21 3
6934 2 16 2
1250 3 168 3
1585 2 42 2
1739 2 26 2
730 6 956 5
1300 6 217 6
991 2 14 2
5916 3 27 3
1653 6 257 5
1803 2 20 2
1399 5 50 5
1802 2 12 2
1801 2 45 2
1800 10 238 7
1799 3 41 3
1798 4 69 4
979 4 47 4
5543 4 77 4
2294 2 12 2
3420 5 61 5
952 2 34 2
3419 8 150 7
3418 8 67 6
2798 5 189 5
2797 10 462 9
365 4 68 4
2156 2 42 2
1926 3 45 3
5113 2 22 2
5112 12 676 8
222 9 177 7
2555 2 18 2
2554 2 100 2
444 10 498 8
1950 2 34 2
5508 5 54 5
5115 2 15 2
5114 2 17 2
3422 7 99 7
3421 2 27 2
4140 8 147 7
4765 7 67 5
1861 2 10 2
5509 2 88 2
4458 2 15 2
4457 6 124 6
1002 2 13 2
1482 2 22 2
1166 8 350 8
3902 2 19 2
695 2 16 2
2655 2 41 2
1564 4 49 4
3205 2 30 2
1956 8 165 6
2700 3 54 3
2351 4 76 4
2004 2 22 2
291 3 105 3
2350 2 11 2
2157 6 73 5
2353 2 140 2
2352 3 20 3
4814 6 79 5
144 5 114 5
1261 5 41 5
1274 2 26 2
1188 2 17 2
1271 3 33 3
1269 3 56 3
1093 4 53 4
1267 3 74 3
1266 2 21 2
1265 5 144 5
1264 2 13 2
1263 6 92 6
1262 2 12 2
604 4 75 4
1273 2 23 2
1272 3 37 3
1270 5 142 5
1268 2 29 2
2355 2 19 2
727 9 521 8
2354 2 20 2
1623 6 77 6
5117 35 1986 17
5116 7 118 6
5918 2 21 2
5920 9 132 7
5919 5 55 5
6988 3 20 3
3905 2 14 2
6989 10 381 8
6990 3 37 3
1622 4 59 4
5120 5 103 5
4192 36 2329 17
3423 2 13 2
2158 5 67 5
3906 2 32 2
230 2 18 2
5128 5 224 5
3907 4 81 4
4459 2 16 2
940 2 24 2
663 10 206 8
703 2 57 2
80 2 14 2
1512 5 61 5
675 4 29 4
1003 6 129 6
645 4 111 4
1039 3 21 3
6997 13 198 7
1306 2 28 2
2278 4 85 4
1569 2 26 2
4462 6 134 6
1340 7 175 7
3191 6 254 6
177 2 10 2
1846 5 43 5
1543 4 50 4
2058 2 14 2
2057 3 27 3
2056 2 25 2
1652 13 756 10
2260 2 13 2
3427 8 188 6
2125 3 37 3
3451 4 42 4
3613 5 47 5
5956 2 16 2
394 2 18 2
2934 2 12 2
5957 6 140 5
5958 2 24 2
7048 6 202 6
7049 2 24 2
4134 2 16 2
5959 2 14 2
93 2 23 2
5148 5 210 5
2565 2 30 2
641 2 14 2
3452 4 39 4
1624 2 15 2
3701 12 286 8
4201 2 11 2
7050 3 37 3
1072 2 21 2
4202 2 37 2
7051 4 119 4
4821 2 10 2
5517 2 55 2
7052 2 13 2
3702 2 17 2
978 5 49 5
1440 5 55 5
3703 3 24 3
4481 3 67 3
4480 4 40 4
2994 2 22 2
1498 4 69 4
482 2 192 2
160 2 32 2
7053 42 1687 19
3915 3 24 3
3914 2 77 2
1935 2 10 2
5149 2 54 2
1095 3 46 3
1202 2 31 2
1200 3 44 3
28 6 100 6
1212 3 29 3
1211 6 74 5
205 16 441 8
1209 5 214 5
1208 2 37 2
1206 2 18 2
1205 6 108 5
1204 5 112 5
1203 3 30 3
1201 4 65 4
1199 3 49 3
402 5 73 5
669 4 117 4
1210 2 19 2
176 4 33 4
560 3 29 3
1207 2 18 2
1521 5 55 5
1520 2 11 2
1519 2 28 2
1518 2 13 2
1517 3 119 3
853 4 126 4
1526 3 36 3
1525 2 25 2
449 2 34 2
1524 2 27 2
1523 3 57 3
421 5 189 5
1522 2 35 2
824 3 38 3
1527 2 17 2
4482 2 10 2
142 6 113 6
597 11 655 7
3453 2 26 2
224 8 100 5
7055 2 22 2
3581 3 50 3
3917 3 50 3
906 3 23 3
2567 8 167 7
2566 4 41 4
203 5 86 5
445 3 62 3
4487 4 100 4
4486 5 95 5
4485 6 109 5
4484 5 187 5
1568 2 18 2
1964 4 53 4
36 2 16 2
1350 10 2685 9
667 3 30 3
1588 3 100 3
2568 6 93 5
135 3 25 3
5150 4 62 4
3919 2 19 2
3918 2 11 2
7056 2 27 2
4490 2 11 2
1762 3 24 3
4491 12 296 9
1435 2 24 2
458 2 43 2
3662 2 21 2
7057 2 24 2
4493 2 38 2
4492 4 49 4
5152 2 30 2
5151 2 18 2
2628 2 36 2
5153 4 41 4
29 4 40 4
5155 4 33 4
5154 2 14 2
5965 5 38 5
1021 3 25 3
116 2 27 2
1718 2 37 2
945 5 68 5
3456 4 85 4
3455 5 108 5
1068 2 26 2
3920 3 24 3
1236 6 111 6
1462 2 54 2
1674 2 21 2
1362 3 39 3
1080 4 53 4
1673 3 39 3
7067 2 10 2
412 4 58 4
467 4 48 4
3922 2 15 2
3921 15 387 10
2685 2 20 2
2121 13 236 8
5581 7 105 5
42 3 19 3
4245 4 69 4
1940 3 73 3
190 5 48 5
3221 3 28 3
5584 4 44 4
215 7 92 6
13 3 32 3
3621 2 21 2
5590 2 11 2
6459 2 18 2
387 8 120 6
5587 7 66 5
5586 5 173 5
901 2 21 2
4248 2 15 2
6467 2 55 2
6466 4 105 4
585 27 810 16
2167 4 49 4
1094 2 21 2
2166 2 51 2
5593 4 73 4
696 2 19 2
5592 2 37 2
6465 10 268 8
5591 2 69 2
3222 2 41 2
306 2 13 2
2443 3 22 3
3734 5 61 5
3737 2 43 2
2721 9 279 7
485 3 28 3
2720 2 13 2
2719 2 17 2
1850 4 39 4
4740 3 24 3
3306 7 134 7
3305 2 14 2
3622 2 15 2
4876 2 26 2
2254 4 62 4
1955 4 121 4
6474 2 10 2
6473 3 37 3
5596 4 129 4
1303 7 116 6
1397 2 24 2
1592 3 35 3
244 9 363 7
1594 2 27 2
1184 2 14 2
1593 8 246 8
569 2 32 2
3224 2 21 2
4133 3 29 3
3587 6 63 5
5598 7 526 6
1837 4 55 4
2445 3 25 3
721 3 39 3
2664 3 55 3
226 2 15 2
186 3 124 3
292 2 11 2
1728 2 17 2
185 4 60 4
1894 3 39 3
1893 3 54 3
1452 3 31 3
1892 2 20 2
1891 2 30 2
4252 4 28 4
372 2 25 2
38 3 58 3
2636 6 106 5
3225 3 15 3
2666 3 47 3
5600 3 32 3
1189 4 53 4
5599 2 23 2
6545 2 12 2
3631 7 111 6
3312 4 60 4
2092 19 499 11
4275 2 36 2
4908 3 20 3
3313 2 30 2
1443 3 19 3
1692 2 12 2
334 6 226 5
5637 2 19 2
5636 2 11 2
2947 2 11 2
5635 2 25 2
3634 3 29 3
955 3 46 3
5634 5 83 5
2637 5 60 5
4751 2 49 2
5633 6 80 5
5632 5 232 5
4909 2 18 2
5640 2 21 2
2917 2 28 2
2956 2 13 2
6555 13 448 10
95 6 67 5
3235 3 48 3
6554 2 19 2
6553 2 23 2
848 9 168 6
3752 4 92 4
3751 3 39 3
2517 2 31 2
2516 3 33 3
1987 22 359 12
382 2 12 2
1035 2 23 2
252 3 39 3
5646 5 215 5
4910 2 18 2
5647 3 35 3
5502 7 221 7
2172 3 61 3
543 2 17 2
470 8 270 7
731 2 20 2
2173 2 25 2
2274 2 42 2
17 2 12 2
4291 3 25 3
4290 8 118 6
4289 4 57 4
1617 5 78 5
4288 2 14 2
1385 5 78 5
4285 4 64 4
4287 3 19 3
4286 2 20 2
4912 2 11 2
459 4 33 4
1361 5 66 5
2518 2 25 2
1454 2 13 2
2275 2 10 2
374 2 16 2
4293 3 21 3
4292 2 25 2
1470 3 61 3
6562 9 221 6
5649 2 18 2
3591 2 16 2
219 2 16 2
1169 6 99 6
5648 3 72 3
860 2 10 2
4294 4 43 4
6563 2 83 2
3645 2 10 2
6641 3 64 3
3788 2 21 2
3787 3 57 3
912 4 48 4
3786 3 104 3
5693 5 191 5
3793 2 31 2
3792 5 175 5
1946 2 32 2
472 2 22 2
1840 4 71 4
2524 14 306 10
2523 2 30 2
5694 4 81 4
3597 2 15 2
961 2 16 2
4948 3 48 3
4321 4 37 4
4320 4 64 4
1015 2 48 2
431 2 19 2
4326 2 11 2
3647 2 31 2
4327 2 35 2
2525 2 12 2
5698 2 19 2
692 3 57 3
2180 4 71 4
2179 2 17 2
2178 4 64 4
2739 3 32 3
2738 15 223 8
913 3 18 3
6645 3 68 3
938 3 29 3
2529 9 476 7
2281 4 37 4
559 2 17 2
2528 2 17 2
567 8 245 7
2527 3 21 3
1582 4 66 4
2526 3 27 3
182 2 18 2
6652 2 32 2
4330 2 22 2
4329 5 108 5
4328 2 15 2
6651 3 41 3
6650 3 46 3
6649 2 19 2
3333 2 35 2
3332 2 32 2
1563 3 31 3
3335 4 39 4
3334 4 25 4
6648 2 17 2
2419 3 36 3
3036 9 332 8
447 2 13 2
915 2 15 2
6655 10 611 8
3042 5 108 5
6653 2 12 2
3041 3 38 3
1487 4 39 4
2105 2 44 2
4955 5 168 5
1431 3 59 3
5709 5 53 5
5708 3 82 3
5707 10 471 7
6658 3 16 3
3805 5 67 5
3804 6 65 5
5705 3 38 3
3801 4 144 4
3803 3 124 3
3802 2 18 2
4337 6 113 5
4336 2 27 2
4335 2 14 2
6660 2 16 2
2237 5 190 5
1238 5 50 5
5710 3 21 3
1065 2 15 2
3806 2 31 2
3807 4 51 4
6659 2 28 2
4956 3 49 3
2966 2 32 2
5711 5 71 5
6661 2 14 2
533 2 31 2
495 2 10 2
1458 2 26 2
1554 7 1452 6
558 2 41 2
439 2 15 2
802 2 12 2
800 6 40 5
799 4 33 4
798 2 45 2
810 2 15 2
809 2 24 2
808 2 12 2
807 3 41 3
806 5 69 5
805 7 127 5
814 2 33 2
430 2 13 2
813 7 158 6
812 3 51 3
542 4 27 4
797 2 97 2
796 2 14 2
795 2 20 2
794 2 11 2
793 6 415 6
792 2 14 2
804 4 43 4
803 3 26 3
801 4 54 4
811 3 42 3
3340 3 27 3
3339 5 356 5
3338 2 20 2
3337 10 751 7
3336 2 49 2
6662 12 343 8
1965 4 52 4
2744 3 30 3
2391 3 34 3
902 3 59 3
99 3 68 3
4957 2 11 2
763 3 25 3
741 7 84 6
739 2 14 2
737 2 20 2
735 2 17 2
734 3 69 3
745 3 36 3
733 4 107 4
732 2 18 2
755 2 24 2
754 2 14 2
674 2 18 2
231 2 11 2
753 4 92 4
752 2 12 2
751 5 45 5
749 2 35 2
748 4 28 4
747 10 235 7
746 7 144 7
672 7 64 6
744 2 16 2
743 3 37 3
742 3 42 3
740 2 14 2
738 2 43 2
736 5 85 5
750 2 15 2
759 3 74 3
758 4 112 4
757 2 57 2
756 2 36 2
554 2 15 2
4360 4 60 4
506 5 94 5
4985 2 14 2
3651 4 52 4
521 2 27 2
390 2 14 2
2537 2 22 2
2536 2 33 2
6731 2 28 2
4361 2 12 2
2683 2 46 2
4986 2 14 2
3250 2 27 2
1357 3 33 3
2035 2 19 2
2034 8 379 8
2033 4 52 4
1880 3 84 3
158 4 46 4
2038 4 59 4
517 3 43 3
2037 4 36 4
2036 5 70 5
6735 2 11 2
6734 2 10 2
678 3 27 3
6733 10 179 8
1963 2 12 2
241 3 47 3
3364 2 41 2
3363 3 58 3
3833 6 85 6
2118 7 369 6
2150 2 18 2
3832 2 15 2
3831 2 43 2
3663 2 16 2
1574 2 19 2
576 2 36 2
4989 2 21 2
473 3 41 3
1387 5 436 5
6739 2 15 2
1705 2 19 2
175 5 71 5
1881 9 214 7
2040 5 94 5
609 4 34 4
2039 3 27 3
1758 2 25 2
6738 3 34 3
2973 2 20 2
3049 3 43 3
914 4 67 4
4988 2 24 2
1704 4 40 4
4370 3 23 3
428 12 375 8
1420 5 137 5
546 2 113 2
3836 3 52 3
3837 2 11 2
6740 3 72 3
173 2 26 2
2647 4 82 4
2686 2 30 2
4371 3 24 3
6749 5 207 5
3664 5 198 5
6745 3 48 3
1760 2 14 2
6744 2 35 2
5756 3 33 3
73 3 18 3
6741 9 332 7
1401 9 625 9
4993 2 16 2
1690 2 19 2
4992 7 119 6
6753 2 16 2
4372 5 40 5
1613 4 37 4
850 4 48 4
3665 2 31 2
5758 4 49 4
388 5 72 5
2924 7 96 5
6751 22 439 13
4995 2 16 2
1969 3 47 3
616 3 21 3
615 8 324 8
614 2 28 2
612 6 156 5
636 4 53 4
634 2 93 2
380 5 70 5
632 2 47 2
631 3 20 3
278 2 23 2
630 6 121 5
629 2 27 2
626 5 89 5
625 3 25 3
613 4 41 4
624 2 17 2
623 2 24 2
622 2 21 2
621 2 30 2
620 4 63 4
619 2 15 2
618 3 35 3
617 2 12 2
611 2 26 2
628 4 36 4
627 2 53 2
440 2 16 2
635 2 12 2
633 3 39 3
191 2 15 2
3600 3 33 3
5760 2 29 2
3839 4 43 4
1666 2 25 2
1665 2 16 2
1664 6 74 6
1663 2 10 2
1669 3 74 3
1668 5 88 5
917 3 75 3
1667 2 22 2
4778 2 12 2
4373 3 29 3
55 2 33 2
2925 2 14 2
6754 5 65 5
1943 4 110 4
4164 4 103 4
5762 4 49 4
4375 6 204 5
4374 8 271 7
1475 2 146 2
4998 5 86 5
214 3 35 3
5764 4 66 4
5763 3 52 3
2440 2 14 2
6755 3 33 3
225 5 54 5
2423 3 88 3
1539 5 304 5
5799 2 14 2
1488 4 42 4
1583 2 19 2
2337 3 40 3
253 15 441 10
1998 2 24 2
2336 2 12 2
6805 3 23 3
3062 3 30 3
3063 7 65 6
1858 6 77 5
6804 2 32 2
3198 3 169 3
5800 6 62 5
282 2 31 2
1732 3 22 3
4400 2 21 2
2626 6 258 6
414 3 23 3
1992 3 36 3
3844 4 71 4
133 5 88 5
1634 2 12 2
4403 2 18 2
4402 3 32 3
4401 5 72 5
3672 5 124 5
6807 2 16 2
2545 5 151 5
2544 2 11 2
2543 4 53 4
2548 3 39 3
664 3 97 3
693 2 11 2
2547 4 64 4
2546 3 49 3
5807 2 29 2
3254 5 95 5
2153 2 14 2
5806 3 35 3
5025 2 18 2
1149 2 43 2
6809 3 44 3
1423 2 20 2
1331 3 41 3
5808 2 12 2
1883 2 16 2
2192 3 54 3
2191 3 21 3
1360 2 36 2
483 2 24 2
417 7 117 6
2622 3 27 3
179 2 28 2
5029 6 68 6
5028 7 102 5
6813 2 19 2
6812 2 18 2
4407 4 66 4
4406 4 295 4
3676 3 23 3
4405 4 52 4
6816 2 15 2
511 2 20 2
4788 3 80 3
5812 2 40 2
5811 5 114 5
5810 2 26 2
1599 4 74 4
6815 5 44 5
1834 4 71 4
823 2 15 2
47 2 15 2
1785 2 23 2
1784 4 33 4
1783 8 106 6
1782 2 20 2
1781 3 24 3
6814 6 184 6
2050 3 73 3
1735 2 16 2
2049 4 95 4
2048 2 23 2
2047 3 20 3
2046 2 18 2
2045 3 52 3
2044 10 223 6
2043 2 25 2
3380 3 67 3
5814 2 32 2
5034 2 18 2
5813 2 72 2
1001 5 98 5
5033 2 14 2
1185 4 83 4
3379 4 37 4
4789 2 22 2
6817 3 61 3
1972 5 57 5
3064 3 40 3
3381 2 12 2
1511 2 35 2
6818 3 37 3
2401 2 19 2
1127 3 26 3
649 8 143 6
1126 3 15 3
890 2 30 2
183 2 13 2
970 2 17 2
1125 4 83 4
1124 5 168 5
1123 4 99 4
5035 3 86 3
2550 2 20 2
916 2 20 2
535 2 15 2
651 2 17 2
4425 4 33 4
6898 3 29 3
2692 9 284 7
376 2 38 2
5532 2 21 2
4799 2 17 2
6900 2 15 2
366 3 100 3
5065 2 11 2
2986 3 21 3
2942 2 27 2
3396 2 115 2
1765 3 30 3
2774 2 22 2
2773 5 67 5
2772 2 17 2
2475 6 105 5
2771 3 24 3
2134 9 238 8
2775 6 96 5
3075 4 33 4
4179 3 36 3
2987 5 39 5
570 2 12 2
5066 3 22 3
5849 2 16 2
1014 3 22 3
5851 4 44 4
6907 2 19 2
1610 3 50 3
5857 4 39 4
4182 3 31 3
4774 2 22 2
5856 2 25 2
5854 5 71 5
6905 2 28 2
6904 2 19 2
1932 4 40 4
497 2 33 2
20 4 53 4
3611 2 23 2
5863 3 24 3
5862 2 17 2
5861 3 31 3
5860 2 13 2
6908 2 23 2
5075 2 14 2
993 3 27 3
1466 8 102 6
1032 2 27 2
992 3 34 3
1465 5 152 5
1464 3 25 3
1086 2 28 2
994 4 39 4
972 2 16 2
5866 2 27 2
5865 2 10 2
3263 2 25 2
1480 2 22 2
3874 7 159 6
842 3 43 3
2893 2 13 2
5864 2 19 2
4429 2 119 2
4430 10 307 8
3876 4 33 4
523 4 57 4
561 2 18 2
841 4 58 4
1396 4 68 4
3875 5 63 5
6913 2 15 2
2776 3 46 3
4130 7 125 6
4183 3 28 3
2243 2 22 2
5867 2 14 2
415 3 42 3
1304 13 255 7
963 3 80 3
1409 3 36 3
3202 2 20 2
6912 2 13 2
4431 2 18 2
4432 4 69 4
3399 2 23 2
3398 2 18 2
5899 2 21 2
1714 3 32 3
1164 6 65 6
1975 3 20 3
269 2 33 2
2476 2 24 2
5101 3 82 3
1351 3 52 3
4451 5 104 5
5900 2 15 2
6966 2 21 2
1545 2 21 2
4811 2 22 2
5903 3 22 3
5902 3 47 3
2793 2 15 2
2792 2 17 2
2791 2 17 2
2794 3 45 3
1710 4 127 4
3898 2 41 2
5106 2 14 2
5105 2 12 2
6970 5 144 5
6969 3 42 3
1277 3 92 3
3204 2 10 2
5904 3 21 3
5906 3 40 3
2653 3 36 3
4453 3 73 3
888 6 248 6
931 2 16 2
1912 2 10 2
1911 2 12 2
1651 3 18 3
6972 2 10 2
6975 4 74 4
2084 3 88 3
2110 5 119 5
1430 3 38 3
6973 3 32 3
4103 5 82 5
6976 2 19 2
6979 5 42 5
5912 3 35 3
6977 7 146 6
2293 2 30 2
1448 4 106 4
5108 2 11 2
5911 9 320 7
5910 3 38 3
4190 6 98 5
1797 7 184 5
1796 5 50 5
893 3 69 3
965 2 23 2
1795 2 16 2
1794 3 63 3
5908 5 65 5
5913 2 21 2
2905 2 33 2
1426 2 11 2
680 4 76 4
2113 2 24 2
2795 3 51 3
5109 5 106 5
954 2 28 2
3086 2 38 2
3085 2 18 2
3084 2 12 2
1504 6 142 6
3692 6 94 5
986 2 12 2
496 4 58 4
1244 6 116 6
27 3 28 3
5915 5 122 5
4813 3 34 3
121 6 132 6
4798 4 52 4
6980 2 37 2
4191 8 205 7
5111 2 15 2
104 5 105 5
5110 2 10 2
5914 4 40 4
2796 2 30 2
934 2 14 2
21 2 15 2
1573 13 388 9
212 4 48 4
1614 3 35 3
5145 2 16 2
1587 3 28 3
4470 3 50 3
5950 2 23 2
4469 9 702 7
990 2 12 2
818 7 149 6
1609 3 54 3
4474 2 12 2
4473 3 46 3
4472 4 30 4
4471 2 12 2
5951 2 25 2
1726 3 26 3
3912 2 26 2
4200 2 19 2
7032 4 41 4
3699 2 27 2
1627 2 16 2
2702 5 61 5
722 2 16 2
1648 6 108 5
139 2 19 2
1824 2 11 2
1976 3 51 3
3438 2 42 2
2927 3 63 3
7034 2 16 2
5146 3 42 3
7033 4 74 4
4475 2 17 2
2993 2 43 2
2006 3 22 3
3439 3 25 3
2992 9 619 8
646 2 40 2
3700 14 435 11
7036 2 19 2
7035 2 22 2
1010 2 18 2
1004 6 55 5
3913 2 11 2
5953 2 18 2
761 8 152 6
5952 7 185 6
4479 3 49 3
4478 3 49 3
4477 2 34 2
4476 4 97 4
7039 3 34 3
896 2 18 2
2560 2 21 2
2559 2 18 2
2558 2 14 2
2557 2 12 2
2556 6 100 5
7038 8 389 7
7037 2 13 2
1005 5 153 5
2196 5 54 5
5955 3 33 3
5954 4 29 4
4818 5 77 5
1041 2 107 2
7041 2 37 2
958 2 24 2
3440 5 108 5
5147 4 82 4
7040 3 68 3
4131 2 30 2
7046 2 31 2
7045 5 86 5
7044 2 15 2
7043 2 13 2
7042 3 54 3
5490 7 101 6
1605 2 20 2
2564 4 87 4
2563 3 32 3
1754 2 25 2
2562 5 175 5
1741 2 21 2
2561 3 20 3
3441 2 19 2
3445 3 72 3
3444 8 194 7
3443 2 14 2
3442 5 97 5
3450 2 37 2
3449 15 867 10
3448 2 17 2
3447 3 46 3
3446 7 60 5
4820 2 14 2
4819 2 17 2
7047 2 19 2
1016 5 75 5
4115 9 245 7
4209 2 20 2
7107 2 20 2
7106 2 21 2
6010 2 180 2
7108 2 39 2
3093 2 17 2
303 2 13 2
5189 3 50 3
5188 3 45 3
6011 2 26 2
3274 10 160 6
5190 2 11 2
323 7 107 5
7109 2 20 2
2577 4 50 4
218 2 22 2
435 2 24 2
1720 4 53 4
3461 2 23 2
870 5 113 5
7112 2 23 2
7111 2 14 2
3260 3 73 3
7110 3 15 3
6012 2 14 2
2688 2 23 2
4508 2 11 2
4507 2 27 2
4506 3 98 3
4505 2 30 2
4504 2 32 2
2805 4 41 4
2804 4 74 4
2099 3 32 3
2242 3 36 3
5191 4 103 4
2412 3 25 3
7113 4 60 4
6013 2 14 2
5192 3 49 3
2197 2 25 2
1654 2 15 2
3706 3 19 3
2298 6 133 5
1006 4 28 4
4210 5 85 5
5193 3 17 3
2256 3 45 3
2403 2 13 2
766 5 255 5
6014 3 80 3
2806 2 26 2
2808 2 15 2
2807 3 34 3
2160 3 17 3
691 2 16 2
1612 3 78 3
2268 7 156 5
481 3 57 3
3465 4 54 4
3464 7 159 6
3463 4 42 4
3462 2 37 2
3466 3 22 3
2706 6 162 5
694 2 20 2
5195 5 71 5
5194 2 16 2
3210 2 28 2
4509 2 16 2
3707 5 60 5
3253 3 29 3
1968 2 23 2
3467 13 650 8
1325 2 21 2
1324 2 17 2
1317 4 137 4
1191 3 60 3
1323 2 18 2
1007 2 12 2
1322 2 21 2
1321 2 18 2
488 7 90 6
1320 2 16 2
1319 3 53 3
1326 2 26 2
1318 3 50 3
846 2 16 2
6015 3 22 3
3935 2 13 2
3934 2 19 2
4523 3 44 3
4522 3 77 3
1925 2 26 2
4733 2 15 2
2488 11 349 8
3948 2 17 2
2487 2 12 2
3947 2 25 2
3946 2 11 2
4521 4 45 4
5209 5 107 5
2983 2 28 2
5210 2 21 2
2648 2 38 2
7162 2 35 2
4830 4 39 4
4526 3 47 3
364 2 24 2
2410 4 66 4
7164 3 30 3
7163 2 30 2
1377 4 68 4
4528 7 106 6
4527 5 66 5
3608 5 86 5
6036 6 127 5
6037 3 33 3
4831 4 85 4
2299 3 35 3
4530 5 230 5
4529 2 19 2
5211 3 37 3
1402 3 68 3
446 2 12 2
1805 2 12 2
1804 12 307 9
1978 2 18 2
6039 2 27 2
6038 3 30 3
565 4 40 4
3949 3 94 3
3951 3 54 3
3950 2 22 2
6041 2 60 2
6040 3 42 3
4832 4 85 4
574 5 78 5
389 3 16 3
2261 2 20 2
1063 2 13 2
7165 2 26 2
7167 12 393 10
6042 2 31 2
4539 3 27 3
2631 5 40 5
4538 2 14 2
4537 5 125 5
1218 2 14 2
4536 6 166 6
4535 2 22 2
7166 3 21 3
4534 5 40 5
4533 8 423 5
4532 2 12 2
4531 2 43 2
5214 2 18 2
5213 9 170 7
5212 2 14 2
2935 6 358 6
4217 4 40 4
4207 3 25 3
7169 6 171 5
5335 7 429 7
6248 2 19 2
2002 2 57 2
5339 2 23 2
1370 2 11 2
6247 8 238 7
2708 2 22 2
3537 8 109 7
1970 2 15 2
6255 6 121 5
3247 4 42 4
3267 4 129 4
4632 2 17 2
4631 2 27 2
4630 4 42 4
1604 6 260 6
5342 2 15 2
2098 2 14 2
6253 2 21 2
4015 5 94 5
676 2 10 2
6261 4 43 4
6260 7 227 7
4635 3 35 3
4634 2 23 2
90 2 14 2
3538 2 20 2
2932 2 17 2
6265 3 23 3
6264 5 85 5
132 4 47 4
2362 3 33 3
2364 3 23 3
2363 5 79 5
5348 2 34 2
6269 11 275 7
6268 2 22 2
1979 2 17 2
4639 8 193 6
6267 5 54 5
1687 2 14 2
5352 2 17 2
4021 3 105 3
6273 5 171 5
514 6 91 5
661 5 122 5
2870 3 37 3
765 5 56 5
6271 3 59 3
3286 9 419 7
6270 9 264 8
4642 3 39 3
4641 4 72 4
3294 3 27 3
4231 3 23 3
4198 3 31 3
3725 2 15 2
6275 6 148 5
6274 2 19 2
4645 5 99 5
4644 5 143 5
168 2 18 2
2597 5 117 5
2600 2 39 2
2599 6 256 6
1537 3 20 3
2598 2 15 2
5564 2 17 2
6276 2 32 2
1552 3 113 3
2640 2 16 2
1388 2 14 2
643 5 249 5
2601 3 31 3
587 2 33 2
1064 2 24 2
1434 4 42 4
6277 3 50 3
5565 2 12 2
4233 3 42 3
2308 8 444 7
6323 2 11 2
6322 2 28 2
2309 7 181 6
6321 8 278 6
422 6 124 6
6325 4 135 4
4664 2 17 2
4663 6 82 5
3007 8 294 7
562 4 30 4
924 3 42 3
6324 2 17 2
2658 2 14 2
2013 7 108 6
5385 2 29 2
1647 4 61 4
3229 3 37 3
4666 2 55 2
6328 2 13 2
6327 4 53 4
427 2 24 2
5386 2 32 2
6332 6 164 6
6331 2 15 2
2369 2 59 2
2368 2 16 2
4668 3 43 3
3698 2 19 2
4669 25 1221 15
4764 11 183 9
4046 6 92 5
6336 3 34 3
2107 2 19 2
3148 3 71 3
3147 3 40 3
108 2 25 2
1601 6 110 6
130 2 18 2
2093 3 43 3
1918 7 343 6
682 2 16 2
1917 2 67 2
1916 3 32 3
1915 2 18 2
298 2 51 2
968 2 18 2
2705 3 68 3
3249 5 73 5
5389 3 33 3
6338 5 60 5
2426 2 33 2
5394 2 46 2
1221 4 200 4
4858 3 28 3
5393 5 123 5
1939 4 65 4
3251 6 246 6
5396 2 11 2
2421 2 16 2
4047 8 173 7
5395 2 28 2
6339 3 39 3
5397 2 25 2
5398 4 52 4
3554 2 18 2
929 4 74 4
2235 2 12 2
1375 4 45 4
819 2 22 2
4694 3 31 3
5440 14 724 9
4068 3 27 3
3283 5 58 5
1958 2 14 2
300 4 69 4
4066 2 23 2
5441 4 132 4
1167 3 54 3
235 2 38 2
3298 2 11 2
507 2 50 2
5443 6 112 5
3560 2 28 2
3559 2 14 2
1179 5 108 5
3003 2 16 2
3162 2 21 2
2266 2 34 2
4069 2 45 2
4073 2 25 2
4072 2 25 2
4071 3 24 3
4074 4 94 4
4240 2 34 2
5444 3 29 3
4070 2 12 2
98 2 34 2
5554 5 125 5
3562 3 19 3
2104 2 84 2
3561 3 84 3
3217 3 38 3
5449 10 613 8
4075 7 153 6
1219 4 44 4
4076 2 19 2
5447 6 168 6
1606 3 49 3
1542 2 13 2
4700 4 77 4
6388 2 17 2
2880 3 28 3
2879 3 57 3
2878 3 28 3
2877 6 133 5
2876 2 24 2
2267 4 35 4
44 2 26 2
393 3 36 3
1919 3 42 3
4701 2 16 2
5452 3 59 3
6392 5 143 5
3241 3 56 3
2608 3 42 3
1147 5 128 5
5451 4 142 4
6389 2 20 2
3290 2 22 2
5450 3 25 3
4703 2 21 2
1619 2 19 2
6393 2 33 2
971 4 144 4
1890 2 19 2
688 2 18 2
4760 3 68 3
4795 10 500 7
5454 5 77 5
5453 3 52 3
4777 2 23 2
568 3 43 3
3674 4 30 4
1767 5 38 5
2611 2 16 2
425 4 33 4
2462 6 317 6
2610 3 48 3
2609 5 358 5
2612 3 147 3
1034 2 11 2
91 3 36 3
1922 2 12 2
1921 5 67 5
1920 3 52 3
1088 6 69 6
547 4 104 4
6395 3 44 3
1811 3 290 3
642 3 150 3
6394 3 32 3
598 3 59 3
2884 2 22 2
1740 2 14 2
3299 3 27 3
5571 2 19 2
6442 2 39 2
3729 5 73 5
3013 2 20 2
2411 3 32 3
865 2 16 2
5575 3 34 3
2660 3 49 3
4865 2 23 2
4243 7 343 7
6451 3 76 3
6450 3 46 3
6453 2 32 2
6452 3 63 3
2233 2 18 2
3220 3 25 3
5577 4 43 4
2661 2 44 2
5580 6 186 6
391 2 12 2
181 4 56 4
2948 11 403 9
4247 3 25 3
1779 2 10 2
1503 2 36 2
1778 2 26 2
1502 2 16 2
826 3 66 3
1777 4 37 4
1776 6 175 5
197 4 41 4
31 2 12 2
3303 4 53 4
3302 2 14 2
1698 2 21 2
977 3 21 3
2718 4 47 4
2109 7 85 5
4732 12 352 9
6462 4 84 4
6461 3 39 3
6460 5 170 5
5589 3 38 3
5588 2 12 2
405 2 11 2
2506 3 27 3
3304 2 27 2
2949 2 25 2
3579 8 185 5
1558 5 336 5
3223 2 28 2
2444 2 90 2
1864 2 18 2
4249 2 45 2
1071 2 12 2
5594 2 32 2
4132 3 51 3
6472 2 13 2
6471 6 70 6
6470 2 39 2
4871 2 17 2
1232 2 41 2
4872 6 77 6
5597 9 219 6
1538 2 18 2
4875 2 17 2
2950 2 35 2
4874 2 23 2
4873 2 20 2
3586 16 607 11
5595 2 35 2
1727 2 10 2
2269 4 44 4
2665 3 80 3
5627 2 35 2
4750 3 30 3
5629 6 184 6
5628 6 162 6
2453 2 22 2
3310 5 112 5
984 3 107 3
2139 4 35 4
2896 2 19 2
1691 4 104 4
4269 2 19 2
4268 5 31 5
1749 7 186 6
764 5 112 5
845 5 90 5
1872 3 22 3
2018 11 251 8
1453 2 19 2
2017 8 124 6
2016 3 19 3
1373 3 18 3
6536 3 42 3
68 5 244 5
3630 3 159 3
662 7 91 5
4906 2 22 2
3234 4 55 4
6544 4 122 4
6543 2 11 2
6542 2 38 2
6541 3 31 3
2955 4 44 4
3311 3 42 3
6540 7 187 7
6539 3 35 3
6547 2 17 2
6546 3 25 3
1629 2 11 2
2316 2 49 2
1030 3 38 3
1544 4 115 4
498 4 50 4
124 3 27 3
1286 4 58 4
4281 3 76 3
4280 3 30 3
4279 4 46 4
4278 2 26 2
4277 2 35 2
6550 2 21 2
1713 3 87 3
2100 17 537 8
5641 2 31 2
6557 3 46 3
6556 3 105 3
3314 2 28 2
4284 2 25 2
2416 2 24 2
2670 3 43 3
5639 5 98 5
1751 5 75 5
4283 3 38 3
2669 2 20 2
4282 2 37 2
6560 3 48 3
5645 7 294 6
5644 2 231 2
2417 2 14 2
6559 3 24 3
1493 6 146 5
2171 3 30 3
2170 2 26 2
2169 6 98 5
2168 5 70 5
3636 4 63 4
5643 8 252 6
5642 2 14 2
2101 3 29 3
1227 2 22 2
4911 2 11 2
5501 2 22 2
6561 6 108 5
960 6 123 5
1988 2 27 2
317 2 39 2
4316 2 19 2
3237 5 80 5
329 2 15 2
1428 2 16 2
3778 2 24 2
3777 2 14 2
2965 2 25 2
6630 9 197 7
5691 2 23 2
1991 6 111 6
4317 5 198 5
1752 7 431 7
1486 2 15 2
6634 2 21 2
911 3 32 3
2114 2 33 2
2735 2 22 2
3785 2 20 2
3784 2 19 2
3783 4 29 4
3782 4 87 4
3781 2 14 2
3780 5 182 5
3327 7 124 6
1393 2 20 2
563 5 95 5
6638 2 23 2
4766 2 27 2
3033 2 32 2
3032 3 44 3
3031 2 14 2
6637 3 21 3
1354 3 217 3
1560 6 123 6
4946 2 21 2
3238 3 87 3
3791 3 34 3
3790 4 58 4
3789 6 147 5
6642 2 25 2
96 2 17 2
6640 6 121 5
6644 2 21 2
6643 11 459 9
2102 5 74 5
5697 2 10 2
5696 5 126 5
5695 2 16 2
844 3 83 3
6646 2 12 2
3035 4 34 4
3034 8 158 6
3646 3 40 3
4325 2 84 2
35 2 22 2
4324 2 39 2
2921 3 20 3
2280 6 151 5
5702 2 29 2
2743 3 69 3
2742 2 28 2
2741 2 17 2
2740 3 87 3
918 2 27 2
5701 2 38 2
5700 8 370 7
65 26 951 13
4950 2 38 2
3240 11 507 8
644 5 73 5
2624 2 14 2
6647 2 21 2
3800 2 14 2
3799 3 64 3
3798 4 48 4
3797 6 67 6
3796 5 131 5
6654 3 29 3
1611 3 33 3
4334 7 148 6
4333 2 30 2
3233 2 47 2
4332 7 258 6
4331 2 22 2
3795 4 74 4
2115 3 39 3
5704 2 23 2
5703 3 73 3
5706 4 31 4
6657 2 26 2
4954 3 35 3
4953 7 122 5
4952 3 45 3
4951 3 44 3
6656 2 46 2
461 6 319 6
3043 3 26 3
3357 3 36 3
3358 3 21 3
2682 3 29 3
3048 2 23 2
3047 2 25 2
3046 7 215 6
941 4 58 4
3824 4 146 4
4977 2 15 2
3661 2 29 2
3825 3 44 3
3827 2 15 2
3826 8 181 6
2466 2 23 2
1757 2 12 2
887 2 15 2
4979 2 27 2
2258 8 225 7
5744 3 51 3
2240 2 14 2
3361 7 148 6
3362 2 35 2
2645 2 13 2
4163 9 407 9
6723 3 145 3
2117 3 26 3
3828 3 37 3
2971 3 21 3
6726 5 688 5
2970 10 193 6
6725 4 63 4
1040 12 572 9
1122 5 204 5
1121 3 72 3
1120 2 41 2
1119 5 66 5
1118 4 58 4
1117 3 87 3
1116 3 45 3
1115 2 17 2
1036 2 34 2
1109 3 50 3
1114 2 26 2
1113 2 21 2
1112 3 48 3
1111 2 37 2
1110 5 66 5
2535 5 60 5
2534 3 88 3
2533 4 57 4
2532 2 35 2
2531 2 22 2
2530 3 40 3
3829 3 48 3
6730 3 27 3
1716 4 114 4
3830 5 56 5
1280 2 14 2
5748 3 53 3
5747 2 17 2
2972 2 17 2
1429 2 17 2
2422 2 15 2
5751 2 25 2
927 9 242 6
6736 4 69 4
4362 3 26 3
6737 2 13 2
4987 2 12 2
5754 2 20 2
4364 2 33 2
4363 2 27 2
4990 2 14 2
3834 5 76 5
479 4 88 4
3835 2 33 2
2620 3 22 3
1338 2 20 2
4776 2 19 2
1759 2 21 2
2684 2 17 2
265 2 35 2
5755 2 17 2
1226 3 83 3
343 3 76 3
4369 3 77 3
1996 4 48 4
6750 3 36 3
4994 3 36 3
5757 2 10 2
6747 5 79 5
6748 3 22 3
6746 5 144 5
3838 6 90 5
6743 3 56 3
6742 5 44 5
5518 2 34 2
4161 3 73 3
6752 2 18 2
5519 2 46 2
5759 2 14 2
1706 5 76 5
4997 3 19 3
4996 10 281 8
371 3 93 3
5761 2 26 2
2894 3 42 3
1857 2 14 2
2539 3 17 3
2538 6 79 5
5019 6 301 5
6799 3 26 3
3843 3 25 3
5021 2 14 2
5020 22 749 10
6801 2 19 2
6800 2 35 2
4173 2 15 2
4397 4 108 4
4396 6 145 6
881 2 10 2
4118 3 26 3
5797 10 253 6
4786 9 155 8
6803 3 63 3
6802 2 18 2
5022 2 16 2
5798 4 36 4
2542 2 12 2
2541 2 12 2
2540 3 23 3
1175 4 85 4
1607 4 57 4
1844 4 94 4
5024 4 47 4
5023 27 1549 18
3659 2 24 2
4174 4 41 4
5802 2 12 2
5801 3 29 3
4398 5 135 5
4399 2 19 2
5803 3 69 3
3847 5 130 5
3846 3 44 3
3845 3 45 3
2097 4 89 4
5805 2 12 2
5804 3 71 3
2259 3 60 3
3673 9 152 7
6806 2 22 2
6810 2 28 2
4404 2 20 2
6808 2 27 2
1817 5 373 5
1721 3 88 3
4175 2 12 2
4787 5 98 5
6811 3 35 3
5809 3 54 3
5027 2 20 2
5026 10 262 6
3850 5 58 5
3849 2 50 2
3848 4 156 4
2339 2 33 2
855 2 38 2
2338 2 15 2
404 3 52 3
5031 2 35 2
3675 10 188 6
3851 2 18 2
5030 2 23 2
2892 2 19 2
2977 3 24 3
5032 3 47 3
3390 4 81 4
3389 5 74 5
3388 3 40 3
2195 2 26 2
2194 11 646 7
2193 3 22 3
532 3 32 3
1949 2 17 2
4424 3 34 3
822 2 24 2
2923 2 14 2
6890 6 99 5
1737 2 18 2
5063 3 65 3
6893 3 33 3
6892 2 16 2
2928 3 27 3
5848 2 27 2
3872 2 20 2
3871 3 23 3
3870 2 16 2
3869 3 39 3
6895 2 28 2
6894 3 59 3
6897 2 13 2
1178 9 258 7
2985 9 308 8
3873 3 52 3
2770 2 35 2
2769 2 18 2
2289 2 20 2
6896 2 13 2
1251 2 17 2
1457 3 73 3
1672 2 14 2
1671 2 10 2
1670 2 24 2
589 3 96 3
4770 4 37 4
6899 2 14 2
272 3 27 3
5064 2 15 2
1489 3 30 3
2290 5 182 5
2406 2 21 2
5533 2 39 2
3395 6 112 5
3394 3 55 3
3393 4 68 4
3392 2 32 2
3391 2 30 2
4427 2 28 2
4426 9 199 7
1425 2 18 2
1091 2 11 2
2693 4 43 4
4800 3 34 3
1023 2 55 2
2154 2 10 2
2340 4 31 4
6901 3 34 3
443 2 14 2
3074 2 12 2
3073 4 118 4
5850 6 157 5
4180 2 27 2
2694 2 15 2
3397 3 30 3
6903 3 51 3
5067 3 43 3
6902 2 40 2
5070 3 52 3
5069 2 24 2
5068 6 84 5
4181 2 15 2
1931 2 35 2
5852 2 20 2
5858 2 11 2
6906 17 1227 11
5855 3 20 3
5073 4 63 4
5072 3 51 3
5071 4 141 4
5853 7 278 5
5074 6 60 5
6909 2 16 2
2988 2 40 2
1596 2 25 2
1018 2 16 2
466 2 16 2
1595 4 67 4
4177 8 298 7
5859 4 70 4
3610 2 21 2
6911 2 37 2
4801 2 15 2
4802 3 51 3
4428 8 336 6
1027 2 19 2
6910 2 26 2
3689 4 97 4
5897 5 85 5
4188 4 82 4
3412 4 25 4
3411 3 39 3
5896 3 34 3
3893 2 18 2
3892 4 37 4
5895 4 37 4
6960 3 33 3
947 2 22 2
4448 3 54 3
4449 3 36 3
480 5 83 5
5898 3 54 3
4139 3 41 3
3896 2 23 2
3895 2 10 2
3894 2 18 2
2292 4 140 4
874 15 586 11
6962 2 25 2
512 2 11 2
2790 2 19 2
2789 4 114 4
2788 2 32 2
2787 5 80 5
6963 2 11 2
3265 2 12 2
3269 9 268 8
3897 2 33 2
4450 2 11 2
3415 3 41 3
3414 2 41 2
3417 3 62 3
3416 4 41 4
6964 2 24 2
3690 4 110 4
6965 5 113 5
5102 3 35 3
1471 2 18 2
6967 4 25 4
2697 3 20 3
942 3 25 3
5542 4 33 4
6968 11 409 7
3607 5 60 5
4812 2 54 2
1417 5 127 5
169 2 24 2
5901 4 105 4
5104 5 95 5
5103 2 15 2
3899 3 46 3
5527 2 26 2
6971 2 12 2
1642 3 34 3
503 2 18 2
1438 2 27 2
2479 2 23 2
4452 2 10 2
3691 2 48 2
5107 4 111 4
2698 3 31 3
5905 2 22 2
2480 3 33 3
3900 2 11 2
5907 2 12 2
6974 2 14 2
1930 9 152 7
3083 2 29 2
1062 3 19 3
1061 5 155 5
1060 4 71 4
943 4 104 4
1059 2 32 2
1058 3 25 3
920 3 54 3
1057 3 26 3
1056 11 236 8
1055 5 57 5
1054 2 38 2
1053 4 95 4
1052 2 42 2
1051 2 30 2
1050 8 342 7
606 4 73 4
1049 3 44 3
1048 5 90 5
2349 3 35 3
2348 2 41 2
2003 3 25 3
2347 7 112 6
2346 2 17 2
2345 4 56 4
4456 4 38 4
4455 5 178 5
4454 2 38 2
6978 2 46 2
3612 3 41 3
2699 8 225 6
3901 2 29 2
1247 2 18 2
4189 3 44 3
5909 2 22 2
1290 3 33 3
3495 6 185 5
2710 3 36 3
6108 8 151 6
1724 3 21 3
4839 2 18 2
2495 3 39 3
3494 2 26 2
2303 5 107 5
6119 2 34 2
6118 2 28 2
1696 5 126 5
3981 3 21 3
6117 2 18 2
6116 3 28 3
3497 2 23 2
3496 5 389 5
5252 5 81 5
5251 2 11 2
7273 2 78 2
7272 2 20 2
3110 6 61 5
3112 3 84 3
2436 5 53 5
3111 2 17 2
3498 3 43 3
2830 2 24 2
4224 2 16 2
6124 2 45 2
2650 4 38 4
6123 5 42 5
4570 5 76 5
4569 8 67 6
2582 2 34 2
1744 4 61 4
2581 2 29 2
2209 5 43 5
2208 3 88 3
2207 2 16 2
2210 3 19 3
4568 11 576 8
6125 2 14 2
1346 4 54 4
3596 2 20 2
3213 2 11 2
7280 5 369 5
2909 8 184 6
5559 2 18 2
1182 3 21 3
7284 3 33 3
7283 3 37 3
7282 2 20 2
4841 3 20 3
7281 3 48 3
7285 6 134 5
2164 2 57 2
2838 5 130 5
578 2 21 2
7288 2 17 2
7289 2 18 2
7287 2 13 2
7286 9 233 7
5255 3 52 3
5254 2 32 2
6143 2 14 2
6142 5 141 5
1628 2 81 2
2623 7 141 5
1703 3 36 3
4582 2 24 2
2232 3 32 3
4581 3 58 3
4580 5 226 5
4579 6 109 5
3990 2 13 2
1830 2 14 2
1832 4 129 4
815 3 28 3
1688 2 14 2
4583 4 84 4
2585 12 213 10
2584 3 24 3
2583 5 169 5
2304 2 28 2
6146 2 12 2
6150 2 26 2
1820 4 35 4
4205 3 26 3
6149 3 55 3
6148 2 34 2
1329 2 18 2
1328 3 35 3
1327 3 23 3
5278 4 53 4
5277 2 29 2
3994 2 18 2
2469 3 40 3
1745 5 77 5
2843 2 32 2
238 3 36 3
7314 5 44 5
900 2 16 2
6155 5 174 5
5280 2 34 2
5279 2 17 2
1145 5 81 5
1144 2 40 2
1143 2 27 2
1142 2 13 2
1134 2 22 2
1133 7 170 6
1132 5 100 5
1131 2 92 2
1130 2 17 2
1129 4 87 4
1128 4 74 4
1137 8 228 7
1136 2 59 2
1135 2 28 2
1141 2 32 2
1140 2 17 2
1139 2 12 2
1138 3 25 3
4587 3 19 3
6160 2 23 2
4586 2 26 2
6158 2 17 2
6159 2 45 2
5283 6 104 5
4838 5 52 5
6166 3 78 3
6165 2 13 2
6164 10 382 8
2846 5 82 5
1289 2 19 2
2493 5 109 5
2845 3 406 3
2844 2 29 2
2847 3 35 3
7317 2 28 2
7320 2 61 2
7319 2 31 2
7318 2 20 2
4589 2 13 2
4588 3 70 3
6163 2 39 2
6162 2 19 2
2437 2 13 2
2586 3 50 3
953 4 67 4
4590 6 107 6
5284 4 99 4
6167 3 55 3
2009 2 12 2
1461 4 48 4
3002 2 31 2
4591 2 12 2
7321 3 30 3
2361 4 41 4
373 3 27 3
1500 2 11 2
6180 4 33 4
7368 3 54 3
951 2 15 2
6189 3 24 3
7373 2 137 2
6188 3 39 3
7372 3 45 3
6187 3 118 3
1386 3 25 3
2852 4 40 4
2851 2 26 2
2850 2 14 2
7380 3 27 3
508 3 35 3
7379 3 15 3
6191 3 51 3
7381 2 27 2
6194 3 31 3
6195 3 40 3
4001 2 29 2
2855 10 234 9
2854 2 25 2
2853 2 59 2
3585 7 88 5
5311 2 25 2
5310 5 122 5
5309 2 18 2
1009 4 57 4
7387 5 86 5
7386 2 38 2
7385 2 31 2
7384 2 19 2
6198 3 25 3
1217 2 28 2
7388 2 30 2
1590 8 182 6
1020 2 26 2
854 8 2244 6
1252 9 181 6
1513 4 54 4
1677 6 177 6
1676 3 69 3
1675 3 87 3
5315 3 128 3
6203 3 41 3
3521 4 99 4
7389 3 45 3
1952 2 21 2
4227 3 48 3
2662 4 82 4
5316 4 45 4
3123 6 173 6
3122 2 17 2
7390 4 80 4
3125 2 32 2
3124 2 31 2
660 3 30 3
769 2 33 2
4606 2 33 2
5330 3 47 3
659 2 62 2
1225 2 28 2
4012 4 96 4
1347 2 31 2
1934 2 77 2
5332 3 23 3
910 6 154 6
1680 2 14 2
1678 2 10 2
178 3 28 3
1679 4 89 4
6237 4 22 4
475 3 23 3
1835 2 11 2
4013 2 19 2
6243 2 19 2
1973 8 140 7
5336 2 53 2
4229 5 540 5
1301 4 70 4
392 4 42 4
5340 2 10 2
3719 7 91 6
2214 2 19 2
1353 2 37 2
1889 5 65 5
2215 2 22 2
2482 3 152 3
4018 2 23 2
4019 2 27 2
4633 2 19 2
4016 3 91 3
4017 2 54 2
836 3 47 3
5343 2 21 2
6254 3 109 3
6262 3 65 3
6263 2 15 2
2108 2 34 2
6259 7 177 6
4129 7 219 6
6258 2 15 2
5497 3 57 3
2595 3 25 3
2596 2 18 2
4020 8 174 7
3275 3 36 3
4638 2 22 2
5349 2 13 2
5350 2 54 2
1231 2 16 2
2216 5 345 5
1070 2 32 2
2094 2 11 2
3293 2 20 2
1501 2 24 2
5355 3 23 3
5356 3 46 3
5354 2 18 2
4022 8 196 7
1170 2 33 2
5353 2 31 2
6266 2 14 2
378 2 36 2
3137 2 12 2
4640 3 35 3
1951 2 10 2
4643 3 93 3
6272 11 176 7
2500 2 26 2
852 2 31 2
2869 4 27 4
5357 3 49 3
5358 3 44 3
5376 5 203 5
3551 4 33 4
1548 2 27 2
5375 6 126 5
6315 3 62 3
4031 2 24 2
4032 3 28 3
4037 4 28 4
3295 2 21 2
4036 10 222 6
2250 2 13 2
3270 2 25 2
4033 2 20 2
4034 2 17 2
4035 7 174 7
4038 2 23 2
4214 2 15 2
4852 2 69 2
3552 4 35 4
4040 2 14 2
3727 2 33 2
4041 2 26 2
5378 2 12 2
1603 3 29 3
4039 3 34 3
3206 2 16 2
1245 2 16 2
4856 2 13 2
5380 2 16 2
4126 4 99 4
4857 5 328 5
3211 4 69 4
1633 2 19 2
2219 2 14 2
333 6 133 5
126 6 164 6
2220 5 118 5
1886 2 17 2
4043 6 199 6
4044 9 385 7
1571 3 90 3
3553 2 10 2
2602 3 31 3
2124 4 118 4
2603 2 17 2
1478 5 81 5
5384 2 30 2
2714 2 22 2
3144 14 461 8
3145 10 261 8
3146 4 81 4
4235 4 72 4
195 2 12 2
1725 2 23 2
4045 2 18 2
1474 3 43 3
6329 2 63 2
6330 3 54 3
6337 6 240 6
4671 5 55 5
4672 2 16 2
5388 2 19 2
6335 5 66 5
2064 2 35 2
2065 3 39 3
2066 4 78 4
2067 5 79 5
2068 2 40 2
2069 2 50 2
5387 3 53 3
2657 2 28 2
6334 2 10 2
4236 8 303 7
5392 3 95 3
5391 4 56 4
5390 2 23 2
2390 3 35 3
4061 3 17 3
1841 2 31 2
6372 5 77 5
5557 3 251 3
4060 2 33 2
4063 2 19 2
1993 3 54 3
4062 2 40 2
6373 2 23 2
2890 2 109 2
3154 2 22 2
3155 2 10 2
4064 3 66 3
6374 2 16 2
3159 2 12 2
3160 2 14 2
3161 3 21 3
3156 2 13 2
3157 3 66 3
3158 9 271 7
5569 2 23 2
6376 2 16 2
6375 2 19 2
909 2 10 2
4065 2 68 2
2371 2 46 2
2372 8 79 6
433 2 40 2
2691 6 114 5
4067 4 64 4
4731 2 13 2
6381 2 18 2
6380 2 12 2
4110 2 19 2
6378 2 22 2
6379 2 14 2
4695 3 69 3
494 2 11 2
4239 3 42 3
5445 6 95 6
3620 9 247 6
4698 3 24 3
4141 2 23 2
4697 3 40 3
6385 3 45 3
564 3 19 3
5448 2 22 2
1352 3 39 3
658 13 623 8
6387 2 24 2
866 2 35 2
1344 3 69 3
2373 5 74 5
1717 3 46 3
3001 2 15 2
6391 3 25 3
4702 2 13 2
4077 4 115 4
6390 2 29 2
2882 4 37 4
2883 2 25 2
2881 3 21 3
2146 2 14 2
1383 5 140 5
3576 2 13 2
5483 2 11 2
2912 2 12 2
5485 2 30 2
4728 7 206 6
4729 2 32 2
2644 2 25 2
5486 6 116 6
6435 2 37 2
5487 4 49 4
4845 3 28 3
5496 2 11 2
6434 3 40 3
5488 2 21 2
499 2 120 2
5572 3 38 3
4863 4 59 4
4864 5 141 5
5573 6 109 5
5574 2 22 2
2659 4 37 4
3010 3 42 3
3011 2 23 2
3012 4 66 4
6440 4 76 4
442 7 119 6
4866 4 85 4
4867 2 10 2
1938 2 29 2
6448 4 29 4
2944 2 22 2
6443 4 51 4
6444 2 34 2
6454 5 91 5
5579 3 29 3
2946 2 16 2
2945 2 21 2
3301 5 60 5
5583 7 162 7
3014 2 18 2
4244 6 162 5
6457 2 14 2
6458 2 23 2
2913 3 33 3
4107 2 24 2
3188 2 12 2
524 4 51 4
3015 4 44 4
6463 3 68 3
6464 2 12 2
2310 4 39 4
2133 9 193 7
2311 2 16 2
5489 5 68 5
1549 2 22 2
4870 5 87 5
5585 2 13 2
4250 2 43 2
4251 8 144 6
6468 5 126 5
6469 5 65 5
3735 2 18 2
1942 2 11 2
3736 2 55 2
2663 2 16 2
6524 3 36 3
6525 2 17 2
1492 2 31 2
4897 3 43 3
6523 3 28 3
1870 2 113 2
2273 2 22 2
2510 2 14 2
2511 4 60 4
3577 4 46 4
4748 3 35 3
3309 3 69 3
6529 2 13 2
864 5 207 5
4898 2 18 2
1986 2 11 2
4899 2 39 2
6526 7 121 6
6527 6 150 6
6528 3 41 3
5625 3 35 3
1936 5 79 5
6531 4 64 4
4749 3 59 3
837 2 24 2
4900 2 20 2
4901 3 46 3
6530 5 68 5
2414 2 10 2
2111 7 444 6
3629 2 13 2
202 2 68 2
4267 5 77 5
6533 3 46 3
2724 3 86 3
828 4 138 4
2725 3 48 3
2726 2 18 2
1871 2 15 2
6532 3 20 3
5626 5 93 5
4902 2 22 2
1069 2 22 2
1077 2 16 2
1895 3 52 3
1896 2 16 2
1897 2 22 2
1639 4 61 4
2512 4 40 4
2513 4 37 4
2514 3 55 3
2515 4 35 4
4903 2 19 2
1187 2 48 2
4904 2 12 2
4905 2 11 2
5630 11 237 7
3750 2 13 2
1852 2 22 2
879 2 19 2
6535 2 19 2
6537 2 19 2
4271 3 29 3
4272 2 41 2
4273 5 191 5
4274 2 84 2
4270 3 67 3
6534 2 18 2
4276 2 21 2
3632 2 25 2
4907 2 12 2
6538 2 46 2
5631 4 38 4
6548 3 41 3
6549 3 27 3
1506 2 13 2
3633 2 25 2
1276 2 27 2
6551 3 61 3
5638 5 55 5
3635 3 28 3
6552 2 22 2
5499 2 11 2
1750 7 108 6
2415 5 68 5
6558 2 18 2
3019 2 15 2
6627 2 30 2
6626 2 20 2
4152 2 10 2
3776 2 16 2
2463 3 124 3
330 14 338 8
5688 4 59 4
6628 3 53 3
1731 4 78 4
1019 4 133 4
2024 5 91 5
2022 7 138 6
2023 3 47 3
4314 4 87 4
5689 2 23 2
6629 4 77 4
3580 3 24 3
6635 6 102 5
5690 2 27 2
6636 10 366 8
4315 4 62 4
6631 2 21 2
6632 2 26 2
6633 2 11 2
3325 2 18 2
3326 4 42 4
5507 3 42 3
3779 2 47 2
1928 4 42 4
4318 2 22 2
869 2 22 2
6639 5 61 5
5692 2 23 2
4945 2 27 2
4947 3 40 3
3328 2 38 2
3329 2 18 2
3330 3 30 3
3331 2 19 2
2641 2 21 2
4319 2 18 2
2145 2 20 2
3794 4 44 4
5699 2 29 2
4949 2 69 2
4155 5 82 5
2736 2 31 2
2737 3 41 3
4322 4 103 4
4323 3 39 3
4767 2 17 2
3037 3 28 3
2676 4 79 4
3038 2 10 2
3039 2 13 2
3040 2 13 2
3648 3 28 3
2229 2 24 2
6718 2 27 2
5743 6 121 6
4773 4 77 4
6715 3 31 3
1602 10 650 7
6716 2 78 2
6717 3 44 3
4975 2 16 2
4358 2 21 2
4359 3 32 3
3354 4 46 4
3355 2 35 2
3356 2 15 2
4976 4 57 4
551 10 310 8
6721 5 217 5
1073 2 99 2
3248 4 53 4
3359 2 20 2
3360 2 26 2
4978 3 47 3
4162 2 14 2
5516 4 83 4
5746 4 55 4
6724 3 32 3
4775 6 85 5
5745 2 21 2
6722 3 79 3
4980 2 27 2
4981 4 67 4
4982 5 178 5
4983 3 36 3
4984 3 38 3
3657 6 187 5
1838 2 30 2
6727 2 10 2
6728 4 78 4
2327 5 134 5
1356 4 88 4
2149 3 22 3
1967 3 25 3
2328 2 15 2
5749 3 53 3
5750 5 92 5
2646 2 14 2
6732 3 96 3
6729 2 16 2
5753 2 32 2
5752 3 38 3
113 3 58 3
4365 3 27 3
4366 2 38 2
4367 2 14 2
4368 3 25 3
1903 4 71 4
1904 2 16 2
1905 3 26 3
4991 5 75 5
3460 5 133 5
2997 2 14 2
1477 2 29 2
5164 3 90 3
5165 3 29 3
5162 3 56 3
5163 2 35 2
5167 2 21 2
3929 3 25 3
1279 8 277 6
4736 2 34 2
2569 3 29 3
2570 2 16 2
2571 2 17 2
5168 4 48 4
7083 3 56 3
7084 2 41 2
5166 3 46 3
5992 4 60 4
7092 2 12 2
5172 3 26 3
4498 2 23 2
4499 2 45 2
4500 4 149 4
3207 2 17 2
2627 7 179 6
7090 2 17 2
1953 3 33 3
1812 5 141 5
5995 2 21 2
7099 9 218 7
5996 2 24 2
5173 3 77 3
5998 2 21 2
5999 3 23 3
7097 5 136 5
5178 3 71 3
6003 2 13 2
1878 2 18 2
2572 2 37 2
2573 2 297 2
2297 4 54 4
6000 2 32 2
2575 2 19 2
2576 2 16 2
2574 9 293 8
2441 2 24 2
7100 2 19 2
2393 3 43 3
5181 2 19 2
7101 2 13 2
3209 3 61 3
5186 2 20 2
2484 3 20 3
7102 9 275 8
5185 3 31 3
2007 2 26 2
2128 7 125 6
6006 3 20 3
4208 2 11 2
7103 5 181 5
3705 12 1086 9
477 4 52 4
5187 5 85 5
4501 2 20 2
4502 6 130 5
6007 4 38 4
6008 2 20 2
4503 2 13 2
6009 2 14 2
7105 3 30 3
7104 2 15 2
1342 2 26 2
1371 3 33 3
2161 2 77 2
4513 3 36 3
2433 2 21 2
6023 2 11 2
6025 6 98 5
1148 2 12 2
3686 2 41 2
7139 4 32 4
6026 3 49 3
7148 2 42 2
5203 2 10 2
7149 2 20 2
3472 5 93 5
3473 4 137 4
4516 3 75 3
2485 3 24 3
2812 2 18 2
1641 5 123 5
2813 8 364 7
6032 5 78 5
6029 2 13 2
7150 2 13 2
7151 2 22 2
7152 6 170 5
5206 2 26 2
6033 2 13 2
6034 4 38 4
6035 4 119 4
2008 6 340 6
2252 2 13 2
7155 2 24 2
2201 5 247 5
2202 3 19 3
2203 2 19 2
2204 8 123 6
2205 3 28 3
1655 4 51 4
4520 2 23 2
315 2 10 2
7157 2 13 2
3268 5 123 5
7158 2 22 2
3709 5 53 5
2910 2 32 2
4754 4 186 4
4829 2 14 2
4817 3 25 3
5208 3 42 3
7159 2 19 2
7160 2 26 2
4525 2 132 2
2695 2 19 2
4216 2 36 2
3102 4 172 4
3103 4 71 4
4524 3 18 3
7161 3 46 3
7191 3 101 3
2491 3 84 3
5 12 389 8
3958 5 62 5
1171 3 52 3
3957 2 10 2
6060 2 14 2
840 2 25 2
2492 3 33 3
7193 2 61 2
6063 5 48 5
7202 4 43 4
7201 2 37 2
5230 2 21 2
3208 4 65 4
5231 2 18 2
2427 2 13 2
936 3 46 3
2206 5 185 5
1248 2 39 2
4547 3 19 3
4548 2 21 2
7203 3 22 3
7205 2 17 2
4550 4 36 4
5233 3 31 3
4219 2 14 2
7210 2 35 2
4549 6 347 6
1927 8 91 6
1013 3 80 3
7214 7 222 6
6068 2 32 2
7211 3 22 3
3106 3 34 3
6070 3 65 3
6071 6 346 6
4835 3 177 3
3485 5 82 5
7215 2 23 2
6075 2 22 2
6072 2 12 2
6073 7 142 7
2960 2 34 2
6074 2 23 2
3486 3 23 3
6076 3 44 3
6077 4 30 4
1348 3 44 3
5234 2 14 2
2817 2 15 2
2818 4 30 4
2819 2 30 2
6078 4 51 4
6079 2 16 2
7240 9 255 8
7247 2 15 2
7248 3 99 3
5558 3 37 3
6097 3 53 3
6095 2 28 2
6096 3 24 3
7245 3 23 3
7252 2 27 2
7256 2 16 2
7250 2 57 2
7251 2 16 2
6103 5 60 5
3491 3 37 3
3492 2 41 2
3493 2 16 2
1555 6 55 5
720 3 41 3
6105 3 40 3
381 7 151 5
3280 2 42 2
6106 2 15 2
4563 2 20 2
4564 2 13 2
4565 2 27 2
1214 3 26 3
7263 3 35 3
6109 2 22 2
6112 2 17 2
6111 4 35 4
7261 2 11 2
4769 2 19 2
6107 3 36 3
2163 7 179 6
7266 6 114 5
4566 3 89 3
3244 4 56 4
4567 2 14 2
3282 3 41 3
4840 5 181 5
6114 2 23 2
6115 2 17 2
1913 4 59 4
1914 2 33 2
1586 3 30 3
1980 2 18 2
7270 2 11 2
7271 2 17 2
3499 3 52 3
1172 2 24 2
1625 3 25 3
5253 3 87 3
7275 4 42 4
7276 2 20 2
6121 2 10 2
6122 4 81 4
6126 7 147 6
2127 2 18 2
2837 2 44 2
2831 2 12 2
2832 2 26 2
2833 5 195 5
2834 2 15 2
2835 3 26 3
2836 4 50 4
7278 2 14 2
7279 2 17 2
2711 2 23 2
6133 2 29 2
7303 14 290 8
1437 4 96 4
7304 2 20 2
3115 4 115 4
2899 2 13 2
5268 2 15 2
5269 2 37 2
5270 7 290 6
2359 3 28 3
2360 2 37 2
1237 3 38 3
2357 2 20 2
2358 4 45 4
6135 2 21 2
7305 2 14 2
6134 3 29 3
1011 3 57 3
7308 4 41 4
1302 4 67 4
2429 3 25 3
6140 3 55 3
6141 2 17 2
6136 2 24 2
6138 3 26 3
6139 3 38 3
5271 2 21 2
7310 3 71 3
5272 3 69 3
2386 5 108 5
3583 3 37 3
7312 9 254 8
6152 3 62 3
6151 2 32 2
5273 2 14 2
5274 2 28 2
1541 2 10 2
3203 2 13 2
3501 4 97 4
3502 2 17 2
2690 2 21 2
862 5 147 5
2457 2 10 2
5275 2 18 2
3718 3 99 3
5276 2 10 2
6156 2 43 2
6157 2 65 2
1656 4 84 4
3116 2 21 2
3505 3 67 3
3506 2 18 2
6153 2 42 2
6154 2 18 2
6161 8 329 7
4584 3 109 3
4585 4 82 4
7315 11 460 8
7316 3 108 3
5282 2 28 2
5281 2 19 2
7361 2 22 2
5299 3 29 3
3722 2 13 2
2588 2 13 2
3120 8 372 6
2435 4 123 4
3121 3 58 3
4601 3 32 3
1339 2 36 2
7360 9 321 7
7363 2 14 2
1933 3 32 3
2911 3 66 3
5560 2 64 2
1709 4 56 4
196 2 20 2
6178 2 10 2
7365 2 30 2
7366 5 94 5
7367 4 127 4
4602 2 20 2
3617 2 18 2
4605 4 47 4
6183 2 33 2
6184 3 34 3
3004 4 40 4
3519 2 46 2
3520 2 41 2
7369 2 18 2
3723 2 150 2
4603 7 211 6
4604 4 50 4
655 3 31 3
7374 2 14 2
7375 3 137 3
5302 3 36 3
5303 4 216 4
5304 2 25 2
6192 3 63 3
7376 2 10 2
1472 7 195 6
1580 2 165 2
7382 3 63 3
4002 7 169 6
4003 2 14 2
6193 3 45 3
5306 3 34 3
5307 2 15 2
5308 2 58 2
6196 3 80 3
6199 5 34 5
6200 2 65 2
6201 4 52 4
6202 2 18 2
5312 2 16 2
5313 4 54 4
1766 8 179 7
2592 3 64 3
5314 3 47 3
6197 2 12 2
7426 2 17 2
7424 7 152 5
2155 8 233 6
2120 2 17 2
3126 7 106 5
7425 2 20 2
1535 3 20 3
3724 3 27 3
7428 3 15 3
6231 2 37 2
3593 2 31 2
7429 5 102 5
7427 2 15 2
4621 2 10 2
3277 2 58 2
4622 2 12 2
4623 2 45 2
1067 4 59 4
4011 3 23 3
4853 2 10 2
5555 2 43 2
4784 4 47 4
7431 3 21 3
3127 2 22 2
290 10 317 7
7437 2 15 2
7433 8 102 7
6239 3 46 3
2696 5 149 5
4625 2 36 2
6241 2 11 2
6244 2 15 2
4781 2 14 2
5337 2 20 2
1693 2 12 2
2306 2 13 2
1358 2 18 2
3132 5 137 5
3131 3 25 3
294 3 38 3
3129 5 459 5
3130 2 17 2
4014 2 84 2
5338 2 22 2
3281 2 16 2
5344 4 55 4
5345 5 180 5
5346 4 43 4
5347 2 49 2
2864 2 37 2
2865 2 32 2
2866 5 37 5
2867 3 28 3
2868 5 70 5
4629 3 30 3
6252 7 413 6
4636 4 47 4
4637 3 22 3
5563 2 35 2
3644 4 44 4
4230 5 142 5
6256 2 15 2
3133 3 29 3
3134 2 17 2
3135 2 32 2
3136 2 15 2
6257 2 37 2
5351 2 16 2
4658 2 15 2
4659 4 32 4
5372 2 14 2
5373 2 18 2
5374 4 50 4
6309 4 93 4
4030 2 17 2
1990 3 30 3
6311 3 38 3
6312 3 29 3
6313 6 173 5
6310 3 29 3
1923 2 32 2
6314 5 78 5
5541 5 100 5
1708 4 87 4
6316 2 17 2
2713 2 23 2
3141 3 22 3
3142 2 24 2
3143 2 15 2
4660 6 205 5
1591 2 23 2
2709 2 50 2
2872 3 35 3
2873 4 53 4
2904 2 35 2
6318 2 44 2
2365 2 15 2
2366 3 19 3
2367 4 69 4
4195 3 141 3
4206 2 17 2
4661 4 38 4
5377 2 11 2
6317 4 154 4
6320 2 14 2
4662 3 29 3
4232 2 12 2
4042 3 37 3
5379 5 119 5
6319 3 61 3
2619 2 19 2
4234 4 292 4
2394 2 13 2
5381 3 53 3
6326 10 181 7
2234 2 10 2
1875 4 49 4
1278 3 30 3
4667 4 53 4
2604 2 31 2
2605 5 74 5
2606 2 13 2
2263 2 57 2
4665 2 14 2
5382 2 19 2
5383 3 175 3
858 2 30 2
1092 2 10 2
4670 8 211 7
6333 2 28 2
2221 2 26 2
6361 2 19 2
6362 3 61 3
3619 2 41 2
4690 2 13 2
4691 4 44 4
6369 3 66 3
5433 2 36 2
6370 5 57 5
4057 3 66 3
4058 2 28 2
6368 2 15 2
4059 6 142 6
6371 2 11 2
2072 2 12 2
2014 2 25 2
2073 4 48 4
2074 3 25 3
2070 2 18 2
2071 2 20 2
5435 2 11 2
4860 2 17 2
5434 3 53 3
2131 8 255 7
2370 4 72 4
5436 3 53 3
5438 2 39 2
4692 5 150 5
4693 2 18 2
5437 3 66 3
2075 2 24 2
2076 5 132 5
2077 2 23 2
2078 2 17 2
2079 2 43 2
2080 2 48 2
2081 6 227 6
5439 3 17 3
4737 4 147 4
3262 2 11 2
6377 2 24 2
2227 2 15 2
6382 2 50 2
6383 2 53 2
4696 2 25 2
5442 2 12 2
5446 2 24 2
4699 3 63 3
6384 3 27 3
4849 2 23 2
4791 2 10 2
6386 3 64 3
3574 2 25 2
3575 2 14 2
719 2 14 2
5570 2 10 2
261 2 14 2
2474 4 41 4
4096 7 355 7
4097 4 55 4
6422 2 10 2
6423 7 544 7
6428 5 92 5
2377 3 115 3
2005 2 24 2
1646 2 59 2
3728 3 23 3
4100 3 21 3
6431 5 97 5
6429 2 18 2
6430 8 130 6
531 4 37 4
4726 2 22 2
3218 3 22 3
3193 2 15 2
4727 2 26 2
1686 4 125 4
1160 2 37 2
1161 2 20 2
1162 2 91 2
1152 2 22 2
832 3 28 3
1153 2 26 2
1154 2 21 2
1156 2 12 2
1157 7 1148 7
1158 2 25 2
1159 3 87 3
6432 2 16 2
3178 2 16 2
1074 2 64 2
5484 4 52 4
152 3 31 3
4101 2 35 2
6436 3 50 3
6437 2 31 2
2378 2 25 2
2379 2 19 2
2380 2 29 2
1764 5 157 5
6433 2 14 2
4730 2 18 2
413 2 60 2
6441 2 10 2
4862 2 26 2
6446 2 17 2
6445 2 14 2
5576 2 13 2
6447 3 59 3
6449 2 18 2
4242 4 71 4
5578 2 10 2
6455 2 18 2
4106 2 21 2
4869 2 227 2
6456 2 13 2
4868 2 19 2
5582 2 12 2
4739 2 19 2
1826 2 26 2
4246 2 25 2
3730 2 14 2
3731 2 26 2
3732 2 26 2
3733 7 161 5
5831 3 184 3
3584 2 16 2
3679 2 17 2
5834 4 51 4
3863 8 240 6
3864 3 24 3
43 2 22 2
3258 2 10 2
4176 3 59 3
5505 10 241 9
1369 10 290 9
3680 3 25 3
6862 2 70 2
6863 4 128 4
6864 2 23 2
3865 3 18 3
3866 2 35 2
2392 2 20 2
3681 2 26 2
6874 2 26 2
6875 4 31 4
1929 4 121 4
6865 5 241 5
4797 2 18 2
6869 3 78 3
6871 2 13 2
5841 3 26 3
6872 2 13 2
833 5 57 5
119 5 99 5
3867 3 56 3
5843 2 15 2
5844 2 48 2
6876 2 32 2
5845 2 20 2
3609 5 47 5
6878 2 10 2
6880 2 31 2
5061 2 73 2
4422 2 18 2
6882 3 49 3
1578 3 38 3
2053 2 13 2
2054 2 14 2
2055 2 12 2
1885 5 195 5
2051 4 137 4
2052 2 22 2
3387 5 67 5
1860 4 110 4
1565 4 44 4
6887 9 331 7
5846 3 142 3
6883 5 56 5
6884 2 48 2
6885 2 12 2
6886 4 80 4
5847 4 33 4
3683 2 19 2
5062 3 17 3
6888 2 20 2
3868 2 45 2
6889 4 48 4
3071 2 21 2
3072 2 15 2
6891 4 44 4
982 2 10 2
575 2 31 2
2553 11 168 7
1738 2 38 2
2552 4 82 4
2478 3 80 3
3885 2 90 2
3886 3 47 3
5882 4 107 4
6936 2 28 2
5087 3 36 3
2428 2 14 2
3687 3 36 3
5090 2 31 2
6942 2 21 2
6943 5 141 5
2785 2 18 2
2786 5 57 5
6940 5 291 5
6945 2 19 2
6947 3 22 3
5885 2 14 2
5886 12 629 8
4187 3 43 3
5889 2 18 2
6949 4 43 4
6950 2 33 2
5092 3 31 3
5093 2 21 2
4186 2 11 2
2984 2 16 2
3266 2 22 2
2900 10 529 8
1416 2 14 2
6954 3 37 3
5892 2 13 2
4439 2 13 2
983 3 47 3
3890 3 29 3
3891 3 34 3
3082 3 62 3
4441 4 78 4
4442 2 24 2
5094 4 31 4
5095 5 139 5
5096 2 17 2
5098 7 207 6
5097 3 32 3
6956 2 13 2
1845 2 17 2
4445 12 602 9
3688 3 69 3
4446 4 47 4
4447 2 11 2
6957 2 141 2
5099 2 27 2
6958 4 55 4
6959 3 30 3
3409 4 108 4
3410 7 226 6
6961 6 77 6
2407 2 29 2
5100 2 21 2
1649 2 11 2
2341 3 18 3
2342 2 18 2
2343 4 109 4
2344 2 30 2
1650 2 19 2
3413 3 38 3
4461 2 18 2
7004 2 30 2
7005 2 11 2
7002 2 16 2
4463 2 17 2
4464 2 14 2
5131 2 18 2
5132 2 111 2
4193 4 202 4
1695 3 25 3
4466 2 19 2
4467 2 13 2
2159 2 41 2
4815 3 62 3
3431 4 58 4
2891 2 21 2
5135 3 81 3
5136 2 21 2
4197 2 28 2
7008 3 121 3
3088 4 138 4
3598 2 31 2
3197 2 44 2
7015 3 23 3
7016 2 36 2
2083 2 47 2
7009 2 13 2
7010 2 36 2
5936 2 16 2
5137 6 133 6
5138 2 24 2
5139 5 103 5
1008 2 27 2
7018 2 16 2
7020 2 17 2
3909 2 22 2
3910 2 13 2
3911 2 62 2
5940 2 19 2
5941 2 30 2
3089 4 38 4
3090 2 13 2
3091 2 31 2
7022 2 28 2
5140 2 18 2
5946 2 40 2
5947 10 615 8
5943 3 83 3
4199 2 16 2
5141 5 127 5
5142 2 75 2
5948 4 65 4
4468 2 23 2
5143 2 27 2
7027 2 19 2
2629 2 14 2
7028 4 92 4
4122 3 22 3
3578 3 33 3
5144 2 39 2
7030 2 33 2
7029 2 14 2
3434 2 23 2
3435 2 27 2
3436 3 33 3
3433 3 27 3
3437 4 68 4
5545 3 48 3
2402 4 36 4
5949 4 47 4
7031 24 1592 14
403 2 21 2
2238 3 31 3
2248 3 69 3
4497 2 15 2
3271 4 120 4
3924 2 15 2
3925 7 154 6
3926 3 22 3
4823 3 24 3
1848 5 73 5
1499 2 82 2
2356 2 12 2
3927 3 35 3
3928 2 94 2
5981 2 29 2
5982 3 40 3
2996 2 28 2
7072 10 695 9
7073 2 48 2
7081 2 17 2
7082 2 84 2
7079 2 13 2
2481 6 216 5
2126 2 14 2
7085 2 21 2
5988 3 73 3
7086 3 68 3
7091 2 11 2
5171 2 36 2
7088 4 184 4
5990 2 10 2
5991 3 46 3
5993 2 16 2
297 3 30 3
3930 2 27 2
7098 2 26 2
5174 2 16 2
3933 2 20 2
3931 2 24 2
3932 2 26 2
930 5 221 5
5997 2 25 2
3273 3 35 3
2998 2 19 2
5175 2 78 2
5176 4 69 4
5177 2 25 2
6001 3 35 3
6002 2 24 2
4826 2 14 2
6004 4 51 4
6005 2 16 2
5179 3 59 3
5180 2 54 2
5182 5 94 5
5183 4 86 4
5184 6 283 5
4828 2 30 2
2239 3 70 3
1924 2 26 2
5197 2 13 2
3940 2 27 2
3941 2 10 2
3942 2 14 2
7125 2 18 2
5198 2 18 2
3708 2 11 2
4511 4 63 4
5200 5 187 5
4512 3 32 3
3655 6 130 5
6019 4 39 4
7130 3 39 3
6020 2 21 2
6021 3 33 3
7128 5 99 5
4213 2 13 2
7134 2 19 2
5514 6 172 5
1974 2 23 2
1436 2 23 2
3943 2 29 2
1977 2 17 2
2198 3 59 3
2199 4 112 4
2200 5 114 5
5551 2 20 2
7140 2 16 2
7141 2 17 2
5202 2 37 2
4810 3 37 3
2908 2 15 2
5207 2 19 2
6031 3 30 3
4215 2 25 2
3474 3 87 3
5204 5 52 5
5205 5 185 5
6030 2 14 2
7153 4 31 4
4519 3 29 3
1600 10 456 8
2470 3 67 3
3475 6 134 6
3476 3 62 3
3477 2 13 2
7156 3 25 3
7154 2 21 2
4794 2 13 2
1683 2 32 2
2129 2 66 2
3097 3 19 3
2486 2 12 2
3098 2 13 2
3099 3 20 3
3100 4 29 4
3101 5 94 5
5225 2 25 2
5226 3 22 3
5227 2 207 2
4145 2 15 2
6053 13 1039 9
6054 3 95 3
2226 3 41 3
2301 2 11 2
3637 2 25 2
7178 7 70 5
2130 2 42 2
4544 2 36 2
817 2 20 2
6057 2 16 2
7186 3 53 3
7185 2 18 2
7188 2 39 2
3952 2 16 2
3953 2 30 2
3483 2 21 2
3484 2 16 2
7189 2 50 2
3954 3 83 3
3955 3 84 3
3956 4 108 4
6059 2 21 2
7192 3 93 3
5229 2 20 2
3712 6 165 5
7196 2 32 2
7197 7 378 6
6062 9 93 6
3710 2 15 2
4104 2 146 2
6064 2 18 2
6065 2 18 2
6066 3 29 3
4545 2 683 2
4546 5 119 5
7204 2 14 2
1335 6 130 6
2814 4 80 4
2815 3 26 3
2816 10 601 8
1887 2 26 2
7206 2 11 2
4772 2 17 2
7207 6 394 5
5556 5 136 5
7208 3 59 3
5232 2 15 2
2396 5 48 5
7209 2 26 2
4220 4 24 4
2578 4 53 4
2162 2 12 2
2579 3 45 3
2580 4 88 4
7213 2 17 2
2388 3 24 3
6069 2 12 2
7212 2 21 2
3487 2 10 2
4836 9 185 8
7235 2 15 2
2405 2 16 2
6085 2 16 2
3000 2 18 2
1547 2 18 2
2825 4 43 4
1239 2 17 2
2823 3 28 3
2824 2 15 2
6086 2 18 2
7237 3 53 3
7238 2 16 2
4196 2 15 2
5247 3 37 3
5248 3 18 3
3715 3 46 3
251 3 42 3
4559 2 21 2
1281 2 21 2
3969 2 16 2
3970 4 40 4
3660 2 21 2
2902 2 34 2
3488 3 36 3
2989 5 324 5
3489 2 21 2
3490 3 43 3
7249 3 80 3
3615 3 36 3
1961 4 59 4
5249 2 17 2
7246 2 15 2
3975 4 44 4
3976 2 42 2
3977 2 32 2
3978 5 94 5
6099 2 24 2
6100 3 40 3
2302 2 22 2
2296 5 50 5
6101 6 267 5
6102 8 312 7
4114 5 89 5
4223 3 48 3
7262 4 336 4
3979 2 34 2
5250 4 48 4
7265 2 14 2
6113 2 12 2
880 2 24 2
3980 2 38 2
7264 2 19 2
1937 2 15 2
7274 3 86 3
6120 2 38 2
7267 5 70 5
7268 2 15 2
7269 2 23 2
7277 2 20 2
7295 3 30 3
1814 4 254 4
1685 3 27 3
3716 2 12 2
2257 2 11 2
5262 2 38 2
3614 2 10 2
7296 7 304 5
305 2 18 2
816 2 14 2
1240 4 48 4
7300 2 16 2
2255 2 31 2
5263 3 39 3
1223 4 185 4
2839 11 237 8
2840 7 147 6
2841 3 75 3
2842 2 18 2
7299 5 36 5
7297 5 109 5
7298 2 14 2
4844 2 39 2
7302 2 17 2
5264 3 75 3
5265 2 11 2
2112 2 25 2
7301 3 55 3
6132 2 22 2
3986 5 126 5
3987 2 17 2
3988 4 180 4
3989 2 11 2
1589 2 13 2
5266 4 44 4
3195 2 19 2
5267 3 27 3
7309 3 42 3
4578 2 17 2
7306 5 213 5
6137 3 47 3
7307 7 127 6
6144 2 27 2
6145 4 64 4
3717 5 388 5
7311 2 15 2
3992 8 259 6
4782 2 27 2
3991 8 131 6
2681 2 31 2
7313 2 18 2
637 2 16 2
2152 2 18 2
3993 3 95 3
6147 2 16 2
3503 2 34 2
3504 2 20 2
7352 2 15 2
2903 3 50 3
3214 2 15 2
6176 3 30 3
5297 4 129 4
5298 4 48 4
3516 4 48 4
6177 2 14 2
7357 3 40 3
7358 2 10 2
5550 2 29 2
7356 2 18 2
1422 2 13 2
3517 6 196 6
3518 3 29 3
7359 8 490 7
7364 2 21 2
5300 4 54 4
7362 3 33 3
2995 2 13 2
2430 3 21 3
5301 3 80 3
4000 4 68 4
4851 3 42 3
6179 4 46 4
6181 4 93 4
6182 4 60 4
7370 2 30 2
3291 2 23 2
6190 3 92 3
6185 3 36 3
6186 3 21 3
7371 5 238 5
1467 4 87 4
4153 2 16 2
2589 2 14 2
2590 2 13 2
2591 2 14 2
7377 3 88 3
7378 2 25 2
5305 2 16 2
7383 4 75 4
1566 2 17 2
2594 3 23 3
2593 2 17 2
7419 5 121 5
4009 2 42 2
4010 2 11 2
2425 7 124 7
3535 7 144 6
3536 2 23 2
7418 2 44 2
2383 2 11 2
2253 2 18 2
5328 5 83 5
6226 3 81 3
3650 2 29 2
7422 2 55 2
7423 2 17 2
6227 2 21 2
6228 3 61 3
6229 3 50 3
1884 2 24 2
7430 5 63 5
4624 2 13 2
6230 2 17 2
3261 2 22 2
7432 2 25 2
6233 2 27 2
5329 6 203 5
6234 2 23 2
6232 2 15 2
3594 11 99 7
7435 2 23 2
7436 3 27 3
1536 6 77 5
6235 3 71 3
7434 4 85 4
6238 2 23 2
3128 2 23 2
2499 3 115 3
5333 2 23 2
6240 2 43 2
1368 3 50 3
6236 2 30 2
4757 2 26 2
5331 2 33 2
6245 2 17 2
4626 2 36 2
4627 2 16 2
4628 2 17 2
6246 2 24 2
5334 2 59 2
3592 6 284 5
6242 2 36 2
5341 3 42 3
6249 2 27 2
6250 3 109 3
6251 2 21 2
1366 2 46 2
6587 4 45 4
839 5 396 5
3756 3 30 3
3025 3 34 3
3026 2 17 2
2617 4 142 4
3761 2 19 2
3762 2 202 2
3763 4 48 4
5669 2 60 2
6592 4 111 4
6594 2 16 2
4308 2 34 2
3770 2 13 2
6597 2 15 2
5672 3 18 3
4926 2 12 2
4113 2 14 2
6610 2 21 2
2733 2 89 2
1561 5 80 5
2732 2 12 2
767 3 32 3
4930 2 46 2
260 6 166 5
2459 3 31 3
1815 3 30 3
2323 3 24 3
2324 6 111 5
2325 2 30 2
2326 2 28 2
6613 4 36 4
5506 6 166 6
5679 2 16 2
6614 2 16 2
5681 3 30 3
4934 2 13 2
4935 3 46 3
4936 4 76 4
2963 5 97 5
898 2 40 2
4940 4 141 4
4941 4 43 4
4938 3 40 3
1689 2 15 2
1620 2 53 2
3775 2 14 2
6623 2 36 2
6625 3 53 3
6624 3 30 3
4151 3 55 3
5685 8 256 8
5686 3 139 3
5687 3 79 3
4313 2 11 2
4944 4 101 4
4154 2 18 2
3029 4 49 4
2675 4 101 4
3030 2 18 2
1966 2 14 2
4768 5 58 5
3343 2 14 2
3344 2 26 2
2283 3 34 3
6694 4 64 4
6695 6 202 5
6689 2 31 2
6690 2 11 2
5728 4 67 4
5727 2 13 2
2400 2 31 2
4352 5 188 5
6692 2 14 2
6691 3 33 3
5729 2 17 2
4966 2 20 2
5731 3 42 3
5732 4 114 4
5511 2 22 2
4355 2 53 2
3348 5 61 5
3349 2 11 2
1756 3 56 3
3350 3 46 3
6700 2 37 2
6701 2 16 2
2230 3 38 3
3246 3 74 3
6702 5 58 5
6703 3 73 3
5733 2 33 2
6704 2 23 2
6705 5 227 5
5735 3 61 3
5736 3 59 3
1380 2 15 2
6707 4 83 4
6708 2 19 2
3821 3 22 3
3822 2 24 2
3820 3 19 3
4771 4 69 4
5740 2 29 2
4973 2 15 2
4974 4 72 4
1947 6 187 6
1427 3 41 3
6711 3 102 3
2967 2 12 2
4357 2 21 2
5513 2 18 2
5742 2 54 2
6710 2 10 2
2096 6 326 6
6709 2 11 2
2420 2 15 2
3823 4 57 4
6713 12 376 9
6714 3 30 3
6712 2 23 2
5515 2 13 2
6720 2 42 2
6719 4 118 4
3351 2 38 2
1995 2 27 2
3352 2 19 2
3353 2 63 2
2968 4 30 4
4380 3 93 3
4383 2 22 2
4382 2 46 2
4381 4 26 4
6779 7 96 5
2236 4 46 4
4167 3 56 3
5010 2 22 2
5775 2 25 2
6778 3 57 3
5523 2 14 2
5776 2 26 2
1473 2 18 2
1469 2 119 2
5524 2 62 2
5785 5 57 5
1497 2 34 2
5011 4 150 4
3668 8 550 6
6783 3 105 3
6782 2 49 2
1332 2 20 2
5788 7 561 6
2468 2 52 2
5787 2 14 2
2332 2 32 2
2333 3 164 3
2334 3 55 3
2335 2 48 2
2189 3 51 3
1645 8 178 6
2190 2 19 2
6788 2 10 2
5525 4 52 4
5012 4 201 4
6790 3 59 3
6789 4 96 4
3373 4 38 4
3374 3 27 3
3375 3 30 3
316 4 52 4
3372 4 62 4
4171 4 220 4
6791 2 13 2
926 2 11 2
5793 2 15 2
5526 3 34 3
6792 2 16 2
6794 4 73 4
5790 2 21 2
5791 3 136 3
3670 2 13 2
3671 5 109 5
5016 3 75 3
4172 2 25 2
3590 2 14 2
5018 3 41 3
5017 2 20 2
2651 2 12 2
5796 3 39 3
6798 2 18 2
529 6 301 5
5795 2 21 2
6797 2 15 2
3376 7 193 7
3377 2 16 2
2286 6 87 5
3378 2 39 2
537 3 30 3
5046 2 107 2
5047 3 33 3
6836 2 29 2
5823 3 60 3
5821 4 151 4
5822 2 24 2
5049 2 19 2
5050 2 26 2
6835 2 23 2
861 2 18 2
6844 3 54 3
6845 2 61 2
3384 5 67 5
6849 2 27 2
6839 2 16 2
5052 2 38 2
5053 2 23 2
820 2 28 2
6854 2 15 2
5833 3 50 3
4793 2 69 2
6852 2 17 2
5530 3 21 3
5835 2 16 2
4418 3 50 3
432 2 15 2
949 2 20 2
6857 4 109 4
5840 2 14 2
6859 2 22 2
1723 2 12 2
1432 3 23 3
3385 2 15 2
690 2 29 2
3386 2 11 2
6861 5 121 5
6866 2 11 2
6877 9 389 7
4421 2 55 2
3201 5 117 5
4420 2 29 2
5059 2 71 2
5060 4 26 4
5058 3 38 3
4178 2 16 2
4423 4 96 4
962 2 39 2
1183 2 20 2
6879 2 20 2
3069 4 37 4
1163 2 83 2
3070 2 17 2
276 10 416 8
6881 2 48 2
4804 2 22 2
3257 3 34 3
6924 2 15 2
5081 4 97 4
3880 3 33 3
3881 2 13 2
2781 3 74 3
2782 3 38 3
1719 2 26 2
6920 7 419 6
6921 3 93 3
2783 2 34 2
2784 3 108 3
1364 2 14 2
6932 2 40 2
5878 3 34 3
5877 4 67 4
5876 2 27 2
6933 9 379 6
2930 3 50 3
5536 2 36 2
6937 4 111 4
6935 4 45 4
2931 2 18 2
5088 5 126 5
5089 3 67 3
5883 2 17 2
1813 2 28 2
3605 3 66 3
5537 6 90 5
6939 2 25 2
6946 3 33 3
6948 3 23 3
5884 3 20 3
4437 4 62 4
4438 2 14 2
4436 2 24 2
4807 2 13 2
3405 2 15 2
3406 3 34 3
3407 2 23 2
3408 3 41 3
6952 2 13 2
5540 2 14 2
4808 7 139 6
5888 2 25 2
3889 3 111 3
6951 2 20 2
5539 2 13 2
5538 2 19 2
4809 4 38 4
6953 2 35 2
5494 2 13 2
3079 2 47 2
3080 6 131 5
3081 2 14 2
582 2 16 2
5890 3 40 3
5891 2 14 2
6955 2 13 2
4734 2 27 2
5893 3 55 3
5894 2 16 2
4440 2 21 2
4443 3 60 3
4444 4 178 4
2295 2 38 2
5121 2 28 2
5123 2 13 2
5122 2 15 2
6992 3 82 3
3693 10 258 7
5922 3 24 3
6993 2 10 2
4119 2 38 2
2251 2 10 2
5119 2 19 2
1598 3 141 3
5927 2 29 2
886 2 15 2
2241 2 15 2
6999 6 113 6
3599 2 25 2
3908 3 63 3
6994 2 22 2
6995 4 35 4
3428 2 13 2
3429 2 12 2
3430 2 17 2
7001 2 20 2
1367 3 32 3
7003 6 92 5
5544 2 21 2
5931 2 17 2
4816 2 22 2
5930 2 25 2
4169 3 77 3
3432 2 10 2
5934 2 22 2
5932 5 90 5
3697 3 104 3
5933 2 11 2
5939 2 64 2
7014 2 20 2
7017 2 38 2
5935 2 82 2
4121 2 37 2
7011 2 163 2
7013 2 47 2
7012 2 95 2
5942 2 40 2
7019 2 52 2
7021 3 78 3
7024 3 43 3
7023 4 183 4
1421 3 60 3
5944 2 12 2
5945 2 57 2
7025 2 16 2
7026 2 14 2
7061 2 28 2
7062 4 61 4
4102 2 20 2
5963 2 36 2
4204 2 51 2
7059 4 46 4
5966 2 42 2
5968 6 77 5
5967 2 14 2
5969 2 51 2
5970 2 35 2
5964 2 21 2
7068 3 66 3
1847 4 124 4
5974 2 20 2
5977 9 389 8
3272 3 29 3
5976 4 48 4
3092 2 67 2
5978 2 26 2
5979 2 13 2
3457 2 12 2
369 2 17 2
2703 2 77 2
5158 3 67 3
4123 2 41 2
7076 4 50 4
7078 4 60 4
7077 2 12 2
1292 2 50 2
5987 3 80 3
5983 6 628 6
5984 3 55 3
5161 2 28 2
5985 8 358 7
4824 2 13 2
1684 2 17 2
5504 2 36 2
7093 2 19 2
7087 2 22 2
5169 3 25 3
5170 4 94 4
7089 2 11 2
2231 2 15 2
2060 2 14 2
1742 2 23 2
2061 3 29 3
2062 2 15 2
2063 2 14 2
2059 5 86 5
7096 2 19 2
7094 3 29 3
7095 2 17 2
2704 3 48 3
2483 3 43 3
5994 2 10 2
7114 2 52 2
4117 5 99 5
6016 2 42 2
4211 2 31 2
7115 2 15 2
4108 2 17 2
5548 2 90 2
7116 2 17 2
7117 2 66 2
5196 3 47 3
4827 6 142 5
7119 2 13 2
2811 2 20 2
2809 6 82 5
2810 3 23 3
7120 3 74 3
2999 2 26 2
4510 2 36 2
7118 2 49 2
3936 6 245 6
3937 2 26 2
3938 4 125 4
3939 3 37 3
7123 3 187 3
7124 2 27 2
4111 2 17 2
3183 6 197 6
7121 3 38 3
5534 3 34 3
7122 3 74 3
4212 7 134 7
7127 4 86 4
6017 5 261 5
7126 2 13 2
3468 2 13 2
3469 2 17 2
3470 3 21 3
3471 2 19 2
3228 2 12 2
5199 2 29 2
7129 2 16 2
6022 3 24 3
7131 3 43 3
6018 4 58 4
3094 2 23 2
3095 2 18 2
3096 2 18 2
2707 2 39 2
7137 3 25 3
7138 7 177 6
7132 2 15 2
7133 2 23 2
7135 2 30 2
7136 2 25 2
3944 2 28 2
3945 2 16 2
5201 3 75 3
6024 2 107 2
4514 2 20 2
4515 4 138 4
5549 2 20 2
6027 2 16 2
6028 2 33 2
4517 2 20 2
4518 3 67 3
7144 2 24 2
7142 7 195 6
7143 4 180 4
7146 4 38 4
7145 2 23 2
7147 2 21 2
2408 2 47 2
4834 2 31 2
7175 2 27 2
6050 3 37 3
7174 2 17 2
4543 2 36 2
4138 2 34 2
7176 3 23 3
5512 4 233 4
6052 2 30 2
6056 5 156 5
6055 2 13 2
6051 3 25 3
7179 3 37 3
7180 7 254 7
7181 2 14 2
7182 2 18 2
7177 2 15 2
5529 2 21 2
1701 2 16 2
5228 4 112 4
7187 4 73 4
3711 6 289 6
6058 2 16 2
4745 3 83 3
7183 2 35 2
3184 3 47 3
7184 3 26 3
7190 2 30 2
4125 2 21 2
2490 2 14 2
7200 2 13 2
7199 2 54 2
6061 3 58 3
4158 2 28 2
7194 2 24 2
7195 2 29 2
7198 3 69 3
409 2 39 2
6067 2 13 2
3685 2 18 2
5243 2 32 2
2915 2 25 2
5242 3 71 3
1546 2 15 2
7229 2 100 2
4557 2 70 2
4558 2 34 2
7231 4 113 4
5244 2 23 2
5245 2 10 2
7232 10 269 8
3967 2 20 2
3968 2 27 2
2000 2 15 2
3279 4 80 4
7233 2 14 2
5246 4 91 4
2385 2 10 2
1230 2 16 2
1743 2 22 2
6084 2 15 2
4837 10 285 8
7234 2 28 2
6082 2 11 2
6083 2 23 2
6087 6 609 6
6088 7 239 6
3971 2 28 2
3972 2 11 2
3973 3 29 3
1176 3 31 3
3974 2 25 2
897 3 41 3
6089 5 81 5
7236 2 21 2
4560 2 14 2
6090 3 61 3
7241 4 258 4
1415 3 95 3
6092 2 14 2
6091 3 41 3
2826 2 13 2
2827 2 16 2
2828 3 28 3
2829 3 45 3
7242 2 36 2
7239 3 30 3
4109 2 24 2
4562 2 24 2
7243 2 36 2
4561 3 42 3
6093 7 230 6
6094 3 52 3
7244 2 29 2
7253 2 31 2
7254 4 125 4
5552 3 166 3
7255 2 11 2
2089 2 68 2
6098 3 44 3
3107 2 28 2
3108 2 14 2
3109 2 22 2
6104 2 27 2
1216 2 76 2
7260 3 60 3
7258 2 119 2
7257 3 39 3
7259 5 76 5
2418 2 13 2
6110 3 22 3
6347 2 11 2
5416 2 17 2
5417 2 15 2
4682 2 18 2
5414 3 242 3
5415 2 29 2
4237 2 51 2
5421 4 84 4
5422 3 16 3
3150 3 30 3
3151 2 57 2
6351 3 28 3
6352 2 45 2
2941 2 22 2
4052 2 22 2
1540 2 33 2
5425 4 121 4
1186 4 95 4
4051 2 11 2
3643 3 22 3
838 2 18 2
6356 2 44 2
3008 2 20 2
3618 3 46 3
6357 2 67 2
5427 7 172 5
5428 3 31 3
1694 3 133 3
5429 3 47 3
5432 2 17 2
2634 2 40 2
4689 2 23 2
1374 2 18 2
1334 3 26 3
6358 2 43 2
4859 2 12 2
4120 2 15 2
6360 2 12 2
4238 4 244 4
3153 2 20 2
3152 3 62 3
3557 2 10 2
3558 2 28 2
4168 4 228 4
6364 2 14 2
6365 2 25 2
6367 3 63 3
6366 2 27 2
6363 2 26 2
4710 3 22 3
5458 2 23 2
5457 2 21 2
5464 2 21 2
2119 4 87 4
4712 6 251 6
4081 7 293 6
4082 8 223 6
2895 4 33 4
5461 2 21 2
1441 3 42 3
5463 3 39 3
301 6 152 6
3565 3 29 3
3566 2 16 2
5466 2 20 2
4241 5 57 5
6405 2 18 2
6406 2 45 2
3215 5 95 5
4861 6 146 5
1330 2 11 2
328 2 28 2
6408 2 25 2
5475 4 34 4
3182 2 20 2
5478 2 26 2
5479 3 31 3
3252 4 36 4
4722 2 35 2
6410 2 15 2
5567 2 16 2
1424 2 23 2
6409 2 44 2
6412 2 32 2
6414 9 769 8
5481 2 10 2
4088 3 105 3
549 2 13 2
2885 4 118 4
2886 3 73 3
4724 2 15 2
6420 2 16 2
2717 2 21 2
3573 11 616 8
6418 2 15 2
3653 2 13 2
6419 5 80 5
2088 2 25 2
6421 3 40 3
304 2 28 2
4093 3 50 3
4095 3 146 3
4094 2 11 2
4092 2 100 2
4091 2 42 2
4090 2 50 2
4089 2 25 2
3177 2 23 2
6425 4 62 4
6426 2 19 2
4098 3 19 3
3656 4 80 4
4099 4 141 4
6427 2 22 2
1275 5 136 5
6424 4 142 4
4725 2 21 2
6483 2 25 2
6484 3 34 3
2448 2 17 2
3307 2 32 2
4879 2 34 2
6487 6 71 5
6488 2 32 2
4878 3 75 3
1597 2 59 2
4136 2 14 2
6500 2 48 2
6494 2 15 2
6495 2 47 2
6496 2 38 2
3230 3 53 3
2449 2 15 2
5610 3 19 3
2091 4 52 4
4882 3 22 3
6510 5 199 5
6505 2 33 2
5612 2 11 2
4744 5 121 5
5613 2 21 2
6509 2 35 2
5614 2 41 2
5620 2 11 2
6516 2 25 2
6513 4 98 4
6512 2 12 2
6511 2 34 2
3743 8 127 6
3745 2 18 2
3744 5 91 5
4883 3 20 3
3627 3 19 3
4884 2 30 2
2413 2 40 2
4890 2 38 2
4889 2 12 2
3232 7 130 6
1242 2 15 2
6518 2 32 2
3747 2 37 2
3746 2 15 2
3748 4 69 4
6517 2 122 2
1336 2 15 2
4746 2 21 2
2085 2 26 2
4747 2 13 2
2451 2 17 2
6521 3 186 3
6520 2 16 2
5622 3 55 3
3017 5 88 5
3018 2 39 2
4263 2 19 2
4264 2 35 2
4894 3 113 3
4896 2 44 2
4895 2 29 2
2387 2 28 2
5624 4 80 4
5623 3 22 3
2616 2 20 2
2916 2 13 2
4266 2 33 2
4265 4 46 4
6522 5 116 5
4752 2 18 2
2889 3 18 3
5655 7 254 7
6573 2 259 2
2728 2 37 2
2727 2 17 2
1389 2 32 2
2729 3 47 3
2730 6 135 6
2454 2 18 2
6568 2 15 2
3315 3 36 3
3316 4 87 4
4921 2 49 2
6580 3 36 3
6579 3 33 3
6583 2 16 2
5661 2 82 2
5660 3 29 3
6575 3 28 3
6577 2 11 2
1821 6 147 6
4297 4 81 4
4301 3 23 3
2673 2 19 2
1390 2 61 2
3317 4 38 4
1085 3 78 3
6584 2 18 2
6585 2 17 2
876 2 15 2
6586 2 11 2
6588 2 20 2
6589 2 30 2
2276 2 18 2
3760 3 27 3
6591 2 16 2
3765 5 79 5
3764 2 25 2
6595 3 27 3
4302 3 25 3
2399 2 18 2
4303 2 30 2
3769 2 41 2
6604 6 161 5
6603 4 57 4
4146 2 20 2
6602 7 185 6
4307 3 63 3
5671 4 101 4
2918 2 77 2
2142 2 29 2
2319 2 24 2
2143 2 23 2
1391 2 32 2
2321 2 10 2
2320 2 11 2
2322 2 32 2
5673 2 38 2
6599 2 26 2
6612 5 102 5
6611 2 18 2
4148 7 172 6
6606 2 13 2
6607 5 506 5
3027 5 116 5
6609 5 130 5
3772 3 41 3
3771 2 49 2
4931 2 16 2
2086 4 150 4
5678 2 13 2
6616 2 18 2
6615 2 65 2
6618 4 84 4
6619 3 65 3
5680 2 18 2
6617 2 21 2
6622 2 18 2
5682 2 22 2
5683 4 111 4
1553 4 55 4
6621 2 22 2
6620 2 21 2
3774 3 38 3
5717 2 34 2
6668 2 76 2
2095 3 37 3
6672 2 34 2
5722 2 18 2
4343 2 29 2
4344 3 44 3
5719 3 23 3
4157 2 13 2
1630 2 16 2
5510 2 27 2
5725 4 68 4
5724 2 34 2
4347 2 28 2
4346 2 19 2
4963 2 20 2
4962 2 28 2
4964 2 28 2
6683 4 143 4
6682 2 27 2
6674 3 38 3
6678 11 694 10
2148 12 309 9
2285 2 40 2
3652 2 17 2
4349 3 25 3
4350 2 48 2
6685 2 30 2
4348 4 46 4
1644 2 15 2
3345 2 28 2
4159 2 12 2
4351 2 13 2
3816 7 313 5
3815 2 11 2
3818 2 16 2
3817 7 277 6
4967 2 40 2
4968 2 64 2
6696 3 22 3
835 3 77 3
6697 2 40 2
877 2 11 2
3346 2 33 2
3347 2 16 2
2667 3 19 3
4971 5 121 5
5737 3 53 3
5738 3 33 3
5734 2 182 2
6706 2 23 2
3819 2 23 2
4972 4 69 4
5741 4 48 4
247 2 21 2
5739 2 13 2
4356 2 20 2
3658 2 35 2
60 2 12 2
6763 5 236 5
5771 2 16 2
6765 4 102 4
6764 3 44 3
6759 4 26 4
6760 3 74 3
6761 2 19 2
6768 2 20 2
593 7 295 6
5773 3 43 3
4166 2 23 2
5772 3 20 3
4378 3 28 3
4377 2 91 2
4376 2 29 2
6439 3 35 3
5774 3 133 3
6774 2 21 2
6771 7 200 5
6772 2 21 2
6773 4 121 4
1376 3 31 3
6776 2 18 2
5009 2 47 2
3603 2 45 2
6777 2 12 2
5780 3 51 3
1476 3 41 3
4392 5 128 5
4391 2 23 2
4390 4 126 4
6780 2 24 2
5782 2 27 2
3371 4 76 4
3370 2 14 2
1494 2 19 2
6781 2 16 2
4783 7 222 6
4393 2 17 2
6785 2 20 2
6786 2 16 2
5786 4 111 4
6787 4 224 4
4170 2 25 2
4785 3 125 3
4395 2 26 2
2976 3 61 3
1971 3 31 3
5013 5 105 5
2689 2 44 2
4394 4 92 4
5789 2 12 2
6795 2 24 2
5794 2 20 2
6796 2 39 2
6793 3 75 3
5792 5 166 5
5015 3 25 3
5014 2 15 2
3602 2 20 2
6830 2 64 2
5493 2 10 2
5043 2 60 2
5042 2 18 2
3255 2 23 2
6833 2 28 2
5044 2 34 2
6831 3 51 3
5045 2 13 2
6837 3 22 3
5051 2 11 2
6838 7 209 6
1451 4 127 4
5819 5 42 5
6842 7 204 6
6843 2 23 2
5828 2 10 2
1343 5 89 5
6846 2 19 2
6847 4 90 4
2381 2 16 2
5829 4 56 4
5830 6 174 6
3861 2 47 2
5824 2 19 2
423 2 15 2
4414 3 24 3
4413 2 15 2
5055 2 15 2
2001 5 109 5
6853 3 21 3
4416 3 25 3
1831 2 15 2
5836 2 18 2
6858 5 104 5
6856 5 68 5
2767 4 136 4
2768 3 76 3
4419 2 22 2
5057 2 19 2
6860 5 235 5
5839 2 23 2
5838 2 22 2
4796 2 20 2
3259 8 104 6
5842 3 49 3
2398 2 18 2
5531 2 35 2
6870 4 110 4
6868 2 38 2
6867 2 16 2
1793 2 28 2
1792 2 25 2
1791 6 122 6
1790 3 32 3
1398 2 44 2
6873 3 27 3
2382 2 16 2
5870 2 38 2
6914 2 23 2
5078 2 32 2
6916 2 19 2
5873 4 44 4
6918 2 25 2
2929 2 24 2
6915 2 16 2
5874 6 251 5
1748 9 222 7
3879 3 24 3
4184 2 21 2
5875 2 20 2
6925 2 22 2
6927 9 455 8
5535 2 31 2
6926 2 35 2
871 3 34 3
3078 3 32 3
2991 3 87 3
3884 3 17 3
3882 3 91 3
2982 2 67 2
3883 4 181 4
6928 2 48 2
3402 2 26 2
1877 2 23 2
6930 3 26 3
6929 2 17 2
4756 4 79 4
5881 2 42 2
1079 2 18 2
5085 2 16 2
5084 3 25 3
5086 2 21 2
5879 3 165 3
5083 2 16 2
3589 2 12 2
3264 2 75 2
4806 2 22 2
6938 2 28 2
312 2 35 2
2926 2 27 2
6941 2 26 2
4435 3 41 3
5887 4 87 4
3887 4 108 4
3888 3 66 3
5091 3 46 3
6944 2 15 2
4185 3 46 3
6983 3 36 3
6982 3 32 3
6981 4 80 4
5917 2 35 2
6985 2 19 2
6984 2 12 2
2123 3 34 3
3903 2 16 2
5921 2 13 2
3904 2 20 2
6987 2 24 2
6986 3 45 3
1819 5 203 5
3424 5 73 5
3425 2 51 2
6991 7 229 6
2933 2 10 2
5124 4 191 4
5126 2 11 2
5125 2 13 2
5924 2 24 2
5923 3 108 3
2656 3 23 3
5118 2 11 2
5926 6 142 6
3426 2 19 2
3694 2 29 2
3695 2 20 2
4460 3 39 3
2471 4 189 4
5127 2 61 2
5925 2 22 2
5929 2 28 2
6998 2 40 2
7000 8 153 6
6996 2 15 2
1985 2 16 2
5928 4 84 4
3696 3 24 3
7006 2 12 2
5133 2 26 2
5129 3 48 3
1626 3 18 3
2701 2 32 2
5130 5 134 5
3087 2 20 2
959 3 19 3
4465 5 131 5
107 3 43 3
7007 2 24 2
4194 4 167 4
5134 4 116 4
1483 3 78 3
2906 2 32 2
2404 4 196 4
1982 2 22 2
2799 4 74 4
2800 3 79 3
5938 2 23 2
5937 2 17 2
7054 4 92 4
5960 4 67 4
3704 2 19 2
4483 2 45 2
3916 2 12 2
4203 3 56 3
5546 2 32 2
4822 4 132 4
5961 2 18 2
7058 2 12 2
3454 2 30 2
4489 3 39 3
4488 2 21 2
7060 2 15 2
4494 3 75 3
4495 2 15 2
5962 2 11 2
7066 2 15 2
7065 6 130 5
1249 3 44 3
2907 2 29 2
5971 2 12 2
5972 3 42 3
7063 2 75 2
7064 3 30 3
194 2 72 2
5973 2 27 2
5156 2 14 2
5157 3 45 3
2803 7 115 6
2801 2 83 2
2802 3 20 3
4496 3 51 3
859 2 12 2
5547 2 30 2
7070 2 14 2
7071 2 55 2
3923 2 17 2
7069 3 34 3
5975 2 13 2
2431 3 64 3
5159 2 17 2
5160 4 52 4
1876 2 20 2
3459 2 22 2
3458 7 196 7
7074 3 50 3
5980 2 23 2
7075 3 28 3
7080 2 34 2
148 2 27 2
4825 3 23 3
5986 3 31 3
5989 3 49 3
4847 3 21 3
5287 2 19 2
7325 3 27 3
7324 3 33 3
7333 2 12 2
7329 2 38 2
4595 3 21 3
656 2 63 2
7331 2 17 2
6170 4 95 4
6169 2 33 2
7334 2 19 2
7335 2 36 2
2397 2 20 2
5289 2 12 2
5288 3 30 3
5290 2 75 2
7337 2 32 2
7343 2 35 2
5291 4 71 4
7340 2 19 2
7345 2 15 2
5294 2 31 2
5292 2 20 2
3616 2 26 2
3288 2 19 2
5293 3 29 3
3628 3 62 3
7349 2 31 2
6172 3 60 3
6173 2 43 2
6174 2 24 2
6175 2 42 2
7348 3 119 3
4843 2 49 2
7347 5 73 5
4600 2 12 2
4599 2 50 2
4226 2 11 2
2979 2 53 2
4848 2 15 2
7351 2 11 2
3119 3 20 3
3118 3 29 3
4850 3 100 3
7355 2 26 2
3721 2 20 2
3514 3 49 3
2010 2 34 2
3515 2 20 2
7353 3 27 3
7354 3 58 3
2652 3 16 3
7392 2 20 2
2384 3 26 3
7397 2 14 2
1551 2 95 2
5318 3 50 3
6206 2 25 2
6205 2 14 2
5561 3 45 3
6207 2 69 2
5319 2 55 2
2621 2 22 2
1862 5 118 5
2438 3 73 3
7401 2 12 2
6211 2 11 2
4612 2 13 2
6213 2 23 2
7402 2 21 2
2264 3 55 3
2132 3 68 3
7404 8 297 7
7403 3 51 3
4611 2 42 2
4610 3 39 3
7405 7 261 6
5321 4 96 4
5320 2 16 2
5322 2 19 2
4758 2 21 2
2712 2 12 2
3534 4 84 4
7410 3 32 3
7409 2 24 2
6214 3 55 3
7407 2 11 2
7406 2 18 2
1570 3 54 3
1746 2 14 2
4008 3 69 3
7412 2 18 2
7413 3 40 3
7411 2 43 2
6215 2 21 2
4613 3 56 3
6216 2 29 2
6220 4 54 4
6222 4 81 4
6224 2 29 2
6223 3 24 3
6221 2 11 2
6219 2 19 2
7415 2 29 2
7417 2 12 2
6225 2 13 2
3292 2 19 2
7416 2 39 2
5324 3 62 3
7421 2 22 2
7420 2 43 2
4617 2 21 2
4619 2 16 2
4618 4 73 4
4620 2 36 2
5326 5 53 5
5325 2 39 2
5327 2 23 2
1855 4 79 4
6282 2 24 2
6281 2 25 2
2300 13 680 8
3542 3 30 3
2501 2 17 2
4652 4 27 4
4653 2 72 2
4651 2 35 2
5360 2 30 2
2494 2 24 2
6291 2 17 2
6292 2 25 2
6293 7 168 6
4028 3 23 3
4027 3 28 3
4029 2 25 2
6296 2 20 2
3216 3 17 3
6294 3 113 3
5364 3 38 3
5363 2 45 2
1576 4 173 4
6297 2 50 2
5362 2 11 2
3547 2 24 2
3287 2 31 2
6299 2 16 2
2871 2 41 2
4657 2 31 2
5366 2 22 2
6304 2 40 2
2249 2 22 2
6302 4 48 4
4854 2 16 2
6303 2 10 2
4855 2 27 2
5368 3 37 3
2458 2 10 2
728 2 31 2
2218 4 39 4
2217 3 54 3
1081 9 349 7
6306 2 12 2
2456 2 26 2
5370 2 61 2
5369 5 89 5
5371 2 24 2
4160 6 160 6
3549 2 22 2
1836 2 11 2
3550 2 50 2
1026 3 48 3
434 2 35 2
6307 2 13 2
6308 2 13 2
3296 2 12 2
5407 2 12 2
5408 2 35 2
1419 3 26 3
5405 2 22 2
6345 4 119 4
6344 3 56 3
2715 2 17 2
3604 3 31 3
4048 2 16 2
5566 3 19 3
4681 2 28 2
1433 7 240 7
5413 4 67 4
5412 2 16 2
3297 2 31 2
4050 2 19 2
4680 3 41 3
4679 3 45 3
6348 2 22 2
268 2 11 2
6349 2 30 2
5419 3 35 3
5418 8 213 7
5420 4 276 4
2439 2 66 2
4685 8 140 6
5424 2 26 2
6354 2 17 2
5423 2 16 2
6355 2 15 2
1307 2 70 2
2607 2 53 2
1829 2 16 2
4686 2 16 2
4687 2 47 2
5430 3 29 3
4688 3 75 3
3555 6 463 6
6359 2 24 2
834 4 39 4
4056 3 24 3
3556 5 112 5
2012 2 38 2
2875 6 184 6
5431 2 19 2
4054 2 19 2
4053 4 133 4
4055 3 62 3
6396 2 19 2
3167 5 107 5
3166 4 263 4
6397 2 15 2
3009 2 16 2
3563 2 24 2
4707 2 38 2
1700 2 30 2
6399 2 18 2
5459 2 13 2
5465 2 62 2
6402 2 26 2
1822 2 21 2
6401 2 52 2
4083 2 48 2
6403 2 18 2
4761 2 17 2
5462 3 35 3
324 3 25 3
5471 3 135 3
6404 2 21 2
5467 2 24 2
1989 2 15 2
4084 2 37 2
2937 2 132 2
5472 3 48 3
2141 4 70 4
1468 2 14 2
3569 2 118 2
3568 3 110 3
3570 2 17 2
3571 2 14 2
540 2 22 2
1446 5 198 5
2082 2 30 2
6407 4 57 4
4721 2 21 2
5477 2 21 2
6411 3 34 3
6413 2 14 2
4842 2 27 2
5482 2 22 2
3175 2 14 2
3176 2 20 2
1508 2 10 2
2224 2 15 2
2223 2 37 2
2225 3 48 3
6416 2 13 2
5480 3 111 3
683 3 65 3
2507 3 102 3
2509 3 147 3
2508 2 40 2
5601 2 13 2
1944 2 34 2
4742 2 15 2
6478 2 16 2
1341 3 37 3
6477 2 23 2
3738 2 16 2
4255 2 18 2
4253 2 13 2
4254 2 19 2
6481 2 13 2
6482 5 676 5
6479 2 16 2
4257 3 32 3
4256 4 215 4
4259 2 17 2
6486 2 31 2
5608 2 79 2
4258 3 30 3
4877 2 22 2
5604 2 24 2
6485 2 20 2
5605 2 19 2
5606 2 24 2
6492 2 12 2
6491 2 16 2
3739 2 18 2
4137 3 74 3
2136 2 10 2
6493 2 22 2
6501 2 10 2
3308 3 46 3
1418 2 18 2
4881 2 16 2
4880 2 83 2
5615 2 15 2
6506 3 50 3
5611 2 13 2
3231 2 20 2
3741 3 24 3
3742 2 12 2
6507 2 18 2
6508 2 18 2
4262 2 12 2
4886 3 40 3
4885 2 16 2
4888 2 17 2
4887 2 29 2
6514 2 15 2
6515 2 21 2
1442 6 209 6
5621 2 13 2
908 2 29 2
2314 2 19 2
2313 2 15 2
2315 3 45 3
6564 2 32 2
6565 3 61 3
1181 2 20 2
6566 4 51 4
2958 2 32 2
3192 3 36 3
4914 2 25 2
4142 3 63 3
4913 4 44 4
2639 2 13 2
4916 5 167 5
4917 2 15 2
2103 2 28 2
2519 4 25 4
2520 2 30 2
6567 4 104 4
3639 2 50 2
5654 4 94 4
5653 2 41 2
4143 2 40 2
6574 6 282 6
5659 2 47 2
6570 5 66 5
3023 2 36 2
3022 2 15 2
6569 2 23 2
6581 6 115 5
3640 2 16 2
6582 2 17 2
2897 2 23 2
1337 4 70 4
5664 2 14 2
2959 2 12 2
1282 2 63 2
5662 2 10 2
6576 3 54 3
1715 2 20 2
2898 2 13 2
4755 3 27 3
6596 3 28 3
3319 2 15 2
3318 2 10 2
6590 3 98 3
2277 3 21 3
1854 3 27 3
6601 6 723 6
3768 3 44 3
6598 3 27 3
6600 2 19 2
2625 2 36 2
1392 3 74 3
3028 2 18 2
6608 2 15 2
760 2 15 2
4147 5 140 5
5677 3 26 3
4929 2 15 2
4928 2 22 2
6663 3 58 3
3044 3 48 3
3045 9 372 8
5715 2 34 2
5714 2 17 2
5716 2 16 2
4958 2 56 2
4959 2 27 2
2901 3 18 3
4341 2 15 2
4960 2 25 2
4340 2 15 2
6664 2 27 2
6665 5 161 5
2746 2 15 2
2745 5 157 5
2747 3 88 3
3341 2 54 2
6670 2 11 2
4156 2 13 2
2028 2 39 2
1033 2 10 2
2030 2 17 2
2029 5 193 5
2147 3 89 3
1994 3 45 3
2748 3 73 3
5721 2 17 2
6438 8 208 7
4345 3 20 3
5718 2 28 2
2679 2 23 2
2678 2 31 2
2643 2 13 2
6681 2 24 2
1400 4 64 4
2680 2 13 2
6673 2 52 2
6675 2 18 2
6676 2 13 2
6677 2 23 2
6687 2 27 2
6688 4 32 4
3814 3 28 3
3813 2 34 2
6684 2 14 2
5726 2 16 2
3243 2 17 2
6693 3 172 3
4353 2 40 2
1621 3 26 3
4354 3 36 3
2618 4 42 4
6698 2 16 2
6699 4 51 4
5766 3 37 3
6756 2 23 2
5000 3 59 3
4999 2 20 2
3367 3 42 3
1761 3 31 3
3368 2 19 2
6758 2 11 2
5004 3 42 3
3601 6 121 5
5003 2 181 2
3842 2 14 2
5767 5 69 5
3196 7 90 7
2755 2 12 2
2754 2 28 2
2975 2 62 2
5770 3 31 3
3582 5 86 5
2151 3 45 3
6766 3 85 3
4116 5 131 5
6762 3 49 3
2467 2 12 2
6769 2 21 2
5007 2 19 2
5005 2 11 2
6767 3 90 3
923 5 214 5
2329 2 10 2
2331 2 27 2
2330 2 15 2
830 2 28 2
4379 3 24 3
6770 4 77 4
5521 2 42 2
5008 2 55 2
6775 3 26 3
5781 2 25 2
5777 3 69 3
2087 3 30 3
3061 2 32 2
3060 4 40 4
3059 2 13 2
5784 3 55 3
5783 4 30 4
4387 3 87 3
6819 3 56 3
2757 2 20 2
2758 3 41 3
2759 2 63 2
6820 4 223 4
6822 4 61 4
6821 2 20 2
4790 2 34 2
2978 3 71 3
3383 2 75 2
6826 2 12 2
6827 2 26 2
6828 3 34 3
2764 3 39 3
2765 2 15 2
6829 5 139 5
3068 2 18 2
3067 3 21 3
2472 4 90 4
1859 5 84 5
6832 2 17 2
3256 3 39 3
2549 2 13 2
1345 2 34 2
1577 2 19 2
3860 2 20 2
4792 2 14 2
6834 3 150 3
3678 7 161 5
6848 2 16 2
6841 6 138 5
1948 2 24 2
5825 2 53 2
5054 2 25 2
3862 2 18 2
6855 2 27 2
1481 2 16 2
6850 2 25 2
6851 2 50 2
5837 2 27 2
2244 2 32 2
7168 2 26 2
1615 2 42 2
6043 4 86 4
3186 3 34 3
2395 3 49 3
4833 2 18 2
4124 2 14 2
5215 2 91 2
4540 2 14 2
7170 3 38 3
1146 4 150 4
6044 5 179 5
5553 4 123 4
7171 3 29 3
3478 2 12 2
4541 7 262 6
5217 3 23 3
5216 2 39 2
5219 6 152 6
5218 2 12 2
6045 2 29 2
6046 3 49 3
3104 4 43 4
3105 3 38 3
5220 2 22 2
3212 3 41 3
2489 2 32 2
6047 3 108 3
1556 2 16 2
5223 4 50 4
5222 3 157 3
4218 2 42 2
6048 2 17 2
5221 2 16 2
3276 2 14 2
4542 2 44 2
1220 3 64 3
6049 3 41 3
1810 2 18 2
4105 2 27 2
7172 2 50 2
3482 2 11 2
3481 2 14 2
3480 2 53 2
3479 2 19 2
7173 2 17 2
5224 3 81 3
3960 2 31 2
3959 3 38 3
7216 2 14 2
4221 2 24 2
3278 3 30 3
5237 4 86 4
5236 2 19 2
3713 2 18 2
2409 2 21 2
5235 5 109 5
3961 2 25 2
3963 4 131 4
3962 2 13 2
7217 2 41 2
7218 3 39 3
7221 2 23 2
7220 2 12 2
5238 5 80 5
7219 8 204 7
4222 2 24 2
3965 2 17 2
3964 2 17 2
4553 2 29 2
6080 4 50 4
7223 2 46 2
4554 2 27 2
7222 3 36 3
5239 2 16 2
4552 6 268 5
4551 3 18 3
7226 2 14 2
2821 4 42 4
2820 2 52 2
2822 2 36 2
7225 2 23 2
7224 2 16 2
5240 2 11 2
5241 2 14 2
7228 2 12 2
7227 5 78 5
3966 5 181 5
3714 5 161 5
4556 7 264 6
4555 2 12 2
2434 2 18 2
6081 2 30 2
2936 5 197 5
7230 3 49 3
4573 2 11 2
4574 3 18 3
4572 2 21 2
4571 2 13 2
2211 2 22 2
1888 4 48 4
2212 2 15 2
2213 2 14 2
5256 2 12 2
3114 2 18 2
3113 2 33 2
4225 7 180 6
7290 2 27 2
3500 2 31 2
6127 2 18 2
6128 4 49 4
2496 2 11 2
7291 2 44 2
1557 2 25 2
3284 4 70 4
1981 3 32 3
5257 3 36 3
3285 2 20 2
5258 2 21 2
5259 2 15 2
7292 2 13 2
4575 3 40 3
4576 2 29 2
6129 2 19 2
3983 4 350 4
3982 2 30 2
5260 2 13 2
7293 2 20 2
6131 2 12 2
5261 2 33 2
4127 4 49 4
6130 2 49 2
3984 3 147 3
3985 2 33 2
4577 2 24 2
342 4 44 4
1224 2 16 2
7294 4 98 4
3179 2 17 2
2305 2 31 2
2262 2 13 2
3508 2 18 2
3507 3 53 3
7322 2 22 2
3996 3 103 3
3995 2 50 2
4592 2 153 2
5285 3 139 3
5286 2 33 2
7323 3 25 3
4846 3 71 3
7326 2 47 2
4594 2 13 2
4593 2 17 2
3997 2 31 2
7332 2 29 2
3998 2 18 2
7327 6 266 6
7328 3 130 3
7330 4 99 4
3117 2 10 2
4596 4 224 4
6168 4 75 4
7338 2 10 2
2849 6 79 5
2848 2 42 2
2011 2 13 2
7336 4 96 4
2497 2 27 2
6171 2 16 2
3511 2 14 2
7341 2 53 2
3509 6 128 5
3510 2 17 2
7339 2 132 2
7342 2 46 2
3999 2 17 2
3289 2 16 2
2587 2 28 2
7346 3 66 3
3512 5 229 5
1372 3 34 3
3513 2 32 2
2498 2 27 2
4598 2 16 2
4597 8 448 8
7344 5 118 5
5295 4 42 4
7350 2 23 2
5296 4 55 4
2938 2 17 2
3720 2 15 2
2632 3 101 3
2939 2 21 2
5317 3 34 3
3525 2 31 2
3524 2 21 2
3523 2 11 2
3522 5 130 5
4128 2 43 2
1806 3 20 3
1808 2 41 2
1807 2 24 2
1809 3 39 3
4609 2 19 2
4608 2 10 2
4607 2 13 2
4004 9 267 8
2856 2 46 2
2858 4 76 4
2857 3 17 3
7391 2 12 2
6204 2 33 2
2940 2 16 2
7394 3 64 3
7393 7 173 6
7395 4 110 4
6208 2 26 2
6209 2 17 2
7399 2 68 2
4005 2 11 2
7396 3 40 3
3526 2 27 2
3528 2 114 2
3527 2 17 2
3530 5 125 5
3529 2 12 2
3531 2 15 2
7398 2 11 2
6210 5 182 5
7400 7 503 7
3532 2 15 2
5562 3 23 3
2265 2 21 2
3533 2 22 2
6212 2 12 2
5323 2 24 2
2860 2 22 2
2862 2 13 2
2861 2 22 2
2863 2 41 2
2859 6 166 6
4006 3 35 3
4007 2 27 2
7408 4 77 4
4228 3 40 3
4616 6 115 6
7414 2 19 2
4614 5 160 5
4615 6 381 6
6217 2 26 2
6218 2 56 2
6279 5 66 5
6278 3 93 3
3005 5 150 5
4023 3 68 3
3726 11 189 8
878 2 39 2
3138 3 40 3
3006 2 26 2
2307 2 12 2
6280 2 35 2
4647 3 151 3
4646 2 16 2
3539 2 10 2
3540 2 12 2
1863 8 308 7
3541 4 40 4
5359 2 16 2
6284 6 331 6
6285 4 47 4
6283 2 13 2
4650 2 20 2
4649 3 99 3
4648 4 192 4
6289 2 14 2
6290 3 39 3
6287 2 15 2
6286 2 48 2
6288 2 44 2
4024 2 28 2
4025 2 17 2
4738 2 37 2
4026 2 13 2
3545 2 30 2
3544 3 42 3
3543 2 15 2
5361 3 54 3
6295 4 71 4
3139 2 16 2
6298 2 26 2
3546 3 80 3
6301 3 45 3
6300 2 15 2
4656 3 71 3
4655 2 17 2
4654 6 217 5
5365 2 63 2
3140 2 15 2
6305 2 23 2
5367 6 316 6
3548 2 28 2
6340 3 72 3
6341 2 12 2
2874 2 18 2
6342 2 20 2
5400 3 98 3
5399 2 42 2
4673 4 90 4
4674 2 29 2
4675 3 120 3
5401 5 233 5
6343 2 11 2
5403 3 75 3
5404 3 72 3
5402 2 12 2
4676 5 76 5
4677 2 17 2
5406 2 42 2
5410 2 87 2
5409 3 38 3
2633 2 16 2
6346 5 62 5
4678 2 97 2
5411 4 125 4
4049 2 20 2
6350 2 26 2
4683 4 46 4
6353 2 10 2
4684 3 21 3
3149 2 18 2
5426 2 29 2
5568 2 14 2
4705 3 44 3
4704 2 49 2
4706 2 19 2
4079 2 31 2
4078 2 31 2
