0 14 14 5829 98 66 14 98 3680 4105 66 14 98 98 66 14 
1 98 14 14 79 43 98 98 14 6 
2 98 14 14 60 1040 4120 98 4763 98 98 14 14 79 14 14 
3 14 6 14 98 6 14 5529 14 14 98 14 98 98 98 14 14 14 98 66 
4 14 98 98 43 66 14 
5 66 5829 98 14 66 66 98 461 758 98 14 6 14 14 98 280 98 
6 6 98 14 98 98 0 60 98 6 558 14 
7 98 14 98 43 14 14 280 14 98 
8 14 98 98 98 14 43 98 
9 98 98 98 14 14 6 98 14 98 
10 79 0 98 98 79 98 43 66 95 
11 2988 14 14 4105 98 60 1121 6378 5339 66 98 2336 66 14 98 14 66 4660 
12 98 98 14 5829 14 1051 6 98 6438 98 14 6032 3618 98 43 14 
13 98 14 14 4105 375 14 14 79 43 22 
14 98 60 14 3946 7 43 134 14 98 43 3946 14 1617 422 79 14 
15 98 98 14 33 5829 4105 14 14 14 98 66 43 98 14 14 
16 98 98 14 98 98 14 1519 60 98 60 6378 98 66 6 14 
17 14 25 98 14 1040 14 98 
18 14 98 3866 98 98 14 98 66 98 98 6020 14 98 98 66 98 
19 66 14 4769 98 14 4105 98 4815 
20 14 98 14 86 14 2822 66 14 
21 14 98 3422 95 14 14 98 4763 98 
22 608 14 98 98 66 98 6633 14 422 79 141 86 98 
23 14 14 98 98 98 98 98 
24 98 3522 66 66 98 6215 66 14 306 2336 98 98 14 
25 3946 98 98 14 2041 98 14 98 98 14 14 86 98 79 98 
26 5369 14 3635 1091 98 98 98 43 98 98 14 14 98 14 98 98 
27 14 7 66 98 153 43 5860 
28 5339 98 608 43 449 14 98 98 14 3522 98 
29 994 60 14 14 98 60 14 98 43 3866 98 
30 65 98 5339 98 608 65 933 98 2041 2041 66 3137 98 5829 14 
31 14 841 98 14 14 14 98 98 33 1617 14 4755 3289 14 4372 14 98 
32 14 369 79 14 98 98 14 5082 3936 395 
33 98 86 14 
34 14 66 98 14 14 2322 
35 98 14 14 98 14 14 98 98 14 0 14 98 14 60 6138 134 98 98 
36 98 14 3173 1051 98 43 4319 98 6 14 66 608 1040 5173 14 5829 392 14 
37 14 66 884 14 98 527 86 98 14 98 98 66 66 
38 14 14 14 14 98 98 
39 14 66 3404 98 66 3866 6 6 994 14 14 66 98 60 4763 
40 6138 14 14 707 98 14 98 98 66 98 14 14 98 66 841 
41 1106 2307 98 98 98 14 14 22 2490 14 14 98 98 98 3076 
42 14 3866 98 5055 14 3236 5829 98 98 174 14 3866 98 608 3866 
43 2336 98 608 98 98 3236 98 98 86 98 98 0 98 
44 98 3643 98 98 6 905 98 98 1617 1369 14 14 14 79 98 98 79 14 
45 98 5458 98 98 98 14 98 5829 98 98 14 14 5984 86 3676 98 
46 5055 14 98 66 2187 14 203 14 43 
47 98 14 5829 98 98 2041 5829 14 860 98 98 14 98 98 
48 43 25 14 98 4755 14 1818 14 98 66 98 98 1157 66 98 2318 98 98 14 
49 98 14 86 14 60 14 14 43 14 
50 98 66 14 66 14 14 98 98 14 92 98 14 14 98 98 14 98 4105 
51 98 43 4854 98 98 43 14 98 812 66 98 14 875 
52 1779 43 98 12 14 656 14 5055 14 14 1040 66 14 14 95 
53 14 3236 14 5984 930 66 66 3436 4763 22 14 98 14 14 60 
54 994 66 3866 14 98 98 3793 98 95 5196 98 14 42 14 66 98 14 
55 98 2080 8 4201 98 66 14 98 5339 4723 98 14 86 66 14 
56 6 14 14 5829 14 98 98 98 14 5529 
57 2074 14 5019 965 
58 98 98 98 14 98 14 66 19 3236 98 98 14 14 14 
59 14 8 
