0 95 95 95 642 4469 95 95 3683 95 12 2187 95 642 95 54 
1 95 95 323 95 95 642 95 5154 95 
2 642 95 95 788 95 4120 95 95 95 95 95 95 95 95 95 
3 95 95 95 95 449 95 95 6194 6058 95 642 95 642 95 95 95 95 2670 2291 
4 95 95 95 95 12 1046 
5 95 95 95 95 95 95 95 461 758 95 509 5736 95 95 95 1046 95 
6 3242 95 95 95 642 172 4650 95 95 508 95 
7 95 95 95 95 95 2347 95 95 95 
8 4865 95 95 95 95 95 95 
9 95 642 95 95 95 95 95 95 4865 
10 95 1680 95 95 95 95 95 95 95 
11 4264 686 95 95 95 95 812 6375 6194 226 95 6058 54 5154 95 95 134 4660 
12 95 95 95 95 95 372 95 95 54 1471 54 95 54 95 4865 95 
13 95 95 1046 95 6058 745 14 95 95 4029 
14 95 30 95 95 95 2187 134 3137 95 95 95 95 95 226 2670 95 
15 95 642 95 1963 95 95 6058 6020 95 642 95 95 4865 95 95 
16 95 642 95 642 95 95 95 95 95 54 6375 4850 4387 5736 95 
17 95 25 95 95 1040 95 95 
18 2670 6058 95 642 95 95 95 2192 95 95 6020 95 95 3015 95 95 
19 3137 95 6219 95 95 5264 95 95 
20 95 95 54 95 95 2822 4865 95 
21 95 95 1766 95 95 95 509 95 95 
22 608 95 95 95 2138 95 95 95 422 642 141 95 95 
23 2670 95 95 95 642 95 95 
24 95 54 226 95 95 12 54 95 306 54 3414 660 95 
25 95 95 95 95 95 95 95 95 95 95 95 95 95 95 2670 
26 95 2517 3635 306 642 95 95 4865 95 95 95 95 95 95 95 95 
27 95 95 95 95 4387 95 4286 
28 6194 95 608 95 2517 95 95 95 14 54 95 
29 306 95 95 95 1471 95 95 95 95 95 95 
30 65 95 95 95 6058 65 95 95 825 95 226 3137 95 95 95 
31 95 54 95 95 95 4983 509 95 95 95 95 1537 226 95 5185 95 95 
32 95 12 95 95 642 95 6343 95 3936 106 
33 95 95 2187 
34 95 66 95 95 95 95 
35 1232 54 95 95 95 95 95 95 95 8 95 4850 4983 1046 95 134 95 95 
36 95 95 95 95 95 95 5396 95 95 95 66 54 1040 4850 54 95 226 449 
37 54 95 884 95 95 284 86 95 745 3414 95 54 54 
38 95 95 1046 95 95 95 
39 95 2933 95 642 6058 6058 95 95 306 6194 95 95 95 54 95 
40 95 95 95 25 95 2187 642 95 54 95 95 323 3414 95 3699 
41 54 2307 95 95 95 95 95 95 2431 95 95 95 95 95 3076 
42 95 2187 95 95 95 95 95 95 95 306 95 95 95 134 4865 
43 3137 95 95 642 95 95 95 95 95 642 3414 226 95 
44 95 3643 95 95 95 95 95 95 95 226 1046 95 95 642 95 95 95 95 
45 95 95 95 642 509 95 95 24 95 95 1177 95 4865 95 4387 95 
46 95 95 95 1232 2187 95 12 95 95 
47 95 95 95 509 509 226 95 134 112 642 3414 95 95 95 
48 95 25 95 95 4755 95 1818 95 95 95 95 95 141 6058 95 95 95 1471 95 
49 95 14 95 95 226 95 95 95 565 
50 95 95 95 95 95 95 95 95 323 95 642 95 95 4865 95 95 134 95 
51 95 95 4865 95 642 95 6058 642 812 134 95 95 875 
52 95 95 95 12 95 4063 6343 95 95 95 2647 449 54 95 95 
53 95 95 95 6058 2106 54 66 306 95 8 54 95 95 95 6058 
54 95 1046 54 95 95 509 3793 95 95 95 95 95 95 95 134 134 95 
55 95 2187 8 714 95 95 95 95 6194 95 95 6107 4850 95 95 
56 54 95 95 95 95 95 642 95 95 95 
57 54 95 4865 965 
58 95 95 95 95 642 95 6058 226 95 95 1471 95 95 95 
59 95 989 
