0 4 118 4
1 2 67 2
2 5 89 5
3 2 19 2
4 3 25 3
5 4 72 4
6 7 295 6
7 7 332 6
8 3 55 3
9 2 21 2
10 2 20 2
11 4 67 4
12 2 19 2
13 18 875 12
14 7 89 6
15 4 355 4
16 3 42 3
17 2 48 2
18 6 181 6
19 4 71 4
20 2 48 2
21 4 77 4
22 4 110 4
23 3 92 3
24 2 15 2
25 2 19 2
26 10 338 8
27 4 37 4
28 3 81 3
29 3 32 3
30 2 23 2
31 2 50 2
32 2 13 2
33 4 95 4
34 9 93 7
35 2 13 2
36 5 62 5
37 3 83 3
38 2 11 2
39 2 54 2
40 5 59 5
41 2 32 2
42 5 54 5
43 8 140 7
44 2 50 2
45 2 35 2
46 4 137 4
47 2 18 2
48 2 95 2
49 2 42 2
50 4 53 4
51 2 27 2
52 6 161 5
53 3 87 3
54 2 72 2
55 2 13 2
56 9 193 7
57 2 48 2
58 2 16 2
59 4 33 4
60 6 67 5
61 2 61 2
62 2 62 2
63 2 54 2
64 3 63 3
65 2 34 2
66 5 84 5
67 6 182 5
68 2 30 2
69 3 62 3
70 3 36 3
71 2 80 2
72 5 40 5
73 3 49 3
74 2 78 2
75 4 47 4
76 5 165 5
77 2 69 2
78 4 43 4
79 8 301 7
80 3 123 3
81 2 41 2
82 4 64 4
83 3 57 3
84 2 25 2
85 6 120 6
86 7 490 7
87 3 116 3
88 4 76 4
89 5 88 5
90 4 50 4
91 2 79 2
92 5 172 5
93 3 60 3
94 3 16 3
95 2 25 2
96 3 48 3
97 4 35 4
98 8 293 8
99 2 19 2
100 2 20 2
101 2 12 2
102 6 78 5
103 3 35 3
104 5 132 5
105 7 143 6
106 4 70 4
107 2 44 2
108 2 21 2
109 2 10 2
110 2 16 2
111 3 38 3
112 3 38 3
113 2 19 2
114 2 32 2
115 4 35 4
116 2 13 2
117 3 42 3
118 3 41 3
119 2 13 2
120 5 97 5
121 2 12 2
122 2 27 2
123 2 10 2
124 2 26 2
125 6 241 6
126 6 146 5
127 2 28 2
128 2 15 2
129 2 17 2
130 5 82 5
131 2 24 2
132 2 11 2
133 3 36 3
134 2 19 2
135 2 28 2
136 2 10 2
137 9 133 5
138 3 33 3
139 2 41 2
140 2 51 2
141 2 19 2
142 7 404 6
143 2 30 2
144 6 51 5
145 2 17 2
146 5 70 5
147 6 241 5
148 2 23 2
149 2 31 2
150 3 31 3
151 4 59 4
152 3 58 3
153 7 140 6
154 4 33 4
155 3 31 3
156 3 107 3
157 3 53 3
158 2 22 2
159 2 12 2
160 4 380 4
161 2 18 2
162 3 37 3
163 3 48 3
164 2 21 2
165 3 29 3
166 3 35 3
167 3 42 3
168 7 179 6
169 3 30 3
170 3 26 3
171 2 17 2
172 3 17 3
173 2 32 2
174 4 30 4
175 2 236 2
176 3 23 3
177 3 33 3
178 2 20 2
179 2 37 2
180 5 152 5
181 2 17 2
182 2 14 2
183 3 50 3
184 5 102 5
185 2 40 2
186 2 11 2
187 2 11 2
188 2 32 2
189 2 68 2
190 4 63 4
191 40 1063 19
192 2 24 2
193 2 52 2
194 2 23 2
195 24 403 12
196 3 19 3
197 3 51 3
198 2 16 2
199 3 75 3
200 3 84 3
201 6 99 5
202 2 28 2
203 4 75 4
204 3 23 3
205 2 53 2
206 2 54 2
207 3 109 3
208 4 39 4
209 2 36 2
210 5 45 5
211 2 42 2
212 3 27 3
213 3 22 3
214 3 30 3
215 2 50 2
216 3 26 3
217 2 18 2
218 2 23 2
219 3 41 3
220 4 45 4
221 3 61 3
222 2 13 2
223 2 19 2
224 3 85 3
225 4 30 4
226 2 32 2
227 3 24 3
228 7 116 5
229 3 28 3
230 3 41 3
231 4 144 4
232 2 35 2
233 8 229 6
234 4 93 4
235 2 10 2
236 2 15 2
237 4 40 4
238 2 15 2
239 2 24 2
240 2 17 2
241 2 59 2
242 2 16 2
243 7 158 6
244 3 31 3
245 4 88 4
246 3 28 3
247 2 16 2
248 2 48 2
249 2 47 2
250 3 42 3
251 2 53 2
252 4 59 4
253 2 24 2
254 2 61 2
255 3 26 3
256 3 51 3
257 3 41 3
258 2 18 2
259 3 35 3
260 4 59 4
261 2 18 2
262 2 47 2
263 3 56 3
264 2 15 2
265 2 39 2
266 2 16 2
267 2 17 2
268 3 44 3
269 3 45 3
270 5 41 5
271 4 40 4
272 2 25 2
273 2 29 2
274 3 35 3
275 4 194 4
276 2 23 2
277 10 211 7
278 3 25 3
279 6 79 5
280 6 96 6
281 2 79 2
282 9 174 8
283 3 52 3
284 2 16 2
285 11 426 9
286 2 31 2
287 2 10 2
288 2 19 2
289 2 16 2
290 3 82 3
291 2 15 2
292 2 20 2
293 3 22 3
294 3 58 3
295 3 23 3
296 2 18 2
297 2 23 2
298 3 20 3
299 3 29 3
300 2 34 2
301 2 14 2
302 2 13 2
303 3 56 3
304 2 21 2
305 3 25 3
306 3 40 3
307 2 17 2
308 2 62 2
309 2 49 2
310 2 23 2
311 2 45 2
312 2 31 2
313 3 22 3
314 2 26 2
315 2 16 2
316 6 120 6
317 2 14 2
318 2 13 2
319 3 21 3
320 2 26 2
321 2 23 2
322 3 96 3
323 4 34 4
324 2 30 2
325 2 49 2
326 2 23 2
327 2 13 2
328 10 425 6
329 3 36 3
330 2 12 2
331 2 16 2
332 4 55 4
333 2 36 2
334 2 56 2
335 3 30 3
336 2 22 2
337 2 13 2
338 2 28 2
339 2 53 2
340 2 46 2
341 2 27 2
342 4 42 4
343 3 19 3
344 2 28 2
345 2 24 2
346 3 61 3
347 2 27 2
348 2 17 2
349 2 24 2
350 2 18 2
351 3 81 3
352 2 18 2
353 3 53 3
354 2 50 2
355 2 77 2
356 3 16 3
357 2 10 2
358 5 124 5
359 2 30 2
360 4 105 4
361 2 16 2
362 3 161 3
363 2 52 2
364 2 144 2
365 5 134 5
366 2 35 2
367 2 13 2
368 2 11 2
369 5 100 5
370 3 72 3
371 3 30 3
372 2 15 2
373 2 37 2
374 2 13 2
375 3 59 3
376 4 40 4
377 2 37 2
378 5 81 5
379 3 38 3
380 3 42 3
381 2 19 2
382 3 33 3
383 3 26 3
384 4 111 4
385 2 14 2
386 2 20 2
387 2 73 2
388 2 11 2
389 4 34 4
390 3 80 3
391 2 17 2
392 3 102 3
393 2 35 2
394 2 18 2
395 8 183 6
396 2 29 2
397 3 43 3
398 2 26 2
399 2 16 2
400 3 77 3
401 2 14 2
402 2 30 2
403 2 12 2
404 2 12 2
405 2 19 2
406 2 16 2
407 3 147 3
408 4 115 4
409 2 26 2
410 2 14 2
411 4 55 4
412 4 72 4
413 2 12 2
414 3 27 3
415 2 12 2
416 2 16 2
417 3 52 3
418 2 23 2
419 3 25 3
420 4 51 4
421 3 88 3
422 4 89 4
423 3 40 3
424 4 160 4
425 2 11 2
426 2 25 2
427 4 102 4
428 2 16 2
429 2 28 2
430 2 11 2
431 2 15 2
432 2 13 2
433 2 35 2
434 2 16 2
435 2 126 2
436 2 23 2
437 2 38 2
438 2 21 2
439 2 41 2
440 2 16 2
441 2 48 2
442 2 16 2
443 2 11 2
444 2 16 2
445 2 38 2
446 4 27 4
447 2 20 2
448 3 55 3
449 3 54 3
450 2 14 2
451 2 11 2
452 3 23 3
453 2 17 2
454 2 25 2
455 2 29 2
456 2 11 2
457 2 23 2
458 2 96 2
459 3 93 3
460 2 20 2
461 2 17 2
462 2 23 2
463 2 11 2
464 3 83 3
465 2 27 2
466 2 31 2
467 3 54 3
468 2 93 2
469 2 19 2
470 2 14 2
471 2 24 2
472 2 27 2
473 2 13 2
474 2 16 2
475 3 38 3
476 3 124 3
477 2 25 2
478 4 93 4
479 2 64 2
480 2 25 2
481 2 18 2
482 2 20 2
483 2 17 2
484 2 24 2
485 4 39 4
486 3 33 3
487 3 175 3
488 2 16 2
489 2 11 2
490 3 45 3
491 2 16 2
492 2 88 2
493 2 40 2
494 8 128 6
495 2 42 2
496 3 19 3
497 2 12 2
498 3 31 3
499 2 13 2
500 2 12 2
501 2 45 2
502 3 30 3
503 5 50 5
504 2 14 2
505 2 11 2
506 3 29 3
507 2 15 2
508 2 16 2
509 2 12 2
510 2 18 2
511 5 66 5
512 2 24 2
513 2 21 2
514 2 25 2
515 2 28 2
516 2 22 2
517 2 16 2
518 2 10 2
519 2 33 2
520 2 28 2
521 2 22 2
522 2 16 2
523 4 26 4
524 2 17 2
525 3 90 3
526 2 14 2
527 3 156 3
528 3 26 3
529 2 34 2
530 2 31 2
531 3 108 3
532 2 31 2
533 2 15 2
534 2 49 2
535 2 19 2
536 4 169 4
537 3 53 3
538 2 17 2
539 8 102 5
540 2 26 2
541 3 30 3
542 2 14 2
543 2 12 2
544 2 27 2
545 5 81 5
546 2 23 2
547 2 39 2
548 3 28 3
549 3 33 3
550 2 24 2
551 2 16 2
552 2 15 2
553 2 18 2
554 3 27 3
555 3 86 3
556 4 33 4
557 2 26 2
558 4 47 4
559 3 21 3
560 3 32 3
561 3 29 3
562 2 48 2
563 4 50 4
564 2 18 2
565 2 14 2
566 2 94 2
567 2 11 2
568 3 47 3
569 2 10 2
570 2 15 2
571 2 12 2
572 2 15 2
573 3 67 3
574 2 33 2
575 2 21 2
576 2 29 2
577 5 46 5
578 2 13 2
579 2 14 2
580 2 15 2
581 2 26 2
582 2 19 2
583 2 36 2
584 5 58 5
585 2 51 2
586 2 16 2
587 2 11 2
588 2 13 2
589 2 11 2
590 5 50 5
591 2 11 2
592 2 20 2
593 2 29 2
594 2 56 2
595 3 36 3
596 2 25 2
597 2 13 2
598 2 12 2
599 4 69 4
600 2 11 2
601 3 29 3
602 2 14 2
603 2 17 2
604 2 28 2
605 2 53 2
606 2 11 2
607 3 19 3
608 4 35 4
609 3 28 3
610 2 18 2
611 2 19 2
612 2 29 2
613 5 53 5
614 3 26 3
615 2 18 2
616 9 369 8
617 2 22 2
618 4 32 4
619 2 19 2
620 3 21 3
621 3 89 3
622 3 36 3
623 3 29 3
624 2 10 2
625 2 32 2
626 2 24 2
627 2 17 2
628 2 38 2
629 4 33 4
630 2 18 2
631 3 30 3
632 2 33 2
633 2 35 2
634 2 38 2
635 2 16 2
636 3 75 3
637 3 77 3
638 2 19 2
639 2 17 2
640 2 29 2
641 2 19 2
642 2 29 2
643 2 10 2
644 2 32 2
645 2 13 2
646 2 51 2
647 2 28 2
648 2 17 2
649 2 20 2
650 2 28 2
651 3 46 3
652 2 39 2
653 2 76 2
654 2 131 2
655 4 31 4
656 4 53 4
657 3 27 3
658 2 12 2
659 2 31 2
660 2 122 2
661 3 40 3
662 2 41 2
663 2 24 2
664 3 42 3
665 2 13 2
666 3 46 3
667 3 82 3
668 2 16 2
669 2 44 2
670 3 47 3
671 2 65 2
672 2 21 2
673 2 57 2
674 3 27 3
675 2 14 2
676 2 14 2
677 2 13 2
678 2 22 2
679 2 16 2
680 5 91 5
681 4 94 4
682 4 38 4
683 3 131 3
684 2 19 2
685 3 54 3
686 2 32 2
687 2 18 2
688 2 16 2
689 2 23 2
690 3 142 3
691 2 61 2
692 3 29 3
693 4 41 4
694 2 24 2
695 2 35 2
696 2 10 2
697 2 12 2
698 2 29 2
699 4 50 4
700 2 19 2
701 4 30 4
702 2 12 2
703 5 50 5
704 2 14 2
705 4 85 4
706 4 44 4
707 3 32 3
708 2 15 2
709 3 51 3
710 2 13 2
711 2 75 2
712 2 36 2
713 2 44 2
714 2 10 2
715 3 23 3
716 2 11 2
717 2 24 2
718 3 52 3
719 2 12 2
720 2 47 2
721 2 14 2
722 2 14 2
723 2 21 2
724 2 36 2
725 2 22 2
726 2 28 2
727 2 16 2
728 2 33 2
729 2 19 2
730 2 32 2
731 2 36 2
732 2 26 2
733 2 30 2
734 2 72 2
735 2 10 2
736 3 26 3
737 2 12 2
738 2 15 2
739 2 15 2
740 2 22 2
741 2 34 2
742 2 26 2
743 2 22 2
744 2 18 2
745 3 57 3
746 2 15 2
747 2 14 2
748 2 16 2
749 2 21 2
750 2 17 2
751 2 16 2
752 2 12 2
753 3 19 3
754 2 44 2
755 2 15 2
756 3 18 3
757 2 58 2
758 2 19 2
759 2 27 2
760 3 60 3
761 2 36 2
762 2 15 2
763 4 42 4
764 2 10 2
765 2 54 2
766 2 15 2
767 2 34 2
768 2 15 2
769 4 45 4
770 2 146 2
771 2 35 2
772 2 23 2
773 3 20 3
774 3 44 3
775 2 33 2
776 2 81 2
777 2 19 2
778 2 20 2
779 2 20 2
780 2 63 2
781 2 19 2
782 2 37 2
783 2 18 2
784 2 11 2
785 2 28 2
786 4 84 4
787 2 28 2
788 2 16 2
789 2 33 2
790 3 42 3
791 3 24 3
792 2 11 2
793 2 24 2
794 2 16 2
795 2 17 2
796 2 23 2
797 2 31 2
798 7 107 6
799 5 85 5
800 2 21 2
801 5 65 5
802 2 20 2
803 2 30 2
804 2 12 2
805 4 253 4
806 2 14 2
807 3 25 3
808 3 25 3
809 2 18 2
810 3 36 3
811 2 12 2
812 3 67 3
813 4 83 4
814 2 17 2
815 2 42 2
816 3 44 3
817 3 42 3
818 2 11 2
819 3 22 3
820 2 16 2
821 2 12 2
822 2 25 2
823 2 12 2
824 2 17 2
825 3 50 3
826 2 33 2
827 2 20 2
828 3 47 3
829 2 17 2
830 4 54 4
831 2 23 2
832 3 30 3
833 2 14 2
834 2 15 2
835 3 48 3
836 2 39 2
837 2 15 2
838 2 72 2
839 2 22 2
840 2 18 2
841 4 78 4
842 4 38 4
843 2 28 2
844 2 36 2
845 2 34 2
846 2 28 2
847 2 21 2
848 2 42 2
849 2 19 2
850 2 31 2
851 3 20 3
852 3 44 3
853 2 19 2
854 4 109 4
855 2 41 2
856 2 13 2
857 2 19 2
858 2 14 2
859 5 75 5
860 4 76 4
861 2 28 2
862 4 48 4
863 2 21 2
864 2 17 2
865 2 55 2
866 7 47 5
867 2 23 2
868 3 33 3
869 2 58 2
870 3 27 3
871 3 65 3
872 2 23 2
873 2 32 2
874 2 25 2
875 3 51 3
876 2 26 2
877 3 29 3
878 2 10 2
879 7 262 7
880 2 27 2
881 3 33 3
882 2 22 2
883 2 28 2
884 2 26 2
885 2 17 2
886 2 20 2
887 3 38 3
888 2 17 2
889 2 17 2
890 3 22 3
891 2 11 2
892 4 37 4
893 3 57 3
894 2 25 2
895 5 48 5
896 2 27 2
897 2 21 2
898 2 16 2
899 3 40 3
900 4 31 4
901 2 55 2
902 3 64 3
903 5 67 5
904 2 11 2
905 6 42 5
906 2 27 2
907 2 28 2
908 2 18 2
909 2 15 2
910 2 22 2
911 2 19 2
912 2 19 2
913 4 103 4
914 2 12 2
915 3 57 3
916 6 824 6
917 2 10 2
918 2 30 2
919 2 21 2
920 3 30 3
921 2 26 2
922 2 13 2
923 3 77 3
924 2 12 2
925 2 10 2
926 3 31 3
927 2 25 2
928 2 31 2
929 3 35 3
930 3 31 3
931 2 23 2
932 2 34 2
933 3 32 3
934 5 121 5
935 2 15 2
936 3 29 3
937 2 12 2
938 4 42 4
939 2 22 2
940 2 14 2
941 3 69 3
942 2 15 2
943 3 80 3
944 2 12 2
945 3 71 3
946 3 18 3
947 2 13 2
948 2 30 2
949 3 43 3
950 2 24 2
951 3 80 3
952 3 41 3
953 2 32 2
954 2 14 2
955 2 12 2
956 3 22 3
957 2 13 2
958 3 38 3
959 3 39 3
960 3 41 3
961 2 13 2
962 2 14 2
963 2 17 2
964 3 40 3
965 6 197 5
966 2 30 2
967 2 15 2
968 2 26 2
969 2 54 2
970 3 26 3
971 3 20 3
972 2 45 2
973 4 61 4
974 2 31 2
975 4 57 4
976 2 29 2
977 2 21 2
978 2 17 2
979 2 19 2
980 2 19 2
981 2 17 2
982 2 14 2
983 2 30 2
984 2 11 2
985 2 24 2
986 4 46 4
987 2 14 2
988 5 151 5
989 2 16 2
990 2 24 2
991 2 48 2
992 2 17 2
993 4 49 4
994 7 126 7
995 2 13 2
996 2 22 2
997 3 66 3
998 4 28 4
999 2 33 2
1000 3 23 3
1001 4 31 4
1002 2 43 2
1003 2 19 2
1004 6 96 6
1005 4 59 4
1006 2 13 2
1007 2 16 2
1008 3 33 3
1009 2 13 2
1010 3 29 3
1011 2 51 2
1012 3 64 3
1013 2 30 2
1014 2 10 2
1015 2 16 2
1016 6 133 5
1017 2 29 2
1018 2 14 2
1019 3 115 3
1020 2 11 2
1021 3 19 3
1022 2 31 2
1023 3 32 3
1024 3 39 3
1025 2 14 2
1026 2 14 2
1027 2 33 2
1028 3 31 3
1029 2 13 2
1030 7 71 6
1031 2 16 2
1032 2 22 2
1033 2 12 2
1034 3 35 3
1035 2 17 2
1036 3 40 3
1037 3 45 3
1038 2 14 2
1039 3 70 3
1040 3 24 3
1041 2 16 2
1042 2 16 2
1043 2 18 2
1044 3 28 3
1045 2 12 2
1046 2 39 2
1047 4 37 4
1048 2 13 2
1049 3 63 3
1050 2 26 2
1051 6 147 5
1052 2 24 2
1053 2 10 2
1054 3 17 3
1055 2 16 2
1056 2 29 2
1057 2 33 2
1058 3 102 3
1059 2 32 2
1060 2 35 2
1061 4 47 4
1062 2 21 2
1063 3 24 3
1064 3 20 3
1065 4 49 4
1066 2 16 2
1067 2 14 2
1068 2 48 2
1069 2 28 2
1070 2 20 2
1071 2 12 2
1072 3 31 3
1073 3 33 3
1074 2 17 2
1075 2 10 2
1076 2 35 2
1077 2 18 2
1078 3 29 3
1079 2 16 2
1080 2 11 2
1081 5 41 5
1082 2 27 2
1083 2 26 2
1084 2 20 2
1085 2 10 2
1086 2 38 2
1087 2 81 2
1088 4 27 4
1089 2 11 2
1090 3 24 3
1091 7 101 6
1092 2 11 2
1093 2 22 2
1094 4 62 4
1095 2 17 2
1096 2 11 2
1097 3 39 3
1098 2 15 2
1099 2 19 2
1100 7 102 6
1101 2 13 2
1102 2 11 2
1103 2 27 2
1104 2 10 2
1105 2 21 2
1106 7 68 6
1107 3 23 3
1108 3 44 3
1109 3 28 3
1110 2 38 2
1111 2 21 2
1112 2 11 2
1113 2 48 2
1114 3 33 3
1115 2 18 2
1116 2 14 2
1117 5 72 5
1118 4 124 4
1119 2 29 2
1120 3 31 3
1121 4 57 4
1122 2 15 2
1123 2 19 2
1124 2 14 2
1125 3 32 3
1126 2 54 2
1127 2 22 2
1128 2 33 2
1129 3 25 3
1130 2 15 2
1131 3 23 3
1132 2 72 2
1133 2 21 2
1134 2 17 2
1135 2 18 2
1136 2 23 2
1137 3 23 3
1138 3 32 3
1139 2 12 2
1140 5 135 5
1141 2 20 2
1142 6 150 5
1143 4 93 4
1144 5 56 5
1145 2 24 2
1146 2 45 2
1147 2 17 2
1148 2 23 2
1149 2 16 2
1150 2 13 2
1151 2 24 2
1152 2 12 2
1153 3 50 3
1154 2 20 2
1155 2 30 2
1156 3 30 3
1157 3 30 3
1158 2 50 2
1159 2 30 2
1160 4 46 4
1161 3 79 3
1162 4 53 4
1163 2 12 2
1164 3 20 3
1165 3 36 3
1166 2 17 2
1167 3 41 3
1168 2 21 2
1169 2 14 2
1170 3 23 3
1171 3 27 3
1172 2 19 2
1173 5 65 5
1174 2 13 2
1175 2 16 2
1176 3 45 3
1177 2 62 2
1178 3 25 3
1179 2 105 2
1180 2 24 2
1181 2 20 2
1182 2 24 2
1183 2 13 2
1184 3 58 3
1185 2 14 2
1186 7 118 6
1187 2 22 2
1188 3 17 3
1189 2 21 2
1190 2 10 2
1191 3 81 3
1192 2 18 2
1193 2 33 2
1194 2 34 2
1195 2 15 2
1196 4 27 4
1197 2 16 2
1198 2 61 2
1199 2 12 2
1200 2 22 2
1201 2 18 2
1202 2 25 2
1203 2 14 2
1204 2 13 2
1205 2 14 2
1206 2 27 2
1207 3 35 3
1208 3 39 3
1209 2 15 2
1210 4 75 4
1211 2 16 2
1212 2 13 2
1213 2 29 2
1214 2 11 2
1215 2 11 2
1216 2 23 2
1217 3 62 3
1218 2 17 2
1219 2 12 2
1220 2 11 2
1221 3 51 3
1222 2 38 2
1223 2 43 2
1224 3 40 3
1225 5 54 5
1226 3 25 3
1227 2 15 2
1228 4 119 4
1229 2 18 2
1230 3 25 3
1231 3 26 3
1232 2 21 2
1233 3 18 3
1234 2 85 2
1235 2 13 2
1236 2 29 2
1237 2 16 2
1238 2 49 2
1239 3 29 3
1240 2 19 2
1241 3 38 3
1242 3 29 3
1243 2 27 2
1244 4 63 4
1245 2 28 2
1246 3 20 3
1247 3 54 3
1248 2 12 2
1249 2 28 2
1250 2 18 2
1251 2 16 2
1252 3 67 3
1253 2 14 2
1254 2 13 2
1255 2 17 2
1256 2 15 2
1257 2 44 2
1258 3 75 3
1259 2 33 2
1260 2 12 2
1261 3 54 3
1262 3 22 3
1263 2 19 2
1264 2 49 2
1265 2 22 2
1266 3 28 3
1267 2 21 2
1268 2 20 2
1269 3 34 3
1270 2 23 2
1271 2 11 2
1272 2 11 2
1273 2 13 2
1274 3 69 3
1275 2 33 2
1276 2 24 2
1277 3 43 3
1278 2 11 2
1279 2 12 2
1280 3 27 3
1281 2 17 2
1282 3 31 3
1283 2 14 2
1284 2 36 2
1285 5 27 5
1286 2 37 2
1287 2 16 2
1288 2 21 2
1289 2 23 2
1290 2 14 2
1291 2 13 2
1292 2 18 2
1293 2 19 2
1294 2 25 2
1295 3 22 3
1296 3 108 3
1297 2 16 2
1298 2 15 2
1299 5 76 5
1300 2 26 2
1301 2 20 2
1302 3 41 3
1303 2 18 2
1304 3 40 3
1305 2 11 2
1306 2 41 2
1307 2 12 2
1308 2 32 2
1309 2 36 2
1310 7 81 6
1311 2 23 2
1312 2 14 2
1313 3 32 3
1314 2 35 2
1315 3 40 3
1316 2 35 2
1317 4 75 4
1318 2 12 2
1319 3 23 3
1320 2 20 2
1321 3 49 3
1322 2 21 2
1323 2 21 2
1324 3 40 3
1325 3 40 3
1326 2 17 2
1327 2 20 2
1328 3 55 3
1329 3 23 3
1330 3 25 3
1331 2 11 2
1332 3 42 3
1333 2 11 2
1334 2 15 2
1335 2 20 2
1336 3 28 3
1337 2 22 2
1338 2 20 2
1339 2 16 2
1340 2 18 2
1341 5 91 5
1342 3 57 3
1343 2 17 2
1344 3 31 3
1345 3 28 3
1346 4 37 4
1347 2 30 2
1348 2 25 2
1349 2 23 2
1350 2 19 2
1351 10 134 7
1352 3 34 3
1353 2 19 2
1354 3 24 3
1355 2 20 2
1356 2 16 2
1357 5 38 5
1358 2 12 2
1359 2 17 2
1360 2 15 2
1361 2 14 2
1362 3 36 3
1363 4 31 4
1364 2 16 2
1365 3 28 3
1366 3 32 3
1367 2 14 2
1368 2 35 2
1369 5 46 5
1370 2 16 2
1371 2 13 2
1372 2 15 2
1373 3 28 3
1374 2 30 2
1375 5 231 5
1376 2 56 2
1377 3 32 3
1378 3 32 3
1379 2 14 2
1380 2 25 2
1381 2 23 2
1382 2 16 2
1383 2 11 2
1384 2 28 2
1385 5 105 5
1386 2 24 2
1387 2 11 2
1388 3 22 3
1389 2 18 2
1390 2 25 2
1391 2 33 2
1392 2 21 2
1393 2 15 2
1394 2 15 2
1395 3 27 3
1396 3 45 3
1397 2 18 2
1398 3 23 3
1399 2 22 2
1400 2 17 2
1401 2 19 2
1402 2 17 2
1403 3 26 3
1404 2 34 2
1405 3 22 3
1406 2 14 2
1407 2 11 2
1408 2 23 2
1409 2 24 2
1410 2 10 2
1411 3 46 3
1412 2 12 2
1413 3 28 3
1414 2 29 2
1415 2 13 2
1416 2 11 2
1417 3 34 3
1418 2 26 2
1419 2 13 2
1420 2 38 2
1421 4 96 4
1422 2 16 2
1423 2 13 2
1424 2 18 2
1425 2 40 2
1426 4 60 4
1427 3 32 3
1428 2 52 2
1429 2 23 2
1430 6 65 5
1431 2 11 2
1432 2 24 2
1433 3 69 3
1434 2 108 2
1435 2 26 2
1436 2 27 2
1437 3 43 3
1438 2 15 2
1439 2 10 2
1440 2 15 2
1441 2 19 2
1442 7 71 6
1443 2 17 2
1444 4 43 4
1445 3 35 3
1446 2 22 2
1447 2 22 2
1448 2 22 2
1449 2 18 2
1450 2 11 2
1451 2 35 2
1452 2 22 2
1453 2 35 2
1454 2 18 2
1455 3 27 3
1456 2 17 2
1457 2 16 2
1458 3 36 3
1459 2 16 2
1460 2 42 2
1461 5 88 5
1462 3 19 3
1463 2 19 2
1464 3 19 3
1465 3 24 3
1466 2 13 2
1467 4 37 4
1468 2 22 2
1469 2 15 2
1470 2 15 2
1471 2 31 2
1472 2 13 2
1473 2 15 2
1474 2 27 2
1475 2 14 2
1476 2 19 2
1477 2 11 2
1478 2 46 2
1479 2 13 2
1480 2 12 2
1481 2 32 2
1482 4 68 4
1483 2 19 2
1484 2 12 2
1485 2 24 2
1486 2 17 2
1487 2 13 2
1488 5 38 5
1489 2 25 2
1490 3 22 3
1491 2 14 2
1492 2 11 2
1493 2 15 2
1494 2 13 2
1495 3 34 3
1496 4 28 4
1497 3 30 3
1498 5 64 5
1499 2 23 2
1500 2 14 2
1501 2 16 2
1502 3 56 3
1503 2 14 2
1504 2 19 2
1505 2 21 2
1506 2 15 2
1507 3 94 3
1508 2 16 2
1509 4 49 4
1510 5 160 5
1511 2 16 2
1512 2 19 2
1513 2 15 2
1514 4 57 4
1515 2 13 2
1516 2 23 2
1517 3 28 3
1518 2 24 2
1519 3 24 3
1520 2 16 2
1521 2 21 2
1522 2 14 2
1523 2 14 2
1524 2 10 2
1525 2 26 2
1526 2 14 2
1527 2 13 2
1528 3 189 3
1529 2 21 2
1530 2 27 2
1531 3 31 3
1532 2 21 2
1533 3 27 3
1534 3 41 3
1535 4 51 4
1536 2 16 2
1537 2 23 2
1538 2 27 2
1539 2 30 2
1540 5 44 5
1541 2 18 2
1542 3 29 3
1543 2 13 2
1544 2 25 2
1545 4 44 4
1546 3 51 3
1547 2 25 2
1548 2 61 2
1549 3 17 3
1550 3 26 3
1551 2 13 2
1552 3 50 3
1553 2 30 2
1554 3 23 3
1555 2 33 2
1556 2 20 2
1557 2 17 2
1558 3 38 3
1559 2 22 2
1560 3 26 3
1561 14 534 9
1562 4 45 4
1563 6 89 6
1564 3 40 3
1565 2 13 2
1566 3 35 3
1567 2 13 2
1568 2 13 2
1569 3 29 3
1570 2 18 2
1571 2 11 2
1572 2 30 2
1573 2 36 2
1574 3 34 3
1575 2 25 2
1576 3 27 3
1577 3 38 3
1578 3 26 3
1579 3 29 3
1580 2 12 2
1581 2 19 2
1582 2 27 2
1583 2 19 2
1584 3 20 3
1585 3 35 3
1586 2 18 2
1587 3 39 3
1588 2 21 2
1589 2 10 2
1590 2 12 2
1591 2 20 2
1592 2 40 2
1593 2 23 2
1594 2 51 2
1595 3 55 3
1596 2 32 2
1597 3 37 3
1598 2 20 2
1599 4 69 4
1600 2 27 2
1601 5 37 5
1602 2 17 2
1603 5 137 5
1604 2 17 2
1605 4 52 4
1606 3 33 3
1607 2 13 2
1608 2 58 2
1609 2 15 2
1610 4 34 4
1611 3 24 3
1612 2 17 2
1613 2 12 2
1614 3 21 3
1615 2 26 2
1616 3 24 3
1617 8 109 7
1618 2 15 2
1619 4 69 4
1620 3 33 3
1621 5 69 5
1622 3 24 3
1623 3 42 3
1624 4 52 4
1625 2 22 2
1626 2 13 2
1627 2 20 2
1628 3 35 3
1629 2 45 2
1630 2 41 2
1631 3 52 3
1632 5 60 5
1633 3 30 3
1634 3 18 3
1635 2 14 2
1636 3 29 3
1637 2 16 2
1638 8 127 6
1639 2 51 2
1640 2 25 2
1641 3 50 3
1642 2 11 2
1643 2 19 2
1644 3 32 3
1645 2 50 2
1646 3 19 3
1647 2 44 2
1648 2 10 2
1649 3 29 3
1650 3 33 3
1651 2 10 2
1652 2 14 2
1653 2 14 2
1654 2 13 2
1655 2 17 2
1656 2 20 2
1657 3 50 3
1658 2 10 2
1659 2 25 2
1660 3 53 3
1661 2 28 2
1662 2 20 2
1663 2 11 2
1664 2 14 2
1665 6 181 6
1666 2 22 2
1667 2 21 2
1668 3 39 3
1669 3 45 3
1670 3 34 3
1671 3 25 3
1672 2 11 2
1673 3 137 3
1674 3 17 3
1675 2 15 2
1676 2 29 2
1677 2 18 2
1678 3 36 3
1679 2 12 2
1680 2 13 2
1681 3 20 3
1682 2 23 2
1683 2 14 2
1684 2 17 2
1685 2 25 2
1686 2 14 2
1687 3 36 3
1688 2 56 2
1689 4 56 4
1690 2 30 2
1691 2 10 2
1692 2 21 2
1693 2 22 2
1694 2 13 2
1695 2 30 2
1696 3 15 3
1697 2 10 2
1698 2 23 2
1699 2 20 2
1700 3 28 3
1701 3 37 3
1702 3 43 3
1703 4 46 4
1704 2 11 2
1705 3 71 3
1706 2 22 2
1707 2 20 2
1708 2 14 2
1709 3 22 3
1710 3 50 3
1711 2 27 2
1712 6 83 6
1713 5 37 5
1714 2 46 2
1715 2 20 2
1716 3 35 3
1717 2 24 2
1718 2 12 2
1719 2 15 2
1720 2 15 2
1721 2 19 2
1722 2 21 2
1723 3 23 3
1724 2 23 2
1725 2 12 2
1726 2 29 2
1727 3 17 3
1728 2 17 2
1729 2 42 2
1730 2 20 2
1731 2 12 2
1732 2 12 2
1733 2 16 2
1734 3 24 3
1735 2 22 2
1736 3 31 3
1737 3 56 3
1738 4 30 4
1739 2 46 2
1740 2 20 2
1741 3 21 3
1742 2 60 2
1743 3 26 3
1744 2 14 2
1745 2 34 2
1746 2 48 2
1747 3 27 3
1748 2 19 2
1749 2 21 2
1750 6 334 6
1751 2 17 2
1752 3 34 3
1753 4 31 4
1754 2 16 2
1755 3 67 3
1756 5 56 5
1757 3 30 3
1758 2 18 2
1759 3 59 3
1760 2 11 2
1761 3 52 3
1762 2 22 2
1763 2 52 2
1764 2 11 2
1765 2 32 2
1766 2 18 2
1767 2 12 2
1768 3 22 3
1769 2 20 2
1770 2 12 2
1771 3 87 3
1772 2 29 2
1773 4 33 4
1774 3 31 3
1775 2 15 2
1776 2 19 2
1777 2 18 2
1778 3 64 3
1779 5 40 5
1780 2 20 2
1781 2 19 2
1782 6 95 5
1783 12 271 8
1784 2 13 2
1785 2 48 2
1786 2 13 2
1787 2 16 2
1788 3 35 3
1789 2 17 2
1790 3 30 3
1791 3 21 3
1792 3 18 3
1793 2 20 2
1794 2 23 2
1795 2 33 2
1796 2 49 2
1797 2 17 2
1798 3 33 3
1799 3 49 3
1800 3 37 3
1801 4 40 4
1802 4 78 4
1803 5 43 5
1804 3 22 3
1805 2 15 2
1806 3 41 3
1807 2 21 2
1808 2 91 2
1809 2 13 2
1810 3 22 3
1811 3 53 3
1812 2 10 2
1813 2 19 2
1814 3 20 3
1815 2 12 2
1816 2 19 2
1817 3 63 3
1818 2 22 2
1819 3 32 3
1820 2 34 2
1821 2 12 2
1822 8 102 6
1823 2 10 2
1824 3 22 3
1825 2 11 2
1826 2 21 2
1827 2 17 2
1828 3 73 3
1829 3 23 3
1830 3 44 3
1831 2 26 2
1832 2 11 2
1833 2 14 2
1834 2 10 2
1835 2 14 2
1836 2 29 2
1837 2 16 2
1838 3 29 3
1839 3 22 3
1840 2 13 2
1841 2 16 2
1842 2 16 2
1843 4 110 4
1844 2 14 2
1845 3 72 3
1846 4 23 4
1847 2 20 2
1848 3 26 3
1849 2 41 2
1850 2 16 2
1851 2 12 2
1852 4 112 4
1853 2 17 2
1854 2 22 2
1855 2 13 2
1856 4 33 4
1857 3 23 3
1858 4 146 4
1859 3 22 3
1860 3 17 3
1861 2 21 2
1862 2 27 2
1863 3 25 3
1864 3 37 3
1865 2 10 2
1866 2 19 2
1867 2 15 2
1868 2 16 2
1869 2 16 2
1870 2 12 2
1871 2 33 2
1872 2 36 2
1873 3 19 3
1874 2 31 2
1875 3 27 3
1876 2 17 2
1877 2 34 2
1878 3 26 3
1879 3 32 3
1880 2 13 2
1881 2 12 2
1882 2 20 2
1883 2 59 2
1884 4 52 4
1885 2 16 2
1886 3 33 3
1887 3 22 3
1888 2 20 2
1889 2 37 2
1890 3 39 3
1891 2 23 2
1892 2 12 2
1893 2 29 2
1894 2 16 2
1895 2 16 2
1896 4 76 4
1897 2 60 2
1898 2 11 2
1899 2 14 2
1900 3 22 3
1901 2 13 2
1902 2 21 2
1903 2 27 2
1904 2 15 2
1905 2 66 2
1906 2 17 2
1907 2 17 2
1908 2 15 2
1909 2 18 2
1910 2 24 2
1911 2 10 2
1912 3 17 3
1913 2 13 2
1914 2 26 2
1915 2 17 2
1916 3 25 3
1917 2 15 2
1918 2 16 2
1919 3 24 3
1920 2 11 2
1921 2 22 2
1922 2 20 2
1923 2 51 2
1924 2 20 2
1925 2 21 2
1926 2 16 2
1927 5 81 5
1928 2 11 2
1929 2 52 2
1930 2 35 2
1931 2 34 2
1932 2 13 2
1933 2 33 2
1934 3 84 3
1935 2 15 2
1936 3 21 3
1937 2 25 2
1938 2 25 2
1939 2 16 2
1940 3 66 3
1941 3 41 3
1942 2 14 2
1943 2 30 2
1944 4 54 4
1945 2 20 2
1946 18 896 14
1947 2 20 2
1948 2 22 2
1949 2 35 2
1950 2 19 2
1951 3 24 3
1952 2 19 2
1953 2 33 2
1954 2 16 2
1955 2 13 2
1956 4 29 4
1957 2 18 2
1958 5 68 5
1959 2 12 2
1960 2 15 2
1961 3 22 3
1962 2 20 2
1963 3 23 3
1964 2 20 2
1965 2 20 2
1966 2 22 2
1967 2 36 2
1968 2 24 2
1969 2 16 2
1970 3 49 3
1971 2 17 2
1972 3 33 3
1973 2 12 2
1974 2 22 2
1975 2 12 2
1976 2 18 2
1977 2 19 2
1978 2 17 2
1979 3 67 3
1980 3 53 3
1981 4 27 4
1982 2 27 2
1983 3 18 3
1984 2 13 2
1985 2 13 2
1986 2 18 2
1987 2 29 2
1988 4 65 4
1989 2 18 2
1990 2 20 2
1991 3 79 3
1992 2 20 2
1993 2 37 2
1994 2 13 2
1995 2 20 2
1996 3 120 3
1997 2 54 2
1998 5 71 5
1999 3 26 3
2000 2 12 2
2001 2 16 2
2002 2 25 2
2003 2 22 2
2004 3 56 3
2005 2 23 2
2006 2 45 2
2007 4 63 4
2008 3 40 3
2009 3 63 3
2010 2 20 2
2011 2 37 2
2012 3 26 3
2013 2 26 2
2014 2 13 2
2015 2 15 2
2016 3 69 3
2017 2 19 2
2018 6 71 5
2019 3 60 3
2020 2 15 2
2021 3 46 3
2022 2 20 2
2023 2 27 2
2024 2 24 2
2025 6 289 5
2026 2 29 2
2027 2 18 2
2028 3 48 3
2029 4 43 4
2030 2 20 2
2031 3 27 3
2032 2 34 2
2033 2 18 2
2034 2 187 2
2035 2 13 2
2036 3 28 3
2037 2 42 2
2038 3 31 3
2039 2 20 2
2040 3 64 3
2041 4 32 4
2042 2 30 2
2043 2 14 2
2044 2 18 2
2045 2 13 2
2046 2 10 2
2047 2 17 2
2048 3 22 3
2049 2 10 2
2050 4 57 4
2051 2 14 2
2052 2 13 2
2053 2 10 2
2054 2 21 2
2055 2 13 2
2056 2 21 2
2057 2 14 2
2058 2 13 2
2059 5 55 5
2060 3 66 3
2061 2 60 2
2062 2 15 2
2063 2 31 2
2064 3 27 3
2065 2 12 2
2066 3 91 3
2067 4 61 4
2068 3 60 3
2069 2 14 2
2070 2 27 2
2071 3 25 3
2072 2 35 2
2073 2 15 2
2074 7 195 6
2075 5 47 5
2076 2 15 2
2077 2 21 2
2078 2 19 2
2079 2 46 2
2080 7 80 6
2081 2 14 2
2082 2 28 2
2083 2 16 2
2084 2 21 2
2085 2 16 2
2086 2 25 2
2087 3 24 3
2088 2 26 2
2089 2 15 2
2090 3 31 3
2091 11 206 8
2092 3 39 3
2093 3 24 3
2094 3 48 3
2095 4 39 4
2096 4 48 4
2097 3 22 3
2098 4 58 4
2099 2 54 2
2100 3 31 3
2101 2 22 2
2102 3 74 3
2103 2 19 2
2104 2 22 2
2105 3 16 3
2106 2 19 2
2107 3 30 3
2108 3 35 3
2109 5 62 5
2110 2 15 2
2111 2 49 2
2112 2 40 2
2113 2 22 2
2114 2 14 2
2115 4 27 4
2116 2 12 2
2117 2 18 2
2118 3 75 3
2119 2 27 2
2120 3 22 3
2121 2 28 2
2122 2 25 2
2123 3 25 3
2124 2 34 2
2125 3 30 3
2126 2 21 2
2127 2 14 2
2128 2 16 2
2129 4 62 4
2130 4 42 4
2131 2 11 2
2132 4 46 4
2133 2 24 2
2134 2 16 2
2135 3 35 3
2136 2 13 2
2137 2 10 2
2138 2 32 2
2139 3 37 3
2140 2 13 2
2141 2 22 2
2142 2 16 2
2143 2 24 2
2144 5 77 5
2145 2 19 2
2146 2 12 2
2147 2 19 2
2148 2 20 2
2149 2 43 2
2150 2 27 2
2151 2 19 2
2152 2 13 2
2153 2 17 2
2154 2 19 2
2155 2 81 2
2156 2 19 2
2157 2 13 2
2158 2 13 2
2159 2 31 2
2160 2 59 2
2161 2 12 2
2162 3 25 3
2163 2 10 2
2164 2 28 2
2165 3 38 3
2166 3 35 3
2167 2 16 2
2168 3 76 3
2169 2 10 2
2170 2 70 2
2171 3 38 3
2172 2 22 2
2173 2 42 2
2174 2 29 2
2175 3 33 3
2176 2 15 2
2177 2 28 2
2178 2 10 2
2179 2 15 2
2180 3 44 3
2181 2 12 2
2182 2 19 2
2183 4 45 4
2184 3 42 3
2185 3 69 3
2186 2 57 2
2187 4 22 4
2188 4 81 4
2189 2 15 2
2190 2 18 2
2191 3 17 3
2192 2 18 2
2193 2 17 2
2194 2 41 2
2195 2 48 2
2196 5 59 5
2197 2 15 2
2198 2 20 2
2199 2 17 2
2200 3 33 3
2201 2 32 2
2202 2 27 2
2203 2 30 2
2204 2 12 2
2205 4 39 4
2206 7 87 5
2207 3 19 3
2208 4 46 4
2209 3 36 3
2210 2 62 2
2211 2 65 2
2212 2 20 2
2213 2 29 2
2214 2 15 2
2215 2 18 2
2216 6 67 6
2217 2 22 2
2218 2 25 2
2219 2 19 2
2220 2 19 2
2221 5 91 5
2222 2 26 2
2223 2 11 2
2224 3 16 3
2225 3 51 3
2226 2 12 2
2227 2 12 2
2228 2 10 2
2229 2 15 2
2230 2 17 2
2231 2 18 2
2232 2 18 2
2233 2 26 2
2234 2 14 2
2235 3 31 3
2236 2 16 2
2237 5 80 5
2238 2 12 2
2239 2 25 2
2240 2 40 2
2241 2 11 2
2242 3 19 3
2243 4 130 4
2244 2 10 2
2245 2 17 2
2246 3 24 3
2247 2 22 2
2248 5 54 5
2249 2 13 2
2250 2 17 2
2251 2 36 2
2252 3 21 3
2253 2 11 2
2254 3 42 3
2255 3 58 3
2256 2 31 2
2257 2 26 2
2258 2 31 2
2259 3 23 3
2260 4 46 4
2261 2 20 2
2262 2 13 2
2263 2 18 2
2264 2 34 2
2265 2 23 2
2266 2 12 2
2267 3 20 3
2268 2 23 2
2269 2 17 2
2270 2 11 2
2271 2 40 2
2272 4 60 4
2273 2 19 2
2274 3 49 3
2275 2 12 2
2276 2 40 2
2277 4 93 4
2278 3 21 3
2279 2 12 2
2280 2 25 2
2281 6 62 5
2282 2 35 2
2283 2 26 2
2284 2 13 2
2285 3 52 3
2286 3 63 3
2287 2 14 2
2288 5 120 5
2289 2 18 2
2290 2 43 2
2291 2 16 2
2292 2 23 2
2293 4 37 4
2294 2 29 2
2295 2 14 2
2296 2 16 2
2297 2 11 2
2298 2 42 2
2299 5 68 5
2300 2 12 2
2301 4 119 4
2302 2 123 2
2303 2 21 2
2304 2 17 2
2305 2 11 2
2306 2 28 2
2307 3 23 3
2308 3 29 3
2309 2 21 2
2310 2 28 2
2311 2 11 2
2312 2 39 2
2313 2 63 2
2314 7 176 6
2315 2 17 2
2316 4 36 4
2317 2 14 2
2318 6 40 6
2319 2 39 2
2320 3 52 3
2321 2 14 2
2322 6 117 6
2323 3 33 3
2324 2 13 2
2325 2 22 2
2326 4 63 4
2327 2 10 2
2328 2 26 2
2329 2 22 2
2330 3 23 3
2331 3 36 3
2332 2 39 2
2333 3 119 3
2334 4 61 4
2335 2 12 2
2336 5 54 5
2337 2 18 2
2338 2 12 2
2339 2 37 2
2340 3 59 3
2341 2 38 2
2342 3 36 3
2343 4 41 4
2344 4 35 4
2345 2 11 2
2346 2 11 2
2347 2 18 2
2348 2 32 2
2349 2 18 2
2350 2 21 2
2351 2 15 2
2352 3 27 3
2353 3 26 3
2354 2 11 2
2355 2 10 2
2356 2 23 2
2357 2 17 2
2358 4 29 4
2359 2 16 2
2360 2 17 2
2361 2 36 2
2362 2 11 2
2363 2 15 2
2364 2 23 2
2365 2 16 2
2366 2 18 2
2367 3 29 3
2368 4 49 4
2369 2 15 2
2370 3 18 3
2371 2 12 2
2372 2 43 2
2373 2 11 2
2374 2 39 2
2375 2 13 2
2376 2 15 2
2377 4 53 4
2378 2 40 2
2379 2 11 2
2380 2 22 2
2381 2 27 2
2382 2 15 2
2383 3 22 3
2384 3 98 3
2385 2 17 2
2386 2 21 2
2387 2 74 2
2388 2 26 2
2389 2 13 2
2390 2 33 2
2391 2 17 2
2392 2 30 2
2393 2 15 2
2394 2 17 2
2395 2 26 2
2396 2 17 2
2397 2 21 2
2398 3 32 3
2399 2 57 2
2400 3 29 3
2401 4 42 4
2402 3 23 3
2403 2 14 2
2404 2 40 2
2405 2 54 2
2406 2 28 2
2407 2 18 2
2408 2 17 2
2409 2 11 2
2410 3 34 3
2411 3 41 3
2412 2 11 2
2413 2 30 2
2414 2 14 2
2415 4 98 4
2416 3 26 3
2417 2 18 2
2418 2 37 2
2419 4 32 4
2420 2 16 2
2421 2 23 2
2422 2 29 2
2423 3 60 3
2424 2 16 2
2425 3 19 3
2426 2 15 2
2427 2 16 2
2428 2 25 2
2429 2 12 2
2430 2 17 2
2431 2 30 2
2432 2 21 2
2433 2 18 2
2434 2 22 2
2435 2 33 2
2436 2 28 2
2437 2 16 2
2438 2 13 2
2439 2 23 2
2440 5 59 5
2441 2 24 2
2442 2 51 2
2443 3 51 3
2444 2 21 2
2445 4 31 4
2446 2 20 2
2447 2 14 2
2448 2 13 2
2449 2 18 2
2450 2 30 2
2451 2 125 2
2452 2 21 2
2453 2 18 2
2454 3 22 3
2455 3 22 3
2456 4 64 4
2457 2 24 2
2458 4 59 4
2459 3 36 3
2460 2 31 2
2461 2 16 2
2462 9 130 7
2463 4 91 4
2464 3 28 3
2465 2 18 2
2466 3 85 3
2467 4 52 4
2468 2 20 2
2469 2 31 2
2470 2 61 2
2471 2 16 2
2472 6 147 5
2473 3 22 3
2474 2 18 2
2475 2 15 2
2476 2 16 2
2477 2 27 2
2478 2 38 2
2479 2 13 2
2480 3 32 3
2481 2 20 2
2482 2 20 2
2483 2 26 2
2484 2 20 2
2485 2 37 2
2486 2 20 2
2487 2 13 2
2488 2 26 2
2489 2 34 2
2490 3 43 3
2491 5 158 5
2492 2 14 2
2493 3 16 3
2494 2 18 2
2495 2 12 2
2496 2 12 2
2497 3 43 3
2498 2 32 2
2499 2 36 2
2500 2 18 2
2501 2 26 2
2502 4 29 4
2503 2 12 2
2504 2 18 2
2505 2 23 2
2506 2 27 2
2507 2 41 2
2508 2 26 2
2509 9 133 8
2510 2 14 2
2511 3 25 3
2512 2 16 2
2513 2 18 2
2514 3 59 3
2515 2 26 2
2516 2 10 2
2517 2 19 2
2518 2 15 2
2519 3 25 3
2520 2 13 2
2521 2 12 2
2522 3 42 3
2523 2 22 2
2524 4 54 4
2525 2 12 2
2526 2 15 2
2527 2 12 2
2528 7 57 6
2529 3 31 3
2530 2 16 2
2531 2 12 2
2532 2 41 2
2533 2 17 2
2534 2 16 2
2535 2 33 2
2536 2 17 2
2537 2 12 2
2538 3 107 3
2539 2 16 2
2540 3 47 3
2541 3 36 3
2542 3 130 3
2543 2 16 2
2544 3 60 3
2545 2 11 2
2546 2 21 2
2547 2 23 2
2548 3 25 3
2549 2 19 2
2550 3 35 3
2551 3 49 3
2552 2 25 2
2553 3 31 3
2554 2 21 2
2555 2 21 2
2556 3 46 3
2557 2 25 2
2558 2 12 2
2559 2 25 2
2560 2 26 2
2561 2 38 2
2562 2 23 2
2563 2 19 2
2564 2 21 2
2565 2 21 2
2566 2 15 2
2567 2 20 2
2568 2 10 2
2569 2 13 2
2570 2 33 2
2571 4 85 4
2572 3 46 3
2573 4 54 4
2574 2 20 2
2575 3 34 3
2576 3 25 3
2577 2 17 2
2578 2 23 2
2579 2 11 2
2580 3 23 3
2581 4 93 4
2582 3 23 3
2583 2 19 2
2584 2 19 2
2585 3 41 3
2586 4 58 4
2587 2 13 2
2588 2 17 2
2589 2 16 2
2590 3 41 3
2591 3 29 3
2592 2 10 2
2593 2 13 2
2594 3 39 3
2595 2 10 2
2596 2 13 2
2597 2 21 2
2598 3 50 3
2599 4 82 4
2600 3 22 3
2601 2 17 2
2602 2 15 2
2603 3 30 3
2604 2 65 2
2605 2 20 2
2606 3 29 3
2607 2 29 2
2608 2 18 2
2609 2 13 2
2610 2 11 2
2611 3 20 3
2612 2 10 2
2613 4 158 4
2614 2 26 2
2615 2 26 2
2616 2 10 2
2617 2 46 2
2618 2 15 2
2619 2 24 2
2620 2 20 2
2621 2 12 2
2622 2 17 2
2623 2 10 2
2624 2 20 2
2625 3 17 3
2626 3 43 3
2627 4 37 4
2628 2 21 2
2629 3 21 3
2630 2 16 2
2631 2 25 2
2632 3 29 3
2633 2 33 2
2634 2 14 2
2635 2 15 2
2636 2 26 2
2637 2 30 2
2638 2 20 2
2639 3 73 3
2640 2 14 2
2641 2 12 2
2642 2 17 2
2643 2 24 2
2644 2 23 2
2645 2 18 2
2646 2 13 2
2647 2 10 2
2648 2 15 2
2649 4 75 4
2650 2 21 2
2651 2 15 2
2652 2 14 2
2653 2 11 2
2654 2 13 2
2655 2 12 2
2656 2 12 2
2657 2 24 2
2658 2 10 2
2659 2 14 2
2660 2 25 2
2661 2 14 2
2662 2 16 2
2663 2 23 2
2664 2 14 2
2665 2 19 2
2666 5 91 5
2667 2 28 2
2668 2 29 2
2669 4 44 4
2670 2 17 2
2671 2 14 2
2672 3 32 3
2673 2 25 2
2674 3 22 3
2675 2 39 2
2676 2 17 2
2677 2 15 2
2678 2 41 2
2679 2 16 2
2680 3 43 3
2681 2 15 2
2682 2 13 2
2683 2 17 2
2684 2 28 2
2685 3 57 3
2686 2 24 2
2687 2 17 2
2688 2 16 2
2689 2 20 2
2690 2 69 2
2691 2 19 2
2692 2 23 2
2693 3 63 3
2694 2 19 2
2695 2 18 2
2696 3 31 3
2697 2 24 2
2698 2 19 2
2699 2 22 2
2700 2 10 2
2701 2 12 2
2702 2 16 2
2703 2 16 2
2704 2 19 2
2705 2 11 2
2706 3 95 3
2707 2 24 2
2708 2 13 2
2709 3 27 3
2710 4 89 4
2711 2 16 2
2712 2 21 2
2713 2 11 2
2714 2 16 2
2715 4 72 4
2716 2 16 2
2717 2 35 2
2718 5 118 5
2719 2 10 2
2720 2 24 2
2721 2 18 2
2722 2 19 2
2723 4 27 4
2724 2 16 2
2725 2 18 2
2726 3 28 3
2727 3 22 3
2728 2 12 2
2729 2 12 2
2730 5 96 5
2731 2 10 2
2732 5 30 5
2733 2 16 2
2734 4 24 4
2735 2 11 2
2736 2 12 2
2737 2 16 2
2738 2 21 2
2739 2 28 2
2740 2 16 2
2741 2 12 2
2742 2 17 2
2743 3 92 3
2744 3 33 3
2745 2 28 2
2746 3 55 3
2747 5 57 5
2748 2 24 2
2749 2 91 2
2750 11 227 8
2751 2 31 2
2752 6 171 5
2753 2 13 2
2754 3 60 3
2755 2 12 2
2756 3 20 3
2757 3 24 3
2758 2 14 2
2759 2 33 2
2760 2 20 2
2761 5 98 5
2762 6 137 6
2763 3 116 3
2764 2 17 2
2765 2 61 2
2766 3 77 3
2767 2 18 2
2768 2 19 2
2769 3 20 3
2770 2 12 2
2771 2 15 2
2772 3 41 3
2773 2 14 2
2774 2 28 2
2775 3 38 3
2776 2 29 2
2777 2 28 2
2778 2 28 2
2779 2 19 2
2780 2 32 2
2781 4 66 4
2782 2 17 2
2783 2 17 2
2784 2 14 2
2785 3 68 3
2786 2 17 2
2787 2 25 2
2788 9 160 6
2789 2 31 2
2790 2 21 2
2791 2 12 2
2792 3 31 3
2793 7 132 6
2794 2 12 2
2795 2 21 2
2796 3 27 3
2797 9 276 8
2798 2 12 2
2799 2 31 2
2800 2 22 2
2801 2 44 2
2802 3 21 3
2803 3 17 3
2804 4 72 4
2805 3 39 3
2806 2 15 2
2807 2 23 2
2808 2 24 2
2809 9 286 7
2810 3 20 3
2811 2 14 2
2812 2 16 2
2813 2 13 2
2814 5 127 5
2815 2 26 2
2816 2 13 2
2817 2 19 2
2818 2 25 2
2819 2 19 2
2820 3 31 3
2821 3 21 3
2822 2 24 2
2823 2 28 2
2824 2 16 2
2825 2 22 2
2826 2 24 2
2827 3 87 3
2828 2 30 2
2829 2 14 2
2830 2 42 2
2831 2 16 2
2832 2 21 2
2833 2 17 2
2834 2 32 2
2835 2 20 2
2836 2 12 2
2837 2 16 2
2838 3 184 3
2839 3 34 3
2840 2 21 2
2841 3 46 3
2842 3 17 3
2843 2 14 2
2844 2 32 2
2845 2 13 2
2846 2 21 2
2847 3 17 3
2848 2 16 2
2849 2 19 2
2850 2 48 2
2851 2 13 2
2852 12 108 7
2853 2 17 2
2854 2 11 2
2855 2 31 2
2856 3 37 3
2857 2 24 2
2858 2 19 2
2859 3 27 3
2860 2 24 2
2861 2 16 2
2862 2 12 2
2863 2 19 2
2864 2 20 2
2865 2 29 2
2866 4 89 4
2867 3 26 3
2868 3 52 3
2869 2 16 2
2870 5 38 5
2871 2 11 2
2872 2 31 2
2873 2 20 2
2874 3 28 3
2875 3 18 3
2876 2 12 2
2877 3 73 3
2878 4 47 4
2879 2 46 2
2880 3 35 3
2881 2 19 2
2882 4 34 4
2883 2 28 2
2884 2 12 2
2885 2 24 2
2886 2 18 2
2887 3 44 3
2888 4 78 4
2889 2 32 2
2890 2 12 2
2891 2 16 2
2892 2 18 2
2893 3 25 3
2894 2 20 2
2895 2 17 2
2896 2 14 2
2897 2 20 2
2898 2 13 2
2899 2 16 2
2900 2 14 2
2901 2 18 2
2902 7 104 6
2903 5 40 5
2904 2 19 2
2905 4 49 4
2906 5 58 5
2907 2 10 2
2908 2 21 2
2909 2 16 2
2910 3 30 3
2911 2 13 2
2912 2 23 2
2913 2 21 2
2914 2 41 2
2915 3 17 3
2916 2 17 2
2917 2 15 2
2918 5 41 5
2919 2 20 2
2920 9 240 7
2921 2 18 2
2922 2 21 2
2923 5 42 5
2924 2 22 2
2925 2 12 2
2926 2 15 2
2927 5 54 5
2928 2 12 2
2929 2 13 2
2930 2 10 2
2931 2 12 2
2932 2 30 2
2933 2 18 2
2934 3 18 3
2935 2 12 2
2936 4 97 4
2937 2 14 2
2938 2 27 2
2939 2 55 2
2940 2 12 2
2941 3 57 3
2942 2 40 2
2943 2 12 2
2944 3 48 3
2945 3 23 3
2946 2 17 2
2947 2 12 2
2948 2 19 2
2949 2 12 2
2950 2 21 2
2951 3 28 3
2952 2 14 2
2953 4 39 4
2954 3 35 3
2955 2 20 2
2956 3 22 3
2957 2 10 2
2958 2 27 2
2959 2 45 2
2960 2 38 2
2961 2 12 2
2962 2 11 2
2963 3 61 3
2964 4 32 4
2965 2 16 2
2966 2 11 2
2967 4 54 4
2968 5 66 5
2969 2 12 2
2970 2 17 2
2971 2 10 2
2972 4 35 4
2973 2 31 2
2974 4 39 4
2975 4 33 4
2976 2 55 2
2977 9 264 7
2978 3 28 3
2979 3 26 3
2980 4 40 4
2981 2 18 2
2982 2 13 2
2983 3 41 3
2984 3 34 3
2985 2 14 2
2986 3 27 3
2987 2 14 2
2988 4 70 4
2989 2 12 2
2990 2 17 2
2991 3 46 3
2992 7 100 6
2993 2 14 2
2994 2 11 2
2995 6 52 5
2996 2 14 2
2997 3 43 3
2998 2 26 2
2999 3 16 3
3000 2 18 2
3001 2 13 2
3002 4 28 4
3003 2 11 2
3004 2 22 2
3005 6 289 6
3006 2 14 2
3007 4 111 4
3008 2 12 2
3009 2 16 2
3010 2 16 2
3011 2 20 2
3012 2 17 2
3013 5 109 5
3014 6 112 6
3015 2 37 2
3016 2 16 2
3017 2 48 2
3018 3 29 3
3019 2 17 2
3020 2 14 2
3021 3 32 3
3022 3 26 3
3023 2 27 2
3024 2 17 2
3025 3 119 3
3026 2 12 2
3027 2 36 2
3028 2 21 2
3029 3 24 3
3030 2 21 2
3031 2 16 2
3032 2 16 2
3033 3 19 3
3034 3 33 3
3035 2 15 2
3036 2 16 2
3037 2 16 2
3038 2 20 2
3039 2 14 2
3040 2 15 2
3041 2 16 2
3042 2 22 2
3043 2 19 2
3044 5 93 5
3045 2 20 2
3046 2 12 2
3047 2 30 2
3048 8 157 7
3049 2 24 2
3050 2 26 2
3051 3 31 3
3052 2 25 2
3053 3 25 3
3054 2 14 2
3055 2 21 2
3056 2 15 2
3057 3 24 3
3058 2 10 2
3059 3 138 3
3060 2 12 2
3061 4 59 4
3062 2 26 2
3063 2 13 2
3064 2 22 2
3065 2 14 2
3066 9 342 7
3067 2 33 2
3068 3 24 3
3069 2 20 2
3070 2 37 2
3071 3 33 3
3072 2 19 2
3073 2 13 2
3074 2 17 2
3075 2 12 2
3076 3 32 3
3077 4 102 4
3078 3 24 3
3079 3 41 3
3080 2 15 2
3081 3 26 3
3082 2 10 2
3083 2 15 2
3084 2 15 2
3085 2 11 2
3086 2 10 2
3087 2 68 2
3088 2 65 2
3089 5 64 5
3090 3 23 3
3091 2 12 2
3092 2 20 2
3093 2 15 2
3094 3 20 3
3095 2 42 2
3096 3 21 3
3097 2 44 2
3098 2 14 2
3099 2 20 2
3100 2 11 2
3101 4 23 4
3102 2 16 2
3103 3 65 3
3104 4 46 4
3105 3 26 3
3106 2 28 2
3107 2 14 2
3108 2 14 2
3109 2 25 2
3110 3 43 3
3111 5 76 5
3112 2 11 2
3113 2 15 2
3114 2 18 2
3115 2 20 2
3116 6 123 5
3117 2 24 2
3118 2 28 2
3119 2 17 2
3120 3 55 3
3121 2 20 2
3122 3 22 3
3123 3 71 3
3124 2 18 2
3125 3 35 3
3126 2 19 2
3127 2 58 2
3128 2 25 2
3129 2 15 2
3130 2 39 2
3131 2 11 2
3132 2 20 2
3133 2 17 2
3134 3 36 3
3135 4 52 4
3136 2 11 2
3137 3 24 3
3138 2 24 2
3139 2 28 2
3140 2 13 2
3141 2 18 2
3142 2 21 2
3143 2 16 2
3144 5 109 5
3145 2 18 2
3146 4 43 4
3147 2 25 2
3148 4 52 4
3149 2 16 2
3150 2 29 2
3151 4 32 4
3152 2 22 2
3153 2 11 2
3154 3 19 3
3155 2 27 2
3156 3 20 3
3157 2 38 2
3158 5 122 5
3159 2 30 2
3160 3 53 3
3161 4 26 4
3162 2 56 2
3163 2 33 2
3164 2 10 2
3165 2 13 2
3166 2 16 2
3167 3 20 3
3168 3 83 3
3169 4 49 4
3170 3 18 3
3171 7 103 6
3172 3 35 3
3173 7 104 6
3174 3 36 3
3175 2 17 2
3176 2 19 2
3177 2 16 2
3178 2 12 2
3179 2 11 2
3180 2 14 2
3181 2 19 2
3182 3 30 3
3183 2 39 2
3184 2 19 2
3185 2 19 2
3186 2 10 2
3187 3 52 3
3188 3 25 3
3189 2 14 2
3190 3 22 3
3191 2 17 2
3192 2 28 2
3193 3 23 3
3194 2 12 2
3195 3 20 3
3196 2 41 2
3197 5 54 5
3198 2 18 2
3199 2 22 2
3200 3 49 3
3201 2 19 2
3202 2 13 2
3203 2 21 2
3204 3 17 3
3205 6 84 5
3206 2 81 2
3207 4 24 4
3208 4 83 4
3209 2 23 2
3210 2 10 2
3211 2 19 2
3212 2 15 2
3213 3 43 3
3214 2 14 2
3215 2 11 2
3216 2 19 2
3217 3 35 3
3218 2 13 2
3219 4 36 4
3220 2 14 2
3221 2 11 2
3222 5 39 5
3223 4 91 4
3224 2 19 2
3225 2 12 2
3226 12 149 8
3227 2 40 2
3228 2 22 2
3229 2 29 2
3230 2 30 2
3231 2 10 2
3232 2 11 2
3233 5 34 5
3234 2 12 2
3235 2 10 2
3236 8 262 7
3237 2 12 2
3238 2 26 2
3239 3 24 3
3240 2 21 2
3241 2 11 2
3242 3 16 3
3243 3 32 3
3244 2 26 2
3245 2 14 2
3246 2 42 2
3247 2 13 2
3248 4 54 4
3249 2 37 2
3250 2 45 2
3251 2 21 2
3252 2 38 2
3253 3 49 3
3254 2 25 2
3255 5 175 5
3256 2 19 2
3257 2 20 2
3258 2 12 2
3259 2 20 2
3260 2 100 2
3261 2 19 2
3262 8 219 7
3263 2 30 2
3264 4 30 4
3265 2 27 2
3266 2 12 2
3267 2 17 2
3268 2 13 2
3269 2 16 2
3270 2 16 2
3271 2 20 2
3272 2 34 2
3273 2 14 2
3274 2 34 2
3275 2 22 2
3276 2 31 2
3277 4 36 4
3278 2 23 2
3279 2 10 2
3280 3 36 3
3281 2 10 2
3282 2 23 2
3283 3 35 3
3284 2 17 2
3285 2 15 2
3286 2 13 2
3287 2 14 2
3288 2 13 2
3289 7 103 6
3290 3 45 3
3291 2 11 2
3292 4 32 4
3293 3 27 3
3294 3 58 3
3295 2 15 2
3296 3 24 3
3297 3 31 3
3298 2 13 2
3299 2 13 2
3300 2 22 2
3301 6 94 5
3302 4 67 4
3303 2 16 2
3304 2 44 2
3305 2 22 2
3306 2 17 2
3307 2 16 2
3308 4 60 4
3309 2 11 2
3310 3 22 3
3311 6 71 5
3312 2 12 2
3313 2 18 2
3314 2 44 2
3315 2 23 2
3316 2 12 2
3317 2 16 2
3318 2 25 2
3319 2 11 2
3320 2 12 2
3321 2 23 2
3322 2 15 2
3323 2 21 2
3324 2 15 2
3325 3 38 3
3326 4 54 4
3327 3 23 3
3328 4 120 4
3329 2 11 2
3330 4 48 4
3331 2 13 2
3332 2 37 2
3333 4 74 4
3334 2 15 2
3335 3 36 3
3336 2 18 2
3337 2 14 2
3338 2 20 2
3339 2 10 2
3340 2 11 2
3341 2 29 2
3342 2 20 2
3343 2 13 2
3344 8 210 6
3345 4 76 4
3346 2 45 2
3347 2 26 2
3348 2 15 2
3349 3 26 3
3350 2 15 2
3351 2 15 2
3352 2 16 2
3353 2 27 2
3354 2 12 2
3355 3 23 3
3356 3 46 3
3357 2 12 2
3358 2 27 2
3359 2 32 2
3360 2 10 2
3361 2 13 2
3362 3 39 3
3363 2 17 2
3364 2 12 2
3365 3 18 3
3366 2 18 2
3367 2 15 2
3368 2 13 2
3369 2 17 2
3370 3 34 3
3371 2 10 2
3372 5 108 5
3373 3 88 3
3374 4 79 4
3375 4 63 4
3376 2 31 2
3377 2 22 2
3378 2 10 2
3379 2 12 2
3380 2 17 2
3381 3 78 3
3382 2 21 2
3383 3 20 3
3384 2 23 2
3385 9 229 7
3386 3 45 3
3387 2 13 2
3388 2 15 2
3389 2 18 2
3390 4 31 4
3391 2 14 2
3392 2 12 2
3393 4 62 4
3394 2 25 2
3395 4 78 4
3396 3 37 3
3397 4 26 4
3398 2 17 2
3399 3 53 3
3400 4 61 4
3401 2 17 2
3402 2 17 2
3403 2 24 2
3404 5 64 5
3405 3 39 3
3406 2 51 2
3407 4 38 4
3408 6 100 5
3409 2 21 2
3410 3 21 3
3411 4 76 4
3412 3 30 3
3413 3 20 3
3414 3 26 3
3415 2 28 2
3416 4 68 4
3417 4 58 4
3418 2 13 2
3419 2 18 2
3420 2 14 2
3421 3 39 3
3422 5 58 5
3423 2 20 2
3424 2 16 2
3425 2 14 2
3426 2 19 2
3427 2 20 2
3428 3 27 3
3429 3 46 3
3430 2 11 2
3431 2 19 2
3432 2 27 2
3433 4 46 4
3434 2 11 2
3435 3 55 3
3436 4 31 4
3437 2 17 2
3438 2 12 2
3439 3 99 3
3440 2 19 2
3441 2 18 2
3442 7 105 6
3443 2 29 2
3444 3 23 3
3445 2 11 2
3446 2 10 2
3447 3 35 3
3448 2 14 2
3449 2 10 2
3450 2 18 2
3451 2 11 2
3452 2 17 2
3453 3 29 3
3454 2 26 2
3455 3 17 3
3456 2 20 2
3457 2 13 2
3458 2 17 2
3459 2 27 2
3460 2 35 2
3461 2 13 2
3462 2 68 2
3463 2 18 2
3464 2 26 2
3465 2 10 2
3466 2 14 2
3467 2 12 2
3468 3 55 3
3469 3 144 3
3470 8 148 6
3471 2 15 2
3472 2 20 2
3473 3 47 3
3474 2 10 2
3475 4 47 4
3476 2 19 2
3477 2 17 2
3478 2 23 2
3479 3 30 3
3480 2 30 2
3481 2 12 2
3482 2 12 2
3483 2 12 2
3484 2 11 2
3485 3 36 3
3486 3 46 3
3487 2 17 2
3488 2 25 2
3489 2 16 2
3490 2 15 2
3491 2 53 2
3492 2 13 2
3493 2 12 2
3494 4 29 4
3495 3 33 3
3496 3 45 3
3497 3 29 3
3498 2 11 2
3499 2 15 2
3500 3 24 3
3501 2 15 2
3502 2 33 2
3503 2 15 2
3504 2 15 2
3505 2 30 2
3506 2 13 2
3507 2 22 2
3508 2 23 2
3509 2 16 2
3510 2 19 2
3511 2 17 2
3512 3 109 3
3513 2 25 2
3514 2 11 2
3515 2 23 2
3516 5 55 5
3517 3 28 3
3518 2 14 2
3519 2 44 2
3520 4 71 4
3521 2 15 2
3522 6 167 6
3523 5 68 5
3524 3 33 3
3525 2 24 2
3526 2 36 2
3527 2 31 2
3528 2 14 2
3529 2 23 2
3530 4 92 4
3531 2 10 2
3532 2 17 2
3533 2 20 2
3534 2 15 2
3535 8 85 6
3536 2 16 2
3537 2 14 2
3538 2 14 2
3539 3 27 3
3540 3 26 3
3541 2 21 2
3542 3 74 3
3543 2 26 2
3544 2 23 2
3545 4 47 4
3546 2 10 2
3547 2 15 2
3548 2 15 2
3549 3 25 3
3550 2 28 2
3551 2 10 2
3552 2 30 2
3553 3 51 3
3554 2 10 2
3555 3 39 3
3556 3 40 3
3557 7 132 6
3558 5 95 5
3559 2 38 2
3560 2 11 2
3561 2 16 2
3562 3 23 3
3563 3 15 3
3564 2 17 2
3565 2 25 2
3566 2 12 2
3567 2 14 2
3568 2 16 2
3569 2 20 2
3570 2 10 2
3571 3 36 3
3572 3 26 3
3573 2 11 2
3574 2 12 2
3575 2 13 2
3576 2 12 2
3577 3 29 3
3578 2 25 2
3579 10 309 7
3580 2 10 2
3581 3 40 3
3582 2 10 2
3583 2 15 2
3584 2 36 2
3585 2 18 2
3586 2 19 2
3587 2 21 2
3588 2 27 2
3589 2 25 2
3590 2 14 2
3591 3 22 3
3592 2 12 2
3593 3 60 3
3594 2 11 2
3595 2 13 2
3596 4 34 4
3597 3 21 3
3598 2 13 2
3599 2 18 2
3600 2 18 2
3601 3 31 3
3602 3 75 3
3603 2 15 2
3604 2 16 2
3605 2 15 2
3606 2 14 2
3607 2 57 2
3608 2 23 2
3609 2 14 2
3610 2 22 2
3611 3 26 3
3612 3 45 3
3613 2 28 2
3614 2 24 2
3615 2 12 2
3616 2 15 2
3617 2 12 2
3618 7 174 6
3619 2 17 2
3620 2 14 2
3621 2 19 2
3622 3 31 3
3623 2 12 2
3624 2 20 2
3625 2 17 2
3626 2 38 2
3627 2 10 2
3628 2 12 2
3629 2 21 2
3630 2 10 2
3631 2 58 2
3632 2 13 2
3633 2 12 2
3634 2 10 2
3635 3 29 3
3636 3 28 3
3637 3 31 3
3638 2 34 2
3639 2 10 2
3640 3 26 3
3641 2 70 2
3642 3 47 3
3643 4 61 4
3644 3 22 3
3645 2 23 2
3646 2 15 2
3647 2 13 2
3648 2 32 2
3649 2 52 2
3650 2 21 2
3651 4 45 4
3652 3 48 3
3653 4 48 4
3654 2 24 2
3655 2 32 2
3656 2 11 2
3657 2 24 2
3658 2 18 2
3659 3 69 3
3660 2 18 2
3661 2 16 2
3662 2 17 2
3663 2 25 2
3664 7 162 5
3665 2 19 2
3666 2 17 2
3667 3 31 3
3668 2 13 2
3669 2 25 2
3670 3 44 3
3671 2 15 2
3672 2 17 2
3673 2 11 2
3674 2 14 2
3675 3 27 3
3676 5 122 5
3677 2 15 2
3678 4 30 4
3679 2 17 2
3680 4 48 4
3681 2 19 2
3682 2 32 2
3683 3 25 3
3684 3 27 3
3685 2 14 2
3686 2 11 2
3687 2 27 2
3688 2 26 2
3689 3 70 3
3690 2 19 2
3691 2 20 2
3692 2 14 2
3693 2 11 2
3694 2 22 2
3695 2 13 2
3696 3 33 3
3697 2 17 2
3698 3 41 3
3699 2 17 2
3700 2 18 2
3701 2 14 2
3702 3 51 3
3703 3 18 3
3704 2 10 2
3705 2 31 2
3706 3 23 3
3707 7 160 5
3708 3 32 3
3709 2 13 2
3710 2 24 2
3711 2 25 2
3712 2 12 2
3713 2 18 2
3714 3 37 3
3715 2 29 2
3716 2 15 2
3717 2 11 2
3718 2 26 2
3719 3 20 3
3720 4 30 4
3721 2 20 2
3722 2 81 2
3723 3 17 3
3724 2 15 2
3725 2 25 2
3726 3 41 3
3727 2 15 2
3728 2 15 2
3729 2 25 2
3730 2 23 2
3731 2 18 2
3732 2 33 2
3733 2 58 2
3734 2 30 2
3735 2 15 2
3736 5 193 5
3737 3 33 3
3738 2 19 2
3739 2 29 2
3740 2 21 2
3741 2 11 2
3742 3 39 3
3743 2 21 2
3744 3 22 3
3745 4 34 4
3746 2 11 2
3747 2 20 2
3748 3 26 3
3749 2 12 2
3750 2 10 2
3751 3 43 3
3752 3 34 3
3753 3 44 3
3754 4 72 4
3755 2 29 2
3756 2 20 2
3757 3 33 3
3758 3 26 3
3759 2 25 2
3760 2 10 2
3761 7 127 6
3762 2 13 2
3763 5 49 5
3764 2 22 2
3765 2 16 2
3766 2 12 2
3767 2 16 2
3768 2 19 2
3769 2 12 2
3770 5 53 5
3771 3 72 3
3772 5 54 5
3773 2 26 2
3774 2 13 2
3775 2 15 2
3776 2 14 2
3777 5 91 5
3778 2 15 2
3779 2 11 2
3780 2 15 2
3781 3 31 3
3782 2 45 2
3783 2 14 2
3784 3 72 3
3785 2 20 2
3786 3 17 3
3787 2 19 2
3788 3 34 3
3789 2 17 2
3790 4 37 4
3791 2 14 2
3792 2 35 2
3793 2 15 2
3794 2 95 2
3795 3 27 3
3796 2 16 2
3797 2 14 2
3798 2 16 2
3799 3 33 3
3800 2 10 2
3801 3 46 3
3802 2 16 2
3803 2 33 2
3804 2 14 2
3805 3 26 3
3806 2 22 2
3807 3 39 3
3808 2 25 2
3809 2 23 2
3810 2 19 2
3811 2 10 2
3812 3 19 3
3813 2 13 2
3814 4 33 4
3815 2 25 2
3816 5 85 5
3817 4 26 4
3818 2 12 2
3819 3 31 3
3820 3 28 3
3821 2 30 2
3822 2 21 2
3823 2 23 2
3824 2 87 2
3825 4 28 4
3826 2 40 2
3827 2 11 2
3828 2 12 2
3829 3 103 3
3830 4 43 4
3831 2 15 2
3832 2 31 2
3833 2 12 2
3834 2 10 2
3835 4 39 4
3836 2 19 2
3837 2 14 2
3838 2 22 2
3839 4 54 4
3840 2 25 2
3841 2 33 2
3842 2 22 2
3843 2 16 2
3844 2 42 2
3845 2 20 2
3846 3 47 3
3847 2 21 2
3848 2 10 2
3849 2 21 2
3850 2 10 2
3851 2 15 2
3852 7 82 6
3853 2 11 2
3854 2 29 2
3855 3 27 3
3856 2 15 2
3857 2 18 2
3858 3 24 3
3859 2 27 2
3860 2 13 2
3861 2 14 2
3862 3 23 3
3863 2 15 2
3864 2 12 2
3865 4 36 4
3866 7 103 6
3867 2 13 2
3868 2 36 2
3869 3 17 3
3870 4 77 4
3871 9 217 7
3872 3 31 3
3873 2 20 2
3874 3 23 3
3875 2 10 2
3876 2 23 2
3877 3 19 3
3878 2 15 2
3879 2 12 2
3880 2 11 2
3881 2 11 2
3882 3 36 3
3883 3 26 3
3884 2 11 2
3885 2 41 2
3886 2 12 2
3887 2 28 2
3888 2 22 2
3889 3 42 3
3890 4 57 4
3891 3 19 3
3892 2 28 2
3893 2 13 2
3894 2 18 2
3895 2 10 2
3896 6 180 6
3897 3 44 3
3898 3 30 3
3899 3 32 3
3900 2 16 2
3901 3 29 3
3902 2 18 2
3903 11 153 8
3904 2 17 2
3905 2 28 2
3906 2 16 2
3907 5 60 5
3908 2 12 2
3909 2 12 2
3910 2 10 2
3911 2 15 2
3912 5 62 5
3913 2 10 2
3914 2 24 2
3915 2 11 2
3916 2 22 2
3917 2 18 2
3918 2 24 2
3919 3 52 3
3920 2 21 2
3921 3 27 3
3922 4 58 4
3923 3 24 3
3924 3 52 3
3925 2 15 2
3926 2 21 2
3927 2 28 2
3928 3 24 3
3929 7 86 6
3930 2 20 2
3931 2 16 2
3932 2 17 2
3933 2 23 2
3934 2 17 2
3935 2 14 2
3936 2 13 2
3937 2 14 2
3938 2 17 2
3939 2 14 2
3940 3 21 3
3941 2 31 2
3942 2 25 2
3943 2 13 2
3944 2 10 2
3945 3 59 3
3946 6 109 6
3947 2 39 2
3948 3 20 3
3949 3 52 3
3950 3 27 3
3951 2 14 2
3952 2 38 2
3953 2 11 2
3954 2 35 2
3955 2 15 2
3956 5 44 5
3957 2 11 2
3958 2 28 2
3959 2 15 2
3960 2 12 2
3961 3 65 3
3962 3 22 3
3963 2 17 2
3964 2 90 2
3965 2 13 2
3966 2 13 2
3967 2 22 2
3968 2 52 2
3969 2 21 2
3970 2 13 2
3971 2 13 2
3972 2 14 2
3973 5 72 5
3974 2 11 2
3975 3 31 3
3976 3 24 3
3977 2 18 2
3978 4 120 4
3979 2 12 2
3980 2 14 2
3981 2 10 2
3982 2 19 2
3983 3 24 3
3984 4 52 4
3985 2 13 2
3986 2 39 2
3987 2 13 2
3988 3 39 3
3989 2 11 2
3990 2 22 2
3991 2 26 2
3992 2 18 2
3993 5 59 5
3994 2 33 2
3995 2 18 2
3996 2 17 2
3997 2 19 2
3998 2 20 2
3999 3 17 3
4000 2 12 2
4001 4 34 4
4002 2 27 2
4003 2 15 2
4004 2 17 2
4005 2 13 2
4006 2 49 2
4007 2 22 2
4008 2 23 2
4009 3 57 3
4010 2 65 2
4011 2 15 2
4012 3 30 3
4013 2 14 2
4014 3 39 3
4015 2 20 2
4016 2 40 2
4017 3 24 3
4018 3 19 3
4019 2 20 2
4020 4 38 4
4021 2 17 2
4022 2 21 2
4023 2 25 2
4024 2 15 2
4025 5 137 5
4026 3 46 3
4027 3 29 3
4028 2 13 2
4029 3 19 3
4030 2 19 2
4031 2 17 2
4032 2 26 2
4033 6 73 6
4034 3 26 3
4035 3 36 3
4036 2 15 2
4037 2 24 2
4038 2 31 2
4039 2 15 2
4040 3 34 3
4041 2 23 2
4042 2 28 2
4043 2 15 2
4044 2 13 2
4045 2 16 2
4046 3 39 3
4047 2 14 2
4048 2 15 2
4049 2 11 2
4050 2 15 2
4051 2 21 2
4052 2 23 2
4053 4 71 4
4054 3 19 3
4055 3 44 3
4056 2 11 2
4057 2 27 2
4058 3 28 3
4059 4 61 4
4060 2 11 2
4061 2 22 2
4062 4 112 4
4063 2 19 2
4064 2 23 2
4065 3 35 3
4066 2 18 2
4067 2 12 2
4068 3 31 3
4069 2 10 2
4070 4 54 4
4071 2 15 2
4072 3 35 3
4073 2 18 2
4074 2 13 2
4075 5 34 5
4076 2 14 2
4077 2 14 2
4078 5 64 5
4079 2 15 2
4080 3 68 3
4081 2 18 2
4082 3 30 3
4083 2 19 2
4084 2 30 2
4085 2 16 2
4086 2 13 2
4087 2 13 2
4088 2 10 2
4089 2 12 2
4090 2 19 2
4091 3 35 3
4092 2 16 2
4093 2 59 2
4094 3 26 3
4095 2 28 2
4096 2 11 2
4097 2 14 2
4098 3 23 3
4099 3 22 3
4100 2 17 2
4101 2 15 2
4102 2 10 2
4103 5 162 5
4104 2 38 2
4105 8 180 8
4106 2 16 2
4107 2 21 2
4108 2 14 2
4109 2 19 2
4110 2 17 2
4111 3 17 3
4112 2 19 2
4113 2 15 2
4114 4 42 4
4115 3 39 3
4116 2 18 2
4117 2 24 2
4118 6 84 6
4119 2 14 2
4120 7 157 6
4121 2 18 2
4122 2 41 2
4123 3 23 3
4124 2 11 2
4125 2 23 2
4126 2 19 2
4127 2 11 2
4128 3 23 3
4129 2 34 2
4130 5 63 5
4131 2 24 2
4132 2 100 2
4133 3 28 3
4134 2 28 2
4135 2 46 2
4136 2 22 2
4137 5 71 5
4138 2 21 2
4139 2 32 2
4140 2 17 2
4141 2 14 2
4142 2 11 2
4143 2 12 2
4144 2 14 2
4145 2 16 2
4146 8 134 6
4147 5 142 5
4148 4 33 4
4149 2 11 2
4150 3 39 3
4151 2 13 2
4152 2 11 2
4153 2 12 2
4154 2 19 2
4155 2 22 2
4156 2 43 2
4157 2 11 2
4158 2 10 2
4159 3 37 3
4160 2 31 2
4161 4 115 4
4162 2 15 2
4163 2 13 2
4164 6 74 5
4165 2 12 2
4166 3 50 3
4167 2 21 2
4168 2 21 2
4169 3 20 3
4170 2 13 2
4171 7 287 7
4172 2 15 2
4173 2 48 2
4174 2 16 2
4175 2 19 2
4176 2 12 2
4177 2 12 2
4178 2 28 2
4179 2 12 2
4180 2 14 2
4181 3 25 3
4182 14 444 10
4183 4 130 4
4184 2 12 2
4185 3 38 3
4186 3 41 3
4187 2 28 2
4188 2 17 2
4189 10 116 6
4190 2 15 2
4191 2 16 2
4192 2 25 2
4193 2 13 2
4194 4 101 4
4195 2 12 2
4196 2 17 2
4197 2 14 2
4198 2 11 2
4199 2 16 2
4200 3 54 3
4201 4 89 4
4202 2 12 2
4203 5 138 5
4204 2 21 2
4205 2 10 2
4206 3 28 3
4207 2 16 2
4208 2 17 2
4209 2 29 2
4210 2 38 2
4211 2 12 2
4212 2 12 2
4213 2 13 2
4214 2 26 2
4215 4 40 4
4216 2 17 2
4217 2 27 2
4218 4 81 4
4219 3 58 3
4220 3 24 3
4221 2 14 2
4222 2 14 2
4223 2 24 2
4224 2 16 2
4225 3 31 3
4226 2 15 2
4227 3 37 3
4228 2 18 2
4229 2 25 2
4230 2 13 2
4231 3 114 3
4232 2 13 2
4233 2 18 2
4234 2 19 2
4235 2 22 2
4236 3 19 3
4237 2 15 2
4238 2 19 2
4239 4 46 4
4240 2 53 2
4241 2 12 2
4242 2 17 2
4243 2 13 2
4244 2 19 2
4245 2 32 2
4246 9 105 6
4247 2 22 2
4248 2 22 2
4249 2 56 2
4250 2 19 2
4251 2 22 2
4252 3 36 3
4253 2 10 2
4254 2 33 2
4255 3 24 3
4256 2 18 2
4257 3 21 3
4258 4 35 4
4259 2 10 2
4260 2 12 2
4261 2 17 2
4262 3 81 3
4263 3 21 3
4264 2 15 2
4265 2 18 2
4266 2 15 2
4267 2 31 2
4268 2 13 2
4269 2 13 2
4270 3 35 3
4271 3 68 3
4272 2 19 2
4273 2 14 2
4274 3 45 3
4275 2 19 2
4276 2 11 2
4277 2 52 2
4278 2 15 2
4279 5 73 5
4280 2 25 2
4281 2 48 2
4282 2 18 2
4283 3 95 3
4284 2 16 2
4285 2 17 2
4286 2 18 2
4287 2 17 2
4288 2 11 2
4289 2 18 2
4290 3 26 3
4291 3 27 3
4292 2 20 2
4293 3 26 3
4294 4 106 4
4295 2 19 2
4296 2 30 2
4297 2 11 2
4298 2 13 2
4299 5 43 5
4300 2 29 2
4301 2 10 2
4302 2 31 2
4303 2 12 2
4304 2 13 2
4305 5 102 5
4306 2 26 2
4307 4 45 4
4308 2 146 2
4309 2 27 2
4310 2 12 2
4311 2 21 2
4312 4 83 4
4313 2 10 2
4314 2 18 2
4315 3 27 3
4316 2 14 2
4317 2 24 2
4318 2 12 2
4319 4 60 4
4320 3 50 3
4321 2 14 2
4322 2 11 2
4323 2 15 2
4324 2 15 2
4325 2 16 2
4326 2 10 2
4327 3 33 3
4328 4 47 4
4329 2 12 2
4330 2 52 2
4331 3 68 3
4332 2 26 2
4333 2 13 2
4334 2 33 2
4335 2 18 2
4336 2 19 2
4337 2 24 2
4338 5 48 5
4339 2 18 2
4340 2 10 2
4341 2 16 2
4342 3 30 3
4343 3 24 3
4344 2 17 2
4345 2 10 2
4346 2 20 2
4347 2 17 2
4348 2 21 2
4349 4 48 4
4350 3 21 3
4351 3 55 3
4352 2 10 2
4353 2 14 2
4354 2 19 2
4355 2 11 2
4356 2 23 2
4357 2 11 2
4358 2 12 2
4359 2 40 2
4360 2 80 2
4361 3 62 3
4362 2 29 2
4363 2 12 2
4364 6 71 5
4365 2 23 2
4366 2 15 2
4367 2 23 2
4368 2 30 2
4369 2 16 2
4370 3 26 3
4371 3 26 3
4372 5 34 5
4373 2 16 2
4374 3 19 3
4375 2 50 2
4376 2 21 2
4377 2 13 2
4378 2 12 2
4379 2 14 2
4380 4 55 4
4381 2 10 2
4382 3 78 3
4383 2 20 2
4384 2 14 2
4385 7 160 5
4386 2 11 2
4387 2 16 2
4388 2 19 2
4389 2 15 2
4390 3 34 3
4391 2 14 2
4392 4 37 4
4393 2 12 2
4394 2 14 2
4395 2 10 2
4396 2 18 2
4397 3 53 3
4398 2 22 2
4399 2 61 2
4400 3 24 3
4401 2 13 2
4402 3 42 3
4403 2 15 2
4404 2 13 2
4405 2 29 2
4406 2 45 2
4407 3 28 3
4408 2 31 2
4409 2 15 2
4410 4 70 4
4411 2 14 2
4412 2 11 2
4413 2 14 2
4414 3 24 3
4415 3 43 3
4416 2 13 2
4417 3 41 3
4418 2 19 2
4419 2 15 2
4420 2 16 2
4421 2 28 2
4422 3 35 3
4423 4 29 4
4424 2 18 2
4425 2 16 2
4426 2 16 2
4427 3 17 3
4428 2 15 2
4429 2 18 2
4430 2 17 2
4431 2 18 2
4432 2 12 2
4433 2 27 2
4434 2 11 2
4435 2 27 2
4436 2 14 2
4437 2 11 2
4438 2 14 2
4439 2 18 2
4440 3 31 3
4441 2 15 2
4442 2 16 2
4443 3 57 3
4444 2 17 2
4445 2 45 2
4446 2 18 2
4447 2 12 2
4448 2 14 2
4449 2 14 2
4450 3 39 3
4451 3 25 3
4452 3 137 3
4453 9 207 7
4454 2 21 2
4455 3 29 3
4456 2 24 2
4457 2 15 2
4458 2 31 2
4459 2 20 2
4460 2 14 2
4461 2 25 2
4462 2 10 2
4463 4 36 4
4464 3 46 3
4465 3 22 3
4466 2 19 2
4467 2 15 2
4468 2 74 2
4469 2 20 2
4470 2 16 2
4471 2 16 2
4472 2 76 2
4473 5 29 5
4474 3 33 3
4475 3 45 3
4476 2 17 2
4477 2 15 2
4478 2 21 2
4479 2 22 2
4480 6 108 6
4481 3 18 3
4482 2 30 2
4483 2 14 2
4484 4 30 4
4485 3 24 3
4486 3 33 3
4487 3 23 3
4488 2 17 2
4489 2 10 2
4490 3 35 3
4491 2 11 2
4492 2 10 2
4493 3 19 3
4494 3 47 3
4495 3 41 3
4496 2 13 2
4497 2 41 2
4498 2 21 2
4499 4 104 4
4500 2 20 2
4501 2 13 2
4502 2 19 2
4503 2 18 2
4504 2 11 2
4505 2 10 2
4506 2 25 2
4507 2 12 2
4508 2 11 2
4509 2 24 2
4510 2 19 2
4511 2 25 2
4512 2 19 2
4513 3 38 3
4514 2 46 2
4515 3 32 3
4516 4 61 4
4517 3 31 3
4518 2 18 2
4519 3 28 3
4520 2 12 2
4521 3 21 3
4522 2 26 2
4523 3 23 3
4524 2 12 2
4525 2 35 2
4526 2 60 2
4527 3 50 3
4528 9 280 7
4529 3 34 3
4530 4 43 4
4531 2 23 2
4532 2 11 2
4533 2 33 2
4534 2 70 2
4535 2 26 2
4536 2 12 2
4537 2 14 2
4538 2 11 2
4539 2 21 2
4540 2 23 2
4541 2 15 2
4542 2 39 2
4543 2 11 2
4544 2 15 2
4545 2 25 2
4546 2 10 2
4547 2 27 2
4548 3 30 3
4549 2 14 2
4550 2 12 2
4551 2 17 2
4552 2 28 2
4553 2 19 2
4554 2 12 2
4555 2 20 2
4556 2 16 2
4557 2 20 2
4558 5 77 5
4559 2 38 2
4560 3 30 3
4561 2 17 2
4562 4 46 4
4563 2 41 2
4564 2 17 2
4565 2 10 2
4566 2 12 2
4567 2 14 2
4568 2 12 2
4569 3 15 3
4570 2 10 2
4571 3 43 3
4572 2 21 2
4573 2 19 2
4574 4 76 4
4575 2 18 2
4576 2 28 2
4577 2 12 2
4578 2 16 2
4579 4 27 4
4580 2 22 2
4581 2 38 2
4582 2 12 2
4583 2 15 2
4584 2 15 2
4585 4 97 4
4586 2 11 2
4587 3 32 3
4588 3 29 3
4589 2 16 2
4590 2 17 2
4591 2 18 2
4592 3 27 3
4593 2 28 2
4594 2 10 2
4595 3 42 3
4596 2 15 2
4597 3 40 3
4598 2 10 2
4599 2 23 2
4600 2 12 2
4601 2 12 2
4602 2 29 2
4603 6 80 6
4604 2 20 2
4605 2 26 2
4606 2 21 2
4607 2 17 2
4608 2 19 2
4609 4 43 4
4610 3 35 3
4611 2 17 2
4612 2 16 2
4613 2 19 2
4614 2 13 2
4615 3 29 3
4616 2 10 2
4617 3 51 3
4618 4 68 4
4619 2 21 2
4620 2 20 2
4621 5 37 5
4622 4 38 4
4623 3 52 3
4624 4 44 4
4625 2 25 2
4626 2 12 2
4627 3 37 3
4628 2 10 2
4629 2 16 2
4630 2 17 2
4631 2 10 2
4632 2 14 2
4633 2 21 2
4634 3 28 3
4635 2 41 2
4636 2 12 2
4637 2 13 2
4638 2 25 2
4639 3 27 3
4640 2 29 2
4641 2 10 2
4642 2 18 2
4643 2 12 2
4644 2 22 2
4645 3 22 3
4646 2 29 2
4647 3 20 3
4648 2 18 2
4649 3 37 3
4650 2 13 2
4651 2 12 2
4652 6 75 5
4653 2 14 2
4654 2 10 2
4655 2 24 2
4656 3 50 3
4657 3 44 3
4658 2 15 2
4659 2 20 2
4660 3 36 3
4661 3 41 3
4662 2 14 2
4663 2 20 2
4664 6 89 5
4665 2 24 2
4666 2 19 2
4667 2 17 2
4668 3 15 3
4669 2 15 2
4670 4 44 4
4671 2 16 2
4672 2 24 2
4673 2 26 2
4674 2 13 2
4675 2 15 2
4676 4 27 4
4677 2 17 2
4678 2 12 2
4679 2 23 2
4680 2 18 2
4681 2 39 2
4682 2 13 2
4683 2 13 2
4684 2 16 2
4685 3 31 3
4686 6 59 6
4687 2 15 2
4688 2 17 2
4689 4 29 4
4690 3 54 3
4691 2 19 2
4692 3 25 3
4693 2 15 2
4694 11 210 8
4695 2 20 2
4696 2 11 2
4697 2 21 2
4698 2 11 2
4699 2 21 2
4700 2 15 2
4701 2 23 2
4702 2 21 2
4703 2 16 2
4704 2 13 2
4705 2 10 2
4706 4 40 4
4707 2 13 2
4708 2 14 2
4709 2 31 2
4710 2 14 2
4711 2 21 2
4712 2 21 2
4713 3 53 3
4714 2 15 2
4715 2 33 2
4716 2 12 2
4717 2 12 2
4718 2 22 2
4719 3 38 3
4720 4 191 4
4721 2 13 2
4722 3 24 3
4723 6 260 6
4724 2 13 2
4725 3 23 3
4726 2 26 2
4727 3 59 3
4728 2 15 2
4729 2 47 2
4730 2 20 2
4731 2 24 2
4732 2 16 2
4733 2 12 2
4734 2 155 2
4735 3 32 3
4736 3 189 3
4737 4 39 4
4738 2 12 2
4739 4 61 4
4740 2 12 2
4741 2 15 2
4742 2 12 2
4743 2 12 2
4744 4 116 4
4745 2 19 2
4746 3 39 3
4747 2 16 2
4748 2 14 2
4749 2 43 2
4750 2 25 2
4751 3 21 3
4752 2 10 2
4753 4 34 4
4754 2 12 2
4755 4 47 4
4756 2 20 2
4757 2 13 2
4758 3 33 3
4759 2 31 2
4760 4 39 4
4761 2 10 2
4762 4 28 4
4763 6 77 6
4764 4 61 4
4765 3 76 3
4766 3 23 3
4767 2 11 2
4768 2 12 2
4769 3 37 3
4770 4 91 4
4771 2 12 2
4772 2 23 2
4773 2 16 2
4774 4 30 4
4775 2 10 2
4776 2 22 2
4777 2 20 2
4778 2 24 2
4779 2 10 2
4780 2 58 2
4781 2 32 2
4782 2 14 2
4783 2 20 2
4784 2 12 2
4785 3 47 3
4786 2 20 2
4787 2 20 2
4788 2 18 2
4789 6 81 6
4790 2 11 2
4791 3 99 3
4792 2 18 2
4793 4 36 4
4794 2 17 2
4795 2 20 2
4796 3 54 3
4797 2 16 2
4798 2 37 2
4799 3 26 3
4800 4 46 4
4801 2 19 2
4802 2 23 2
4803 2 14 2
4804 2 33 2
4805 2 18 2
4806 3 29 3
4807 3 26 3
4808 2 21 2
4809 2 95 2
4810 3 56 3
4811 4 184 4
4812 2 24 2
4813 2 13 2
4814 2 16 2
4815 3 28 3
4816 2 18 2
4817 2 16 2
4818 2 15 2
4819 2 13 2
4820 3 24 3
4821 2 18 2
4822 2 22 2
4823 2 26 2
4824 3 27 3
4825 2 80 2
4826 3 41 3
4827 4 190 4
4828 2 35 2
4829 2 23 2
4830 3 25 3
4831 2 16 2
4832 2 24 2
4833 3 43 3
4834 2 33 2
4835 2 14 2
4836 2 13 2
4837 3 16 3
4838 2 19 2
4839 2 16 2
4840 2 15 2
4841 2 15 2
4842 2 33 2
4843 2 23 2
4844 2 33 2
4845 4 75 4
4846 2 13 2
4847 3 27 3
4848 2 24 2
4849 3 17 3
4850 3 29 3
4851 2 22 2
4852 2 17 2
4853 2 53 2
4854 8 153 7
4855 2 20 2
4856 2 13 2
4857 2 27 2
4858 2 29 2
4859 3 28 3
4860 2 19 2
4861 2 14 2
4862 2 15 2
4863 3 31 3
4864 3 57 3
4865 2 21 2
4866 2 15 2
4867 2 17 2
4868 4 42 4
4869 2 18 2
4870 3 17 3
4871 2 24 2
4872 2 24 2
4873 2 24 2
4874 2 44 2
4875 2 16 2
4876 2 27 2
4877 4 47 4
4878 2 36 2
4879 5 60 5
4880 2 22 2
4881 4 76 4
4882 3 40 3
4883 2 20 2
4884 2 11 2
4885 3 26 3
4886 2 17 2
4887 2 15 2
4888 2 17 2
4889 2 13 2
4890 2 16 2
4891 4 56 4
4892 2 10 2
4893 2 10 2
4894 2 26 2
4895 2 17 2
4896 3 18 3
4897 2 15 2
4898 2 22 2
4899 2 24 2
4900 2 24 2
4901 2 17 2
4902 2 10 2
4903 2 12 2
4904 2 14 2
4905 3 22 3
4906 2 30 2
4907 2 19 2
4908 2 20 2
4909 2 14 2
4910 2 11 2
4911 2 13 2
4912 2 15 2
4913 2 38 2
4914 4 48 4
4915 2 18 2
4916 2 14 2
4917 2 19 2
4918 5 38 5
4919 2 23 2
4920 2 17 2
4921 2 35 2
4922 2 22 2
4923 2 18 2
4924 2 17 2
4925 2 11 2
4926 2 37 2
4927 2 37 2
4928 3 18 3
4929 9 206 7
4930 2 21 2
4931 3 23 3
4932 4 27 4
4933 2 32 2
4934 3 31 3
4935 3 40 3
4936 5 98 5
4937 3 35 3
4938 2 10 2
4939 2 37 2
4940 2 27 2
4941 2 10 2
4942 3 34 3
4943 2 18 2
4944 3 23 3
4945 2 11 2
4946 4 39 4
4947 2 13 2
4948 2 18 2
4949 2 11 2
4950 3 18 3
4951 2 24 2
4952 2 12 2
4953 2 12 2
4954 2 23 2
4955 2 17 2
4956 2 13 2
4957 2 16 2
4958 2 11 2
4959 3 22 3
4960 2 12 2
4961 2 11 2
4962 5 110 5
4963 2 16 2
4964 2 15 2
4965 2 13 2
4966 3 28 3
4967 2 10 2
4968 2 27 2
4969 2 12 2
4970 4 36 4
4971 3 27 3
4972 5 77 5
4973 3 19 3
4974 2 26 2
4975 2 13 2
4976 2 20 2
4977 2 15 2
4978 2 24 2
4979 2 14 2
4980 2 12 2
4981 3 33 3
4982 3 19 3
4983 3 28 3
4984 3 44 3
4985 3 63 3
4986 2 11 2
4987 3 20 3
4988 2 20 2
4989 4 256 4
4990 3 19 3
4991 2 21 2
4992 2 15 2
4993 3 67 3
4994 2 11 2
4995 3 16 3
4996 2 22 2
4997 2 16 2
4998 2 13 2
4999 2 11 2
5000 2 20 2
5001 2 16 2
5002 2 27 2
5003 2 16 2
5004 2 14 2
5005 2 11 2
5006 2 13 2
5007 3 27 3
5008 3 21 3
5009 7 73 6
5010 3 34 3
5011 3 20 3
5012 3 32 3
5013 2 13 2
5014 3 39 3
5015 2 16 2
5016 2 24 2
5017 2 11 2
5018 2 28 2
5019 8 235 7
5020 3 30 3
5021 2 17 2
5022 2 13 2
5023 2 19 2
5024 2 25 2
5025 2 18 2
5026 3 15 3
5027 8 160 6
5028 2 35 2
5029 3 24 3
5030 2 13 2
5031 2 56 2
5032 2 24 2
5033 2 17 2
5034 2 23 2
5035 2 21 2
5036 2 10 2
5037 2 17 2
5038 6 68 5
5039 3 21 3
5040 2 20 2
5041 2 23 2
5042 2 11 2
5043 2 16 2
5044 3 24 3
5045 3 29 3
5046 2 13 2
5047 2 12 2
5048 4 28 4
5049 2 25 2
5050 4 26 4
5051 2 26 2
5052 2 10 2
5053 3 19 3
5054 6 58 5
5055 6 103 6
5056 2 18 2
5057 2 21 2
5058 2 10 2
5059 2 13 2
5060 2 11 2
5061 2 11 2
5062 3 60 3
5063 2 24 2
5064 2 11 2
5065 2 32 2
5066 2 37 2
5067 3 50 3
5068 2 19 2
5069 2 23 2
5070 8 119 6
5071 2 26 2
5072 2 11 2
5073 2 14 2
5074 2 11 2
5075 2 11 2
5076 3 111 3
5077 2 35 2
5078 2 19 2
5079 4 69 4
5080 2 20 2
5081 2 42 2
5082 5 172 5
5083 2 19 2
5084 4 134 4
5085 2 13 2
5086 2 17 2
5087 2 10 2
5088 2 10 2
5089 3 18 3
5090 2 37 2
5091 2 13 2
5092 3 26 3
5093 3 112 3
5094 2 13 2
5095 2 13 2
5096 3 55 3
5097 2 23 2
5098 2 72 2
5099 2 43 2
5100 3 42 3
5101 2 23 2
5102 2 11 2
5103 2 15 2
5104 3 52 3
5105 3 18 3
5106 3 50 3
5107 2 20 2
5108 2 11 2
5109 2 26 2
5110 4 42 4
5111 2 21 2
5112 3 24 3
5113 3 41 3
5114 2 34 2
5115 2 23 2
5116 2 35 2
5117 3 29 3
5118 2 11 2
5119 3 98 3
5120 2 14 2
5121 3 20 3
5122 2 13 2
5123 3 22 3
5124 2 25 2
5125 2 10 2
5126 2 16 2
5127 2 20 2
5128 5 253 5
5129 2 13 2
5130 3 23 3
5131 2 16 2
5132 4 62 4
5133 2 46 2
5134 2 12 2
5135 2 12 2
5136 2 36 2
5137 5 56 5
5138 2 12 2
5139 3 25 3
5140 2 18 2
5141 2 19 2
5142 2 26 2
5143 2 15 2
5144 3 25 3
5145 2 22 2
5146 3 20 3
5147 2 12 2
5148 2 11 2
5149 3 56 3
5150 2 16 2
5151 2 27 2
5152 2 53 2
5153 2 26 2
5154 2 13 2
5155 3 19 3
5156 3 41 3
5157 3 24 3
5158 2 212 2
5159 3 37 3
5160 3 30 3
5161 2 19 2
5162 3 24 3
5163 3 50 3
5164 2 20 2
5165 2 19 2
5166 2 21 2
5167 2 11 2
5168 5 61 5
5169 2 13 2
5170 3 40 3
5171 2 30 2
5172 3 23 3
5173 7 121 6
5174 2 26 2
5175 3 17 3
5176 3 17 3
5177 3 25 3
5178 2 25 2
5179 4 74 4
5180 2 12 2
5181 3 22 3
5182 3 41 3
5183 2 12 2
5184 2 63 2
5185 2 15 2
5186 3 15 3
5187 2 12 2
5188 3 19 3
5189 2 24 2
5190 2 13 2
5191 2 17 2
5192 3 30 3
5193 2 21 2
5194 2 15 2
5195 2 10 2
5196 7 229 7
5197 2 14 2
5198 2 12 2
5199 2 16 2
5200 2 18 2
5201 2 13 2
5202 2 11 2
5203 2 14 2
5204 2 18 2
5205 2 17 2
5206 3 22 3
5207 2 12 2
5208 2 16 2
5209 2 30 2
5210 2 11 2
5211 2 13 2
5212 2 15 2
5213 2 31 2
5214 2 14 2
5215 2 16 2
5216 3 21 3
5217 2 10 2
5218 3 54 3
5219 4 28 4
5220 2 29 2
5221 2 14 2
5222 2 34 2
5223 2 19 2
5224 2 35 2
5225 2 18 2
5226 3 21 3
5227 2 15 2
5228 2 21 2
5229 2 10 2
5230 2 22 2
5231 2 31 2
5232 2 24 2
5233 2 15 2
5234 4 36 4
5235 2 12 2
5236 2 14 2
5237 3 24 3
5238 5 69 5
5239 2 15 2
5240 2 64 2
5241 2 20 2
5242 2 14 2
5243 2 19 2
5244 2 10 2
5245 3 38 3
5246 2 14 2
5247 2 21 2
5248 2 19 2
5249 2 29 2
5250 2 27 2
5251 2 22 2
5252 2 26 2
5253 2 11 2
5254 2 19 2
5255 2 17 2
5256 2 11 2
5257 2 10 2
5258 2 25 2
5259 3 96 3
5260 2 13 2
5261 2 11 2
5262 2 12 2
5263 4 40 4
5264 2 14 2
5265 2 12 2
5266 2 20 2
5267 2 18 2
5268 2 17 2
5269 2 12 2
5270 2 19 2
5271 5 82 5
5272 2 19 2
5273 2 12 2
5274 2 13 2
5275 3 33 3
5276 2 22 2
5277 2 24 2
5278 2 25 2
5279 2 13 2
5280 2 11 2
5281 2 13 2
5282 2 15 2
5283 2 22 2
5284 2 11 2
5285 2 11 2
5286 2 15 2
5287 2 12 2
5288 3 38 3
5289 3 16 3
5290 2 12 2
5291 2 11 2
5292 3 20 3
5293 2 30 2
5294 2 21 2
5295 2 15 2
5296 2 75 2
5297 3 35 3
5298 2 31 2
5299 2 12 2
5300 2 17 2
5301 2 21 2
5302 2 18 2
5303 2 29 2
5304 2 18 2
5305 2 14 2
5306 3 37 3
5307 2 11 2
5308 2 33 2
5309 2 60 2
5310 2 21 2
5311 2 18 2
5312 2 10 2
5313 2 16 2
5314 2 19 2
5315 2 11 2
5316 2 10 2
5317 2 14 2
5318 2 17 2
5319 2 20 2
5320 2 68 2
5321 2 10 2
5322 2 11 2
5323 4 63 4
5324 2 16 2
5325 2 62 2
5326 2 28 2
5327 2 48 2
5328 4 47 4
5329 2 12 2
5330 2 13 2
5331 4 149 4
5332 3 59 3
5333 4 43 4
5334 2 20 2
5335 3 37 3
5336 2 33 2
5337 2 15 2
5338 2 16 2
5339 6 48 6
5340 3 49 3
5341 2 18 2
5342 2 27 2
5343 2 19 2
5344 2 14 2
5345 2 26 2
5346 3 34 3
5347 2 13 2
5348 3 26 3
5349 2 16 2
5350 2 18 2
5351 2 15 2
5352 3 17 3
5353 2 92 2
5354 2 13 2
5355 3 35 3
5356 2 11 2
5357 2 14 2
5358 2 16 2
5359 2 24 2
5360 2 18 2
5361 2 13 2
5362 2 43 2
5363 2 13 2
5364 2 11 2
5365 2 16 2
5366 2 16 2
5367 2 24 2
5368 2 23 2
5369 8 122 6
5370 2 12 2
5371 3 23 3
5372 2 11 2
5373 4 111 4
5374 3 20 3
5375 2 11 2
5376 2 23 2
5377 2 10 2
5378 2 17 2
5379 2 15 2
5380 3 57 3
5381 5 47 5
5382 2 26 2
5383 2 15 2
5384 2 12 2
5385 2 40 2
5386 2 16 2
5387 2 30 2
5388 2 23 2
5389 2 26 2
5390 2 16 2
5391 2 27 2
5392 2 15 2
5393 5 57 5
5394 3 20 3
5395 2 17 2
5396 2 14 2
5397 2 13 2
5398 2 20 2
5399 2 15 2
5400 2 33 2
5401 3 46 3
5402 2 23 2
5403 2 54 2
5404 2 41 2
5405 3 36 3
5406 13 221 8
5407 3 41 3
5408 2 11 2
5409 2 24 2
5410 2 11 2
5411 2 28 2
5412 2 37 2
5413 5 105 5
5414 2 33 2
5415 2 17 2
5416 3 42 3
5417 2 15 2
5418 8 140 6
5419 3 28 3
5420 4 37 4
5421 2 11 2
5422 2 11 2
5423 2 16 2
5424 2 12 2
5425 3 27 3
5426 2 22 2
5427 2 12 2
5428 4 49 4
5429 2 92 2
5430 4 44 4
5431 3 19 3
5432 2 10 2
5433 3 33 3
5434 2 18 2
5435 2 14 2
5436 2 16 2
5437 2 20 2
5438 3 25 3
5439 3 26 3
5440 2 22 2
5441 2 20 2
5442 3 31 3
5443 2 29 2
5444 2 12 2
5445 2 16 2
5446 4 107 4
5447 2 12 2
5448 3 21 3
5449 2 17 2
5450 2 10 2
5451 4 114 4
5452 3 35 3
5453 2 15 2
5454 2 28 2
5455 2 22 2
5456 2 11 2
5457 4 51 4
5458 5 86 5
5459 2 13 2
5460 2 12 2
5461 2 22 2
5462 2 27 2
5463 2 12 2
5464 2 15 2
5465 3 69 3
5466 2 28 2
5467 2 21 2
5468 2 15 2
5469 3 42 3
5470 2 67 2
5471 2 14 2
5472 2 12 2
5473 2 10 2
5474 2 10 2
5475 2 23 2
5476 3 109 3
5477 2 29 2
5478 2 14 2
5479 2 27 2
5480 4 87 4
5481 2 15 2
5482 5 40 5
5483 3 33 3
5484 13 173 7
5485 3 28 3
5486 2 10 2
5487 3 39 3
5488 2 40 2
5489 2 36 2
5490 2 13 2
5491 2 14 2
5492 7 134 6
5493 2 15 2
5494 2 16 2
5495 2 17 2
5496 4 39 4
5497 3 31 3
5498 2 15 2
5499 2 20 2
5500 4 46 4
5501 2 18 2
5502 2 28 2
5503 4 50 4
5504 3 35 3
5505 2 101 2
5506 2 15 2
5507 6 149 6
5508 2 17 2
5509 2 10 2
5510 2 19 2
5511 2 75 2
5512 2 13 2
5513 2 12 2
5514 2 12 2
5515 3 18 3
5516 2 18 2
5517 2 18 2
5518 2 15 2
5519 2 30 2
5520 2 17 2
5521 6 135 6
5522 3 16 3
5523 2 19 2
5524 2 11 2
5525 2 14 2
5526 2 13 2
5527 4 36 4
5528 2 10 2
5529 8 102 7
5530 2 15 2
5531 2 13 2
5532 2 18 2
5533 2 35 2
5534 2 14 2
5535 3 23 3
5536 4 38 4
5537 2 18 2
5538 3 30 3
5539 2 12 2
5540 2 11 2
5541 2 13 2
5542 11 244 9
5543 6 55 5
5544 2 11 2
5545 2 15 2
5546 4 67 4
5547 2 13 2
5548 2 12 2
5549 2 12 2
5550 5 57 5
5551 2 11 2
5552 2 29 2
5553 10 188 8
5554 2 26 2
5555 2 22 2
5556 2 18 2
5557 2 18 2
5558 6 86 6
5559 2 31 2
5560 2 11 2
5561 2 15 2
5562 4 27 4
5563 6 151 5
5564 2 11 2
5565 7 59 5
5566 5 68 5
5567 3 31 3
5568 2 26 2
5569 4 58 4
5570 3 19 3
5571 2 10 2
5572 2 16 2
5573 2 30 2
5574 2 18 2
5575 2 29 2
5576 2 11 2
5577 2 46 2
5578 3 24 3
5579 2 18 2
5580 3 31 3
5581 4 36 4
5582 3 29 3
5583 2 27 2
5584 2 14 2
5585 2 12 2
5586 6 139 5
5587 2 11 2
5588 2 12 2
5589 2 14 2
5590 3 27 3
5591 2 33 2
5592 3 19 3
5593 2 17 2
5594 4 41 4
5595 2 19 2
5596 3 37 3
5597 2 18 2
5598 2 24 2
5599 2 16 2
5600 6 151 5
5601 3 33 3
5602 2 14 2
5603 2 12 2
5604 2 67 2
5605 2 16 2
5606 2 21 2
5607 3 42 3
5608 3 40 3
5609 2 19 2
5610 2 18 2
5611 3 35 3
5612 3 26 3
5613 2 40 2
5614 2 93 2
5615 3 18 3
5616 2 12 2
5617 6 146 5
5618 3 19 3
5619 2 31 2
5620 2 11 2
5621 2 25 2
5622 4 61 4
5623 2 24 2
5624 2 35 2
5625 2 12 2
5626 2 14 2
5627 2 12 2
5628 2 39 2
5629 3 20 3
5630 2 24 2
5631 2 13 2
5632 2 15 2
5633 7 138 6
5634 2 14 2
5635 2 16 2
5636 2 10 2
5637 5 163 5
5638 2 17 2
5639 3 31 3
5640 2 28 2
5641 2 40 2
5642 2 24 2
5643 2 19 2
5644 2 23 2
5645 3 24 3
5646 2 24 2
5647 3 22 3
5648 2 24 2
5649 2 10 2
5650 3 59 3
5651 2 12 2
5652 2 24 2
5653 2 27 2
5654 3 32 3
5655 2 11 2
5656 2 34 2
5657 2 16 2
5658 2 17 2
5659 2 28 2
5660 2 10 2
5661 2 15 2
5662 4 50 4
5663 2 10 2
5664 2 57 2
5665 2 11 2
5666 3 32 3
5667 4 50 4
5668 3 26 3
5669 2 27 2
5670 6 80 6
5671 3 112 3
5672 2 11 2
5673 2 47 2
5674 3 37 3
5675 2 10 2
5676 2 24 2
5677 2 13 2
5678 2 17 2
5679 5 117 5
5680 2 20 2
5681 2 20 2
5682 4 70 4
5683 4 35 4
5684 2 13 2
5685 3 55 3
5686 4 41 4
5687 2 27 2
5688 2 12 2
5689 2 39 2
5690 2 14 2
5691 2 19 2
5692 5 64 5
5693 2 13 2
5694 5 73 5
5695 2 12 2
5696 2 27 2
5697 2 18 2
5698 3 41 3
5699 3 39 3
5700 2 22 2
5701 2 29 2
5702 2 28 2
5703 3 32 3
5704 3 29 3
5705 2 17 2
5706 2 14 2
5707 2 13 2
5708 2 17 2
5709 2 27 2
5710 2 21 2
5711 3 22 3
5712 2 10 2
5713 4 90 4
5714 2 21 2
5715 2 19 2
5716 4 62 4
5717 2 16 2
5718 2 15 2
5719 2 60 2
5720 2 12 2
5721 2 14 2
5722 2 13 2
5723 2 56 2
5724 2 16 2
5725 4 38 4
5726 2 38 2
5727 2 11 2
5728 5 62 5
5729 6 86 6
5730 3 34 3
5731 2 24 2
5732 2 25 2
5733 2 16 2
5734 3 32 3
5735 4 56 4
5736 2 11 2
5737 2 15 2
5738 2 28 2
5739 4 66 4
5740 2 38 2
5741 2 11 2
5742 2 16 2
5743 2 18 2
5744 2 12 2
5745 3 21 3
5746 2 11 2
5747 2 11 2
5748 2 10 2
5749 2 49 2
5750 2 13 2
5751 4 106 4
5752 2 27 2
5753 2 16 2
5754 2 21 2
5755 5 133 5
5756 3 37 3
5757 2 20 2
5758 3 19 3
5759 2 53 2
5760 2 23 2
5761 2 18 2
5762 2 18 2
5763 2 41 2
5764 2 28 2
5765 2 38 2
5766 2 12 2
5767 3 37 3
5768 2 11 2
5769 2 13 2
5770 2 13 2
5771 3 20 3
5772 2 23 2
5773 4 79 4
5774 2 11 2
5775 2 15 2
5776 2 23 2
5777 4 38 4
5778 2 12 2
5779 4 27 4
5780 2 12 2
5781 2 16 2
5782 3 24 3
5783 4 32 4
5784 2 16 2
5785 2 33 2
5786 2 24 2
5787 2 13 2
5788 2 12 2
5789 3 39 3
5790 2 20 2
5791 6 49 5
5792 10 274 8
5793 2 14 2
5794 2 27 2
5795 2 11 2
5796 3 29 3
5797 2 11 2
5798 2 16 2
5799 2 15 2
5800 2 24 2
5801 16 388 10
5802 2 11 2
5803 2 17 2
5804 2 27 2
5805 2 40 2
5806 2 10 2
5807 2 10 2
5808 2 28 2
5809 3 60 3
5810 2 19 2
5811 2 10 2
5812 2 17 2
5813 3 39 3
5814 2 19 2
5815 2 36 2
5816 3 31 3
5817 2 14 2
5818 2 21 2
5819 5 97 5
5820 3 42 3
5821 3 98 3
5822 2 18 2
5823 2 11 2
5824 9 273 7
5825 2 11 2
5826 2 11 2
5827 2 15 2
5828 3 31 3
5829 8 102 7
5830 2 31 2
5831 3 34 3
5832 2 14 2
5833 3 64 3
5834 2 20 2
5835 2 10 2
5836 5 79 5
5837 4 107 4
5838 3 27 3
5839 2 16 2
5840 2 24 2
5841 2 14 2
5842 2 29 2
5843 7 203 5
5844 2 13 2
5845 2 16 2
5846 3 22 3
5847 2 11 2
5848 2 26 2
5849 2 11 2
5850 2 12 2
5851 2 17 2
5852 2 14 2
5853 2 14 2
5854 2 31 2
5855 2 19 2
5856 2 20 2
5857 4 207 4
5858 3 19 3
5859 2 11 2
5860 8 139 6
5861 3 59 3
5862 2 16 2
5863 4 101 4
5864 2 15 2
5865 4 57 4
5866 2 23 2
5867 24 1023 14
5868 3 95 3
5869 2 14 2
5870 4 35 4
5871 2 17 2
5872 3 57 3
5873 2 10 2
5874 2 11 2
5875 2 40 2
5876 7 203 5
5877 2 11 2
5878 2 14 2
5879 2 18 2
5880 2 16 2
5881 3 53 3
5882 2 15 2
5883 2 19 2
5884 2 18 2
5885 3 196 3
5886 3 26 3
5887 3 56 3
5888 2 29 2
5889 2 23 2
5890 3 43 3
5891 2 16 2
5892 7 142 6
5893 3 48 3
5894 2 37 2
5895 2 12 2
5896 2 39 2
5897 4 64 4
5898 2 11 2
5899 2 21 2
5900 2 29 2
5901 2 30 2
5902 2 17 2
5903 2 22 2
5904 2 27 2
5905 3 29 3
5906 4 108 4
5907 2 14 2
5908 3 269 3
5909 2 12 2
5910 2 13 2
5911 2 119 2
5912 2 12 2
5913 5 43 5
5914 2 11 2
5915 2 26 2
5916 3 30 3
5917 2 26 2
5918 2 23 2
5919 2 20 2
5920 2 17 2
5921 2 48 2
5922 2 46 2
5923 2 12 2
5924 2 14 2
5925 2 10 2
5926 2 10 2
5927 2 19 2
5928 3 57 3
5929 2 19 2
5930 4 32 4
5931 2 22 2
5932 2 15 2
5933 2 12 2
5934 3 33 3
5935 2 21 2
5936 5 124 5
5937 3 47 3
5938 2 11 2
5939 3 315 3
5940 3 35 3
5941 4 22 4
5942 2 18 2
5943 5 60 5
5944 3 26 3
5945 2 12 2
5946 6 99 5
5947 2 92 2
5948 2 20 2
5949 2 13 2
5950 3 113 3
5951 4 41 4
5952 2 15 2
5953 3 15 3
5954 2 10 2
5955 2 18 2
5956 2 10 2
5957 2 30 2
5958 2 11 2
5959 2 19 2
5960 4 75 4
5961 5 86 5
5962 2 19 2
5963 4 106 4
5964 2 10 2
5965 4 39 4
5966 2 32 2
5967 2 33 2
5968 3 33 3
5969 2 59 2
5970 2 52 2
5971 2 12 2
5972 3 92 3
5973 3 28 3
5974 6 85 5
5975 2 24 2
5976 2 19 2
5977 2 12 2
5978 3 28 3
5979 2 16 2
5980 3 27 3
5981 3 33 3
5982 2 13 2
5983 8 138 7
5984 8 403 8
5985 2 10 2
5986 5 201 5
5987 2 12 2
5988 3 35 3
5989 2 24 2
5990 3 27 3
5991 4 31 4
5992 3 27 3
5993 4 72 4
5994 2 22 2
5995 2 19 2
5996 3 37 3
5997 3 82 3
5998 2 17 2
5999 3 16 3
6000 2 17 2
6001 3 33 3
6002 2 15 2
6003 2 18 2
6004 2 13 2
6005 4 90 4
6006 2 10 2
6007 3 48 3
6008 3 52 3
6009 7 126 7
6010 2 11 2
6011 2 12 2
6012 3 34 3
6013 2 15 2
6014 2 22 2
6015 2 21 2
6016 3 32 3
6017 2 24 2
6018 4 28 4
6019 7 126 7
6020 3 23 3
6021 2 12 2
6022 2 20 2
6023 2 19 2
6024 2 20 2
6025 4 40 4
6026 2 24 2
6027 2 31 2
6028 2 16 2
6029 2 32 2
6030 7 129 6
6031 2 108 2
6032 4 40 4
6033 2 15 2
6034 2 10 2
6035 3 37 3
6036 3 46 3
6037 2 26 2
6038 6 71 5
6039 2 15 2
6040 3 89 3
6041 2 32 2
6042 5 72 5
6043 2 25 2
6044 4 45 4
6045 2 30 2
6046 2 38 2
6047 2 20 2
6048 3 39 3
6049 5 62 5
6050 2 31 2
6051 4 98 4
6052 2 28 2
6053 2 35 2
6054 2 14 2
6055 3 24 3
6056 2 11 2
6057 2 16 2
6058 2 12 2
6059 3 42 3
6060 2 13 2
6061 2 11 2
6062 4 43 4
6063 2 34 2
6064 3 32 3
6065 2 10 2
6066 2 29 2
6067 3 30 3
6068 2 15 2
6069 3 20 3
6070 2 13 2
6071 6 108 5
6072 3 55 3
6073 2 13 2
6074 5 70 5
6075 6 106 6
6076 2 35 2
6077 2 42 2
6078 2 39 2
6079 2 25 2
6080 2 33 2
6081 4 42 4
6082 3 19 3
6083 2 17 2
6084 2 13 2
6085 2 43 2
6086 3 25 3
6087 3 24 3
6088 3 40 3
6089 4 43 4
6090 2 47 2
6091 6 112 6
6092 3 36 3
6093 4 109 4
6094 2 20 2
6095 4 53 4
6096 2 24 2
6097 2 10 2
6098 2 23 2
6099 2 21 2
6100 2 31 2
6101 3 22 3
6102 6 103 6
6103 2 13 2
6104 2 36 2
6105 3 48 3
6106 3 31 3
6107 3 24 3
6108 4 35 4
6109 3 20 3
6110 2 16 2
6111 2 13 2
6112 2 20 2
6113 6 80 6
6114 2 14 2
6115 4 52 4
6116 4 42 4
6117 3 25 3
6118 8 147 6
6119 2 31 2
6120 2 10 2
6121 2 21 2
6122 2 19 2
6123 2 15 2
6124 4 47 4
6125 2 15 2
6126 2 23 2
6127 5 103 5
6128 2 35 2
6129 3 48 3
6130 2 33 2
6131 3 26 3
6132 4 49 4
6133 3 54 3
6134 3 20 3
6135 6 80 5
6136 3 50 3
6137 2 20 2
6138 7 87 6
6139 3 18 3
6140 4 42 4
6141 2 20 2
6142 3 52 3
6143 2 12 2
6144 2 48 2
6145 3 26 3
6146 3 35 3
6147 3 23 3
6148 2 31 2
6149 2 18 2
6150 2 10 2
6151 2 18 2
6152 2 26 2
6153 3 43 3
6154 2 11 2
6155 3 30 3
6156 2 12 2
6157 2 17 2
6158 4 34 4
6159 2 13 2
6160 3 31 3
6161 2 19 2
6162 2 28 2
6163 3 26 3
6164 2 18 2
6165 3 31 3
6166 5 127 5
6167 7 116 6
6168 2 15 2
6169 2 33 2
6170 2 11 2
6171 2 28 2
6172 2 24 2
6173 2 15 2
6174 2 16 2
6175 3 22 3
6176 2 17 2
6177 3 37 3
6178 2 17 2
6179 5 75 5
6180 2 49 2
6181 2 11 2
6182 3 33 3
6183 3 29 3
6184 4 26 4
6185 3 42 3
6186 4 82 4
6187 3 17 3
6188 3 49 3
6189 2 55 2
6190 3 18 3
6191 2 26 2
6192 2 10 2
6193 2 15 2
6194 2 67 2
6195 5 172 5
6196 2 14 2
6197 2 17 2
6198 2 24 2
6199 5 76 5
6200 2 30 2
6201 2 13 2
6202 2 18 2
6203 3 32 3
6204 2 13 2
6205 2 49 2
6206 2 11 2
6207 2 11 2
6208 3 49 3
6209 4 84 4
6210 4 38 4
6211 2 14 2
6212 2 19 2
6213 5 101 5
6214 2 22 2
6215 5 67 5
6216 4 86 4
6217 3 68 3
6218 3 58 3
6219 2 29 2
6220 3 113 3
6221 2 23 2
6222 2 15 2
6223 2 11 2
6224 4 64 4
6225 5 109 5
6226 2 11 2
6227 4 35 4
6228 2 22 2
6229 6 145 6
6230 3 26 3
6231 2 13 2
6232 3 22 3
6233 3 53 3
6234 2 20 2
6235 2 13 2
6236 6 133 5
6237 2 12 2
6238 2 35 2
6239 2 10 2
6240 2 19 2
6241 2 12 2
6242 2 44 2
6243 2 20 2
6244 9 101 7
6245 2 19 2
6246 2 47 2
6247 3 29 3
6248 3 41 3
6249 2 19 2
6250 2 11 2
6251 4 51 4
6252 2 14 2
6253 2 32 2
6254 5 142 5
6255 2 46 2
6256 7 105 6
6257 3 22 3
6258 6 66 5
6259 4 77 4
6260 2 11 2
6261 3 24 3
6262 3 53 3
6263 3 74 3
6264 4 129 4
6265 3 25 3
6266 4 51 4
6267 3 22 3
6268 2 48 2
6269 2 24 2
6270 2 26 2
6271 4 107 4
6272 4 48 4
6273 3 27 3
6274 2 14 2
6275 2 16 2
6276 3 27 3
6277 2 25 2
6278 2 21 2
6279 2 24 2
6280 3 24 3
6281 2 12 2
6282 2 19 2
6283 3 29 3
6284 3 42 3
6285 3 51 3
6286 2 20 2
6287 3 49 3
6288 6 100 6
6289 2 43 2
6290 2 13 2
6291 5 66 5
6292 4 68 4
6293 4 55 4
6294 4 40 4
6295 2 12 2
6296 2 17 2
6297 2 17 2
6298 7 201 7
6299 2 18 2
6300 5 51 5
6301 2 23 2
6302 3 43 3
6303 3 21 3
6304 7 108 5
6305 2 16 2
6306 2 22 2
6307 2 24 2
6308 2 19 2
6309 6 47 5
6310 3 42 3
6311 4 34 4
6312 2 17 2
6313 2 27 2
6314 2 30 2
6315 3 38 3
6316 3 38 3
6317 2 30 2
6318 2 41 2
6319 3 21 3
6320 3 24 3
6321 2 13 2
6322 3 25 3
6323 3 36 3
6324 3 46 3
6325 2 12 2
6326 5 33 5
6327 2 18 2
6328 2 13 2
6329 2 11 2
6330 3 19 3
6331 3 21 3
6332 2 79 2
6333 2 16 2
6334 2 14 2
6335 2 14 2
6336 4 67 4
6337 3 53 3
6338 2 14 2
6339 3 20 3
6340 2 11 2
6341 3 45 3
6342 4 34 4
6343 2 12 2
6344 7 210 6
6345 2 24 2
6346 3 99 3
6347 3 53 3
6348 3 20 3
6349 4 39 4
6350 3 47 3
6351 4 31 4
6352 2 29 2
6353 4 82 4
6354 3 21 3
6355 3 20 3
6356 2 21 2
6357 3 94 3
6358 2 11 2
6359 2 19 2
6360 2 29 2
6361 2 109 2
6362 2 22 2
6363 4 70 4
6364 2 15 2
6365 2 11 2
6366 3 41 3
6367 2 22 2
6368 2 25 2
6369 3 36 3
6370 2 12 2
6371 2 12 2
6372 3 35 3
6373 2 16 2
6374 3 25 3
6375 2 13 2
6376 3 32 3
6377 4 73 4
6378 6 105 5
6379 2 37 2
6380 2 11 2
6381 5 130 5
6382 7 135 6
6383 2 19 2
6384 3 44 3
6385 3 39 3
6386 2 10 2
6387 4 71 4
6388 2 66 2
6389 3 24 3
6390 4 80 4
6391 4 70 4
6392 3 32 3
6393 2 16 2
6394 2 38 2
6395 2 18 2
6396 2 11 2
6397 2 46 2
6398 2 21 2
6399 2 42 2
6400 8 160 6
6401 2 15 2
6402 5 89 5
6403 2 37 2
6404 2 14 2
6405 3 16 3
6406 2 11 2
6407 3 29 3
6408 2 13 2
6409 6 188 6
6410 2 13 2
6411 2 43 2
6412 2 25 2
6413 2 12 2
6414 2 15 2
6415 2 14 2
6416 2 19 2
6417 3 86 3
6418 3 51 3
6419 2 45 2
6420 2 49 2
6421 3 16 3
6422 2 30 2
6423 3 125 3
6424 4 45 4
6425 3 30 3
6426 2 26 2
6427 3 60 3
6428 3 21 3
6429 2 23 2
6430 7 144 7
6431 2 12 2
6432 2 16 2
6433 5 92 5
6434 2 25 2
6435 2 11 2
6436 4 103 4
6437 5 64 5
6438 5 33 5
6439 3 40 3
6440 4 135 4
6441 4 55 4
6442 2 11 2
6443 7 124 6
6444 3 34 3
6445 4 42 4
6446 4 29 4
6447 2 11 2
6448 2 16 2
6449 4 76 4
6450 3 27 3
6451 5 74 5
6452 2 15 2
6453 2 163 2
6454 2 15 2
6455 2 12 2
6456 2 44 2
6457 2 28 2
6458 4 59 4
6459 3 20 3
6460 3 39 3
6461 2 21 2
6462 2 19 2
6463 3 22 3
6464 2 10 2
6465 3 29 3
6466 3 31 3
6467 3 36 3
6468 2 22 2
6469 2 13 2
6470 3 27 3
6471 2 23 2
6472 2 15 2
6473 5 69 5
6474 3 25 3
6475 4 72 4
6476 3 24 3
6477 2 73 2
6478 2 19 2
6479 2 23 2
6480 3 77 3
6481 7 83 6
6482 2 47 2
6483 2 11 2
6484 3 58 3
6485 2 24 2
6486 3 17 3
6487 3 21 3
6488 2 39 2
6489 5 49 5
6490 3 74 3
6491 3 38 3
6492 2 32 2
6493 2 31 2
6494 2 26 2
6495 4 44 4
6496 2 24 2
6497 2 16 2
6498 3 38 3
6499 4 29 4
6500 2 12 2
6501 9 208 8
6502 9 101 7
6503 3 24 3
6504 4 23 4
6505 4 90 4
6506 5 77 5
6507 2 31 2
6508 5 64 5
6509 4 42 4
6510 2 10 2
6511 2 59 2
6512 2 13 2
6513 2 13 2
6514 2 31 2
6515 2 39 2
6516 2 19 2
6517 2 48 2
6518 2 19 2
6519 6 135 6
6520 2 30 2
6521 2 24 2
6522 2 13 2
6523 2 22 2
6524 2 14 2
6525 2 15 2
6526 2 12 2
6527 2 17 2
6528 9 126 7
6529 4 70 4
6530 2 18 2
6531 2 10 2
6532 2 18 2
6533 3 62 3
6534 2 18 2
6535 4 51 4
6536 4 148 4
6537 2 16 2
6538 3 22 3
6539 2 16 2
6540 2 48 2
6541 2 17 2
6542 2 42 2
6543 6 183 6
6544 3 55 3
6545 2 34 2
6546 2 57 2
6547 3 18 3
6548 2 15 2
6549 2 10 2
6550 3 64 3
6551 2 34 2
6552 2 12 2
6553 3 45 3
6554 4 124 4
6555 2 12 2
6556 2 16 2
6557 2 16 2
6558 2 11 2
6559 2 13 2
6560 2 32 2
6561 4 138 4
6562 3 122 3
6563 4 45 4
6564 4 49 4
6565 4 42 4
6566 5 92 5
6567 2 25 2
6568 3 38 3
6569 4 173 4
6570 4 63 4
6571 3 33 3
6572 5 32 5
6573 2 17 2
6574 3 26 3
6575 2 22 2
6576 5 75 5
6577 2 35 2
6578 3 42 3
6579 11 275 8
6580 3 18 3
6581 2 22 2
6582 4 33 4
6583 4 105 4
6584 2 75 2
6585 3 39 3
6586 2 21 2
6587 2 16 2
6588 2 15 2
6589 2 46 2
6590 2 26 2
6591 2 18 2
6592 2 14 2
6593 2 13 2
6594 2 27 2
6595 6 171 6
6596 2 35 2
6597 2 35 2
6598 4 33 4
6599 2 43 2
6600 4 41 4
6601 2 41 2
6602 5 101 5
6603 4 140 4
6604 2 14 2
6605 3 50 3
6606 3 22 3
6607 2 26 2
6608 2 12 2
6609 2 17 2
6610 2 18 2
6611 2 23 2
6612 2 14 2
6613 2 17 2
6614 2 26 2
6615 5 71 5
6616 2 15 2
6617 3 96 3
6618 3 108 3
6619 8 156 6
6620 3 43 3
6621 2 36 2
6622 2 16 2
6623 2 25 2
6624 4 111 4
6625 2 22 2
6626 3 21 3
6627 8 182 7
6628 2 11 2
6629 6 171 5
6630 2 28 2
6631 2 20 2
6632 2 24 2
6633 7 145 6
6634 2 27 2
6635 2 13 2
6636 2 37 2
6637 2 18 2
6638 2 20 2
6639 5 78 5
6640 2 14 2
6641 2 107 2
6642 2 13 2
6643 2 25 2
6644 2 15 2
6645 6 212 6
6646 2 10 2
6647 2 26 2
6648 2 37 2
6649 4 49 4
6650 2 14 2
6651 2 31 2