2686 0.11212879 333 0.10421653 22492 -0.12605438 21053 -0.20407718 6481 -0.20769934 10593 -0.23622699 9356 -0.24558958 1174 -0.2670255 7258 -0.272807 1177 -0.27972752 3162 -0.43401906 15590 -0.44095716 4467 -0.48022524 14182 -0.50754166 16349 -0.5135409 3103 -0.51386493 26419 -0.51497144 8043 -0.5221348 4776 -0.5288561 3893 -0.530897 10768 -0.5318774 8162 -0.5381884 22292 -0.5382835 13981 -0.54515445 1176 -0.5473746 1292 -0.54938745 20940 -0.5498536 83 -0.5499488 28777 -0.5503955 17575 -0.5528384 
136 0.9687401 200 0.3981039 4909 0.3906416 2412 0.38710278 16982 0.24410665 9797 0.21198118 120 0.09752368 11651 0.08622383 28563 0.08541942 2758 0.07056855 9657 0.02905677 1448 0.019874278 24531 0.007678417 24409 0.0025286023 3758 -0.009993756 1686 -0.013277642 27901 -0.014446861 9058 -0.022654887 12408 -0.038598835 23270 -0.040279813 3543 -0.049283534 28188 -0.06885683 4635 -0.10488742 27085 -0.111869216 13871 -0.14874388 1206 -0.17865494 8380 -0.18689086 4968 -0.21725099 17795 -0.22660784 19643 -0.23335858 
149 0.99770015 148 0.9938842 16841 0.9350726 22415 0.9307771 19434 0.92990154 13297 0.9202261 14851 0.9146181 8403 0.90864366 19960 0.90792346 1016 0.89953357 14099 0.89813375 1906 0.87541306 3984 0.8748353 24813 0.87179387 7369 0.8669015 6449 0.86457723 16960 0.86452085 3986 0.8630419 12783 0.8627968 23063 0.8598628 14846 0.8596812 11987 0.85820216 5882 0.85735494 15724 0.8540742 16229 0.852309 12667 0.84926796 4214 0.8487419 26973 0.84578353 28917 0.8401816 29517 0.8400921 
11503 0.9475106 15236 0.94611794 4954 0.87236375 26634 0.87167656 8402 0.81590396 2585 0.81499845 9935 0.8003868 28185 0.79547256 16880 0.79476744 15893 0.7874928 16344 0.7579188 187 0.74592316 24817 0.73445696 2242 0.7316283 163 0.72429043 4919 0.7216393 2983 0.70255923 2306 0.6947167 967 0.69032824 1322 0.6898735 12279 0.68528455 19560 0.67839354 3747 0.67763233 15593 0.67659515 7481 0.67634207 15858 0.6756978 9927 0.6675741 10954 0.6644144 7446 0.66143584 22763 0.65942323 
9794 -0.99772334 24822 -0.9977363 14699 -0.9977931 21410 -0.9978378 10354 -0.99788797 3935 -0.99788916 18771 -0.9979149 3838 -0.99793077 20389 -0.9979349 11077 -0.9979405 7446 -0.997942 7483 -0.9979508 20283 -0.9979583 19611 -0.99796236 11677 -0.99796295 10310 -0.997998 14022 -0.9980088 4269 -0.99801177 303 -0.9980228 27690 -0.99804443 4570 -0.9980536 7429 -0.99811506 530 -0.9981745 18434 -0.99819785 15244 -0.9982357 7298 -0.99838966 3843 -0.99845666 29245 -0.9984904 14920 -0.9988172 20616 -0.99882203 
11939 0.97461474 20941 0.9384675 1108 0.93634486 7653 0.9348678 28898 0.8787795 13328 0.8755674 2787 0.8709754 353 0.86251026 2326 0.8524255 1125 0.84206736 27638 0.79878795 3630 0.7750274 27635 0.763435 29553 0.7578624 4173 0.7430795 15741 0.7426467 27861 0.7409767 2430 0.7396765 13843 0.7390861 355 0.73866695 22898 0.72714204 851 0.7227994 3997 0.72231644 14902 0.7121178 5515 0.7117219 1464 0.70679486 24877 0.6781776 395 0.6606718 18821 0.65292287 24343 0.6484217 
379 -0.87755257 378 -0.8806664 1007 -0.90521955 7369 -0.9102121 5618 -0.92144215 22387 -0.9216344 13443 -0.9254349 9964 -0.9288064 27953 -0.940685 8161 -0.9431131 9793 -0.94711363 20608 -0.9476452 29065 -0.9490634 1448 -0.949289 2804 -0.94948643 1237 -0.94978106 4511 -0.95059687 18086 -0.9507037 16045 -0.95116335 22187 -0.95197576 303 -0.95288855 18391 -0.9531089 2317 -0.9532673 6326 -0.95334107 23693 -0.9541138 10042 -0.9541957 26025 -0.9547298 9587 -0.95474106 26253 -0.95480794 28753 -0.95483667 
23994 -0.82949996 9634 -0.8475168 12248 -0.8567586 28571 -0.8786884 29244 -0.88778704 25958 -0.9077782 13464 -0.9151886 29241 -0.91588527 16490 -0.91623247 15682 -0.91769505 7471 -0.92891645 6249 -0.92932284 5999 -0.9366241 15383 -0.93685114 9256 -0.9376726 28016 -0.93944603 26296 -0.9424376 11525 -0.9445444 18750 -0.9448847 17109 -0.9460023 10645 -0.9496908 25889 -0.94975 18630 -0.949934 27703 -0.9505499 18789 -0.9507954 28455 -0.9510637 14847 -0.95133615 17013 -0.9516491 687 -0.95191306 26973 -0.95194227 
571 -0.8107163 28473 -0.82209724 18825 -0.8224368 7784 -0.82783914 18566 -0.84569794 26973 -0.8482802 17906 -0.8515842 28744 -0.8542754 13392 -0.8563038 11030 -0.86038744 7646 -0.8609557 1830 -0.86213064 1467 -0.8626236 9485 -0.86479104 15356 -0.86481595 28917 -0.866023 26839 -0.8664306 4548 -0.87325376 28394 -0.87391996 17107 -0.8753573 24103 -0.87898076 9858 -0.88040996 14846 -0.9060908 28766 -0.91014785 24820 -0.91159934 24219 -0.91246176 9334 -0.91390455 7236 -0.9159958 16832 -0.91952133 10571 -0.9195266 
13174 0.57291955 8886 0.29792506 14047 0.26355898 13905 0.1919009 9666 0.15472597 12749 0.102886625 26748 -0.04532513 12385 -0.08750643 5521 -0.08971602 4204 -0.14728723 14980 -0.17251618 649 -0.20974843 9274 -0.21297373 1281 -0.22169627 12796 -0.24048674 4039 -0.2590232 2039 -0.27068853 7718 -0.29015002 2123 -0.3027524 8145 -0.30740577 5675 -0.3119226 10092 -0.3153264 17120 -0.35439792 10093 -0.36785796 6320 -0.38120338 1282 -0.38836682 15097 -0.40268767 12984 -0.42319652 7127 -0.45503932 4190 -0.46068972 
908 -0.8511198 909 -0.91312814 2611 -0.93165505 7847 -0.9628604 20102 -0.9634092 24409 -0.9692614 15806 -0.9697379 8258 -0.9708827 9499 -0.97137415 10392 -0.97172207 1192 -0.9718389 11712 -0.9729154 6411 -0.973111 634 -0.9735063 9409 -0.9748545 2261 -0.9769433 10411 -0.9784588 16643 -0.9785736 565 -0.9805192 23473 -0.98058754 11862 -0.9812233 2712 -0.9813532 2901 -0.98212016 3273 -0.98236394 137 -0.9823652 7824 -0.9824641 29208 -0.98261297 2978 -0.983185 6951 -0.98327535 27009 -0.9834333 
9170 0.5564785 21058 0.3118305 3068 0.23211522 20886 -0.00085061754 27413 -0.003081252 7107 -0.005434876 4117 -0.021948088 28502 -0.031380776 27186 -0.037652265 13950 -0.05383282 17290 -0.054461356 6166 -0.05706677 5371 -0.06981577 4563 -0.08829896 27805 -0.088456735 16672 -0.089081205 13802 -0.094000876 169 -0.09641353 24693 -0.108288 14009 -0.11753527 15818 -0.121725306 13623 -0.121989414 1134 -0.13046664 29192 -0.13270646 12407 -0.14290424 10154 -0.14920187 8057 -0.15054128 26328 -0.16113809 912 -0.18448748 13307 -0.20280106 
1033 0.85050106 10965 0.11712766 3650 -0.14765108 23105 -0.2097073 7434 -0.2558774 7298 -0.2663505 4723 -0.29874402 13791 -0.3182568 3045 -0.32477468 21445 -0.32700375 20933 -0.33830225 27062 -0.34923092 9052 -0.41897428 528 -0.45941916 27085 -0.46032083 282 -0.46690536 10729 -0.47132033 1236 -0.47439793 22798 -0.48005444 8310 -0.48859295 6415 -0.4978322 3611 -0.5006656 15629 -0.5101433 281 -0.51369506 15091 -0.5211098 14241 -0.5242537 5676 -0.52553046 745 -0.52701366 28777 -0.53039813 14703 -0.53056145 
1066 0.74290854 1067 0.6224812 14957 0.15190622 1827 -0.38017395 7958 -0.46920553 24102 -0.46982306 26929 -0.47876576 1829 -0.5120007 1918 -0.5120508 10780 -0.5330981 2323 -0.53576887 522 -0.54957485 10832 -0.56654036 13056 -0.5775634 6166 -0.59748846 1629 -0.59968776 1828 -0.6277061 682 -0.63729185 257 -0.6547598 28968 -0.6764799 8591 -0.68025905 23293 -0.687147 6273 -0.6901269 26175 -0.6917342 5006 -0.6923166 1279 -0.69372773 27931 -0.6952965 17617 -0.701086 6969 -0.7018764 18035 -0.7021536 
1020 0.86581486 1099 0.7872657 15068 0.747984 10529 0.7440537 27371 0.70358795 21346 0.63448983 2852 0.5750998 18773 0.56555986 2922 0.5573035 25810 0.5527001 22469 0.5388944 18150 0.5361744 18365 0.5273833 8845 0.51814574 18742 0.5072686 28671 0.50284725 24190 0.47778597 28208 0.4677578 37 0.4526981 14543 0.44617152 25725 0.43184587 18719 0.43110475 2170 0.42007887 19309 0.4162406 6313 0.39411333 2087 0.37983343 6468 0.3484874 10554 0.34061745 2575 0.31660154 20581 0.31186527 
9787 0.7758562 745 0.74090415 17678 0.7099072 6410 0.6148904 19657 0.599283 8480 0.599123 5762 0.5942972 4769 0.57714635 4441 0.5763919 1714 0.5706352 2806 0.5506458 9397 0.53990257 139 0.5292561 6025 0.5238955 26067 0.51593214 23226 0.515835 13389 0.48832798 29619 0.47781077 20763 0.46660182 17575 0.45110995 27649 0.43414882 15161 0.4266475 8567 0.4091098 10063 0.39796513 15391 0.3865231 8953 0.37892038 16254 0.37130806 2436 0.36591727 6398 0.3552885 1699 0.3532437 
1161 0.9998101 3503 0.98947865 14666 0.98739994 14374 0.97451735 22170 0.9744851 14665 0.96937597 22964 0.96820635 1162 0.96263987 7409 0.95536625 13893 0.9537147 18597 0.95291144 13891 0.9467662 3831 0.945381 1958 0.93814975 6168 0.93813574 4264 0.9378082 14664 0.93576705 1391 0.93518806 29337 0.93303335 13934 0.9326937 26112 0.9315202 29213 0.92539036 3186 0.92516696 12385 0.91924554 25394 0.9182021 13213 0.9167947 4265 0.9137505 736 0.91303164 19675 0.90471256 29334 0.9014846 
17780 -0.99176806 1070 -0.9917844 25309 -0.9925247 22538 -0.99268544 23962 -0.9928074 9356 -0.99308956 3949 -0.99341106 9640 -0.99381995 11631 -0.99390334 17110 -0.9941846 23624 -0.994502 4383 -0.9947817 1296 -0.99478275 11891 -0.9949453 1768 -0.99506074 24148 -0.9951635 28980 -0.9955272 25998 -0.99555576 19656 -0.9957254 1613 -0.99572986 16227 -0.9958546 8141 -0.99594116 5497 -0.9959555 10798 -0.99599826 29711 -0.99600196 24505 -0.9960117 187 -0.99604553 5365 -0.99605244 14711 -0.9960637 27618 -0.9960933 
7104 0.95280665 5762 0.93723917 13188 0.9309487 27257 0.92862266 1331 0.9216799 24821 0.9027905 29723 0.89736795 5162 0.89269155 29493 0.89217925 6994 0.89112073 17037 0.8896646 29460 0.8829464 9349 0.8804038 22560 0.8783065 17569 0.874531 23624 0.8625252 22140 0.86043906 12164 0.8584006 4375 0.85623884 21427 0.85290706 27482 0.85165226 7103 0.85142964 15892 0.85019195 22067 0.84385616 19332 0.84120053 12307 0.84072787 15719 0.8378379 24056 0.83661205 28405 0.83524513 5147 0.82923627 
1401 -0.97557616 27911 -0.9885847 1398 -0.9892493 5767 -0.99030125 6877 -0.9907302 9964 -0.9909857 20935 -0.99213254 29028 -0.9942026 10144 -0.9942828 530 -0.99438095 18390 -0.9944445 34 -0.994463 2430 -0.99447656 7680 -0.99447906 11364 -0.9944904 205 -0.9944926 29208 -0.99449944 7678 -0.99451125 15190 -0.9945484 28190 -0.994562 3928 -0.99458057 1598 -0.99458706 5422 -0.99459183 2956 -0.99461883 12034 -0.99462044 2693 -0.9946558 2700 -0.99466175 13962 -0.9946811 24114 -0.99468327 15296 -0.9946986 
6196 -0.9941626 24682 -0.9941849 25464 -0.9941886 27048 -0.9944889 7347 -0.99461 8619 -0.99461806 17921 -0.9946632 4928 -0.99469155 10882 -0.99476504 19245 -0.99491084 1142 -0.9949594 25715 -0.9949875 17348 -0.99499995 28688 -0.99500924 14081 -0.9950326 17833 -0.99506944 13753 -0.9951021 17345 -0.99523723 41 -0.9952645 15007 -0.99528795 6911 -0.9953325 26349 -0.99536496 13823 -0.9953907 5390 -0.9954232 11844 -0.9954425 15250 -0.9954537 24572 -0.9955449 4961 -0.9956023 5767 -0.9957913 18084 -0.9962635 
8353 -0.96934307 20396 -0.9702349 18416 -0.97751206 24221 -0.9805516 29508 -0.98064184 11121 -0.9821577 8378 -0.9824266 19096 -0.98304087 24672 -0.9835398 3671 -0.98406434 23288 -0.9844577 27494 -0.9845622 9501 -0.9848707 26632 -0.9848782 18411 -0.98541534 8342 -0.98563826 24276 -0.98572445 11503 -0.98705244 2021 -0.98843384 22078 -0.9901238 11313 -0.99070716 1496 -0.9907666 17810 -0.99089295 28964 -0.99089557 4947 -0.99095696 27195 -0.9909693 269 -0.9910636 5705 -0.9911573 13910 -0.99119854 1316 -0.9913028 
3279 0.5885725 23456 0.47609276 9600 0.45964748 29131 0.39822134 13823 0.38805124 27031 0.38598704 19082 0.36146754 388 0.3462529 28292 0.33419046 13753 0.32924446 3851 0.19815663 14740 0.13761908 12972 0.13093804 7325 0.1276276 29003 0.12522052 24242 0.118795 15326 0.118179575 28726 0.11531804 287 0.112959504 2852 0.099813364 20426 0.09569839 2570 0.08905152 7486 0.08090139 25629 0.07976104 29263 0.07777111 6829 0.07269607 3021 0.06504073 14670 0.06137805 18146 0.054033116 19261 0.05349477 
2204 -0.98282695 4466 -0.9835666 5762 -0.98460007 3278 -0.98515654 18223 -0.9853075 21388 -0.98610795 5675 -0.9861773 6465 -0.99091107 12622 -0.991159 8309 -0.99116397 11868 -0.99118435 4508 -0.99132514 433 -0.9916292 1108 -0.99177206 22140 -0.99179554 27922 -0.99182004 24651 -0.9918293 27248 -0.991841 11600 -0.99189115 18722 -0.99192125 1071 -0.9919409 16302 -0.9920342 28163 -0.9920927 8779 -0.9921234 6849 -0.9921541 27387 -0.99219984 20238 -0.99231774 1131 -0.9923512 24098 -0.992356 291 -0.9923655 
19568 0.75088894 18858 0.6519768 18642 0.63405424 15864 0.5857568 1013 0.5816982 1962 0.55485785 28794 0.4013742 26158 0.39765507 14867 0.37312296 12455 0.3520514 11213 0.31201655 25391 0.30432636 1066 0.26858768 1008 0.26829475 22440 0.26522732 12550 0.26241225 26107 0.2137685 27312 0.21374713 9216 0.18657456 4019 0.18441746 1512 0.15779427 6620 0.12823428 17222 0.11485645 3117 0.11213408 28749 0.09331765 9373 0.08929112 4407 0.078082606 28014 0.04700847 359 0.042669415 12747 0.025518415 
21595 0.92687297 2651 0.8934253 22891 0.83933616 12099 0.8035768 13682 0.7855221 17569 0.7794249 25528 0.7733253 23801 0.7672886 13156 0.75620425 25579 0.7506525 27806 0.747326 23289 0.7428266 28620 0.7273623 27072 0.7270366 23997 0.72456884 25600 0.71800786 18646 0.6905297 26646 0.6749988 28131 0.6623812 24451 0.65959567 6204 0.655677 6994 0.65278083 20236 0.65169173 20966 0.6494472 29277 0.6439374 8732 0.6438207 13948 0.62685055 19803 0.623516 9662 0.6228642 3416 0.6137452 