0 29 48 2749 29 2749 179 179 455 29 29 
2 29 48 29 179 179 
3 29 470 29 179 20 20 179 3186 48 29 48 2749 29 48 70 
4 179 74 179 3186 
5 29 179 29 29 48 3186 179 29 179 48 179 179 29 179 179 179 
7 179 179 48 48 29 74 29 48 179 1027 179 29 179 1611 2749 29 
9 3186 3186 2749 29 179 179 29 48 29 3186 179 
10 179 2749 84 29 179 48 29 3186 29 29 29 3186 425 
11 179 179 2408 179 29 105 48 179 179 29 179 1027 29 1093 179 2749 
12 179 29 29 2408 3186 
13 29 29 179 29 
14 48 29 29 84 2435 29 532 179 179 29 29 29 29 29 179 29 
15 29 84 20 29 156 179 179 48 179 29 179 179 29 179 179 179 
16 29 963 562 179 2749 29 29 179 3186 1449 4079 3186 532 532 
17 179 48 179 29 29 179 3186 
18 29 29 29 179 29 426 48 29 29 179 29 179 29 4085 964 
19 179 2269 29 29 1383 179 179 179 
20 3186 179 29 48 84 29 2435 179 29 179 3186 179 2749 74 2749 29 
21 179 179 29 29 29 29 179 48 29 179 48 153 179 84 
23 3186 29 1510 179 179 2408 29 179 299 3186 179 
24 29 179 2408 179 29 179 179 964 179 29 179 179 
25 203 179 2749 29 333 179 29 3186 179 333 48 29 179 179 29 179 964 29 
26 29 179 29 29 29 29 29 179 29 179 179 179 
27 179 179 179 48 179 29 179 29 179 
28 29 2656 66 29 20 2749 179 
29 179 29 48 3186 29 29 29 179 179 3186 
30 179 179 3186 29 29 29 2918 3776 29 29 29 29 179 48 29 29 
31 179 84 29 2412 20 179 179 29 29 29 2749 423 1294 29 179 74 
32 179 48 179 179 179 179 179 29 179 179 179 29 29 964 29 29 179 29 
33 29 48 179 179 179 29 3186 29 179 29 29 3186 179 2749 29 29 179 
34 179 179 1383 29 179 156 179 29 179 29 179 3186 29 2749 964 179 179 
36 1611 179 155 29 29 29 29 29 179 3186 179 179 29 29 
38 29 29 1114 20 29 179 179 29 29 29 29 179 179 20 29 48 179 
39 179 29 179 29 29 29 29 179 179 29 29 
40 179 29 29 179 20 179 29 3186 179 29 29 29 29 
41 179 179 1093 29 29 29 179 29 29 179 29 
42 179 179 29 29 29 48 29 29 29 2435 29 66 179 2749 179 
43 3186 3186 2749 1865 3186 29 179 179 3186 1611 
44 29 29 29 179 179 20 179 29 2408 3186 179 3186 179 2749 48 179 
45 179 2749 29 179 179 29 3186 179 2452 179 1106 179 29 179 1934 179 179 
46 1114 179 179 179 179 179 179 29 29 2749 29 29 29 29 29 
48 179 179 29 179 29 29 29 29 3186 155 29 179 29 179 179 29 2749 84 
49 179 3186 2656 29 179 333 179 179 179 295 48 179 29 29 179 179 
50 2435 179 2749 817 3186 179 1737 179 3186 20 29 29 29 29 
51 1611 179 29 179 29 179 29 179 20 179 29 29 29 179 179 962 29 
53 29 29 29 179 29 48 29 29 179 29 29 2575 499 29 
55 48 84 3186 179 2749 1611 29 179 179 29 1297 179 29 
56 29 179 1867 3249 29 29 3186 179 179 48 29 532 29 70 179 
58 29 29 29 29 179 179 2435 29 48 29 29 29 
59 29 29 29 179 29 179 3186 48 29 179 179 179 29 84 1611 
