0 3 34 3
1 2 13 2
2 2 31 2
3 5 64 5
4 3 45 3
5 7 184 6
6 15 483 7
7 2 15 2
8 135 4973 38
9 2 53 2
10 2 14 2
11 4 48 4
12 4 75 4
13 3 19 3
14 5 58 5
15 15 258 10
16 9 102 6
17 2 81 2
18 2 15 2
19 3 19 3
20 2 34 2
21 4 95 4
22 2 15 2
23 3 24 3
24 97 4257 29
25 3 26 3
26 2 23 2
27 5 28 5
28 2 20 2
29 4 43 4
30 3 31 3
31 3 20 3
32 2 21 2
33 4 47 4
34 3 97 3
35 3 31 3
36 3 57 3
37 2 18 2
38 2 32 2
39 14 164 9
40 2 17 2
41 5 181 5
42 3 23 3
43 26 406 11
44 4 76 4
45 2 29 2
46 2 20 2
47 2 20 2
48 2 22 2
49 2 42 2
50 3 35 3
51 3 31 3
52 2 18 2
53 2 29 2
54 4 112 4
55 2 11 2
56 5 44 5
57 5 61 5
58 2 40 2
59 4 55 4
60 2 13 2
61 2 41 2
62 2 59 2
63 2 13 2
64 2 14 2
65 2 38 2
66 2 16 2
67 3 46 3
68 2 12 2
69 2 27 2
70 2 12 2
71 5 81 5
72 2 13 2
73 2 16 2
74 2 14 2
75 2 17 2
76 2 26 2
77 5 107 5
78 2 15 2
79 3 29 3
80 4 59 4
81 3 42 3
82 2 20 2
83 3 26 3
84 2 15 2
85 2 28 2
86 6 94 5
87 2 10 2
88 4 34 4
89 5 141 5
90 2 12 2
91 2 21 2
92 3 19 3
93 2 17 2
94 2 17 2
95 2 45 2
96 2 23 2
97 3 22 3
98 2 19 2
99 4 85 4
100 2 18 2
101 2 11 2
102 2 23 2
103 3 39 3
104 2 95 2
105 2 14 2
106 2 16 2
107 3 40 3
108 6 108 5
109 2 13 2
110 2 18 2
111 7 221 6
112 4 42 4
113 3 25 3
114 4 61 4
115 6 88 5
116 3 37 3
117 2 10 2
118 2 18 2
119 4 144 4
120 3 20 3
121 2 22 2
122 2 19 2
123 2 25 2
124 2 18 2
125 2 33 2
126 2 65 2
127 4 150 4
128 2 15 2
129 2 65 2
130 2 12 2
131 2 23 2
132 2 31 2
133 6 51 5
134 3 54 3
135 4 46 4
136 3 48 3
137 2 20 2
138 3 67 3
139 2 34 2
140 2 14 2
141 5 59 5
142 4 117 4
143 2 20 2
144 2 14 2
145 3 44 3
146 2 14 2
147 2 17 2
148 2 19 2
149 5 30 5
150 2 21 2
151 2 23 2
152 2 10 2
153 2 31 2
154 2 16 2
155 8 402 7
156 2 17 2
157 2 18 2
158 2 12 2
159 2 16 2
160 2 13 2
161 2 14 2
162 14 362 8
163 2 36 2
164 3 33 3
165 2 23 2
166 2 13 2
167 2 14 2
168 2 13 2
169 4 26 4
170 2 13 2
171 3 24 3
172 2 27 2
173 2 22 2
174 2 25 2
175 2 16 2
176 2 16 2
177 4 49 4
178 2 18 2
179 2 54 2
180 2 13 2
181 2 14 2
182 2 15 2
183 2 17 2
184 2 16 2
185 2 15 2
186 2 23 2
187 2 39 2
188 5 42 5
189 2 18 2
190 2 11 2
191 4 121 4
192 2 33 2
193 9 249 7
194 2 13 2
195 2 13 2
196 38 1581 18
197 3 82 3
198 2 25 2
199 2 21 2
200 2 42 2
201 2 14 2
202 3 27 3
203 3 38 3
204 2 64 2
205 3 19 3
206 2 12 2
207 3 32 3
208 2 19 2
209 2 28 2
210 2 21 2
211 2 32 2
212 2 89 2
213 2 17 2
214 2 49 2
215 2 18 2
216 2 16 2
217 3 60 3
218 3 50 3
219 2 58 2
220 4 67 4
221 5 48 5
222 2 23 2
223 3 51 3
224 10 221 8
225 2 11 2
226 7 83 6
227 2 23 2
228 7 203 6
229 3 39 3
230 3 111 3
231 3 20 3
232 4 53 4
233 2 20 2
234 2 10 2
235 3 17 3
236 2 55 2
237 2 22 2
238 3 51 3
239 2 16 2
240 2 87 2
241 2 21 2
242 3 19 3
243 2 22 2
244 2 18 2
245 2 29 2
246 2 34 2
247 2 14 2
248 2 11 2
249 2 15 2
250 2 48 2
251 2 165 2
252 5 35 5
253 3 29 3
254 2 21 2
255 3 49 3
256 3 24 3
257 2 11 2
258 4 38 4
259 2 13 2
260 2 30 2
261 3 27 3
262 2 12 2
263 3 30 3
264 3 28 3
265 4 39 4
266 2 37 2
267 2 18 2
268 2 16 2
269 3 103 3
270 2 12 2
271 2 16 2
272 2 17 2
273 2 17 2
274 3 75 3
275 4 72 4
276 2 22 2
277 2 51 2
278 4 55 4
279 2 21 2
280 2 10 2
281 2 16 2
282 2 18 2
283 2 15 2
284 2 14 2
285 6 163 5
286 3 31 3
287 4 53 4
288 2 19 2
289 2 16 2
290 3 26 3
291 3 111 3
292 3 24 3
293 2 13 2
294 23 775 14
295 2 11 2
296 3 65 3
297 2 12 2
298 3 15 3
299 2 10 2
300 2 12 2
301 4 28 4
302 8 150 6
303 2 12 2
304 3 32 3
305 2 114 2
306 2 24 2
307 4 86 4
308 2 13 2
309 3 22 3
310 2 22 2
311 3 255 3
312 2 26 2
313 4 43 4
314 5 55 5
315 4 67 4
316 2 12 2
317 4 36 4
318 3 39 3
319 2 11 2
320 3 31 3
321 6 73 5
322 2 15 2
323 2 24 2
324 2 12 2
325 11 98 7
326 2 11 2
327 4 157 4
328 2 11 2
329 3 288 3
330 2 35 2
331 6 203 6
332 2 15 2
333 2 37 2
334 2 15 2
335 2 42 2
336 2 15 2
337 2 24 2
338 3 139 3
339 5 36 5
340 2 28 2
341 7 63 6
342 3 38 3
343 3 98 3
344 2 13 2
345 2 24 2
346 18 434 13
347 2 23 2
348 2 46 2
349 3 156 3
350 4 57 4
351 2 13 2
352 3 23 3
353 2 76 2
354 4 74 4
355 4 203 4
356 2 23 2
357 2 12 2
358 2 18 2
359 3 28 3
360 2 14 2
361 4 55 4
362 2 21 2
363 6 187 6
364 2 104 2
365 2 11 2
366 3 30 3
367 3 42 3
368 2 14 2
369 6 380 6
370 2 14 2
371 5 194 5
372 2 10 2
373 3 50 3
374 3 40 3
375 2 16 2
376 2 23 2
377 2 22 2
378 3 31 3
379 5 194 5
380 5 56 5
381 2 28 2
382 3 23 3
383 2 19 2
384 2 10 2
385 2 11 2
386 3 30 3
387 2 18 2
388 2 11 2
389 4 130 4
390 2 49 2
391 2 13 2
392 2 23 2
393 2 48 2
394 4 161 4
395 3 125 3
396 2 24 2
397 2 20 2
398 6 222 5
399 2 32 2
400 2 19 2
401 4 50 4
402 3 26 3
403 2 22 2
404 2 18 2
405 2 29 2
406 4 40 4
407 5 72 5
408 4 66 4
409 2 25 2
410 5 284 5
411 2 22 2
412 3 22 3
413 2 14 2
414 3 108 3
415 2 10 2
416 2 30 2
417 2 14 2
418 2 16 2
419 2 12 2
420 2 20 2
421 4 27 4
422 2 12 2
423 3 28 3
424 2 20 2
425 2 34 2
426 2 14 2
427 2 14 2
428 6 59 5
429 8 496 6
430 2 39 2
431 4 34 4
432 2 20 2
433 2 22 2
434 4 60 4
435 4 133 4
436 2 50 2
437 2 19 2
438 2 267 2
439 3 257 3
440 3 65 3
441 4 187 4
442 2 43 2
443 3 22 3
444 5 108 5
445 3 18 3
446 2 17 2
447 2 14 2
448 2 13 2
449 2 13 2
450 3 82 3
451 2 35 2
452 2 17 2
453 2 22 2
454 3 30 3
455 2 104 2
456 2 12 2
457 2 12 2
458 2 16 2
459 84 2567 30
460 2 38 2
461 4 55 4
462 2 70 2
463 2 13 2
464 2 23 2
465 2 21 2
466 3 23 3
467 5 339 5
468 2 15 2
469 4 81 4
470 3 36 3
471 3 33 3
472 2 32 2
473 3 92 3
474 3 51 3
475 2 26 2
476 2 59 2
477 3 24 3
478 2 16 2
479 2 15 2
480 5 54 5
481 2 17 2
482 2 13 2
483 3 51 3
484 7 223 6
485 2 10 2
486 4 113 4
487 2 32 2
488 2 29 2
489 2 19 2
490 11 166 6
491 4 29 4
492 2 17 2
493 2 22 2
494 2 23 2
495 2 10 2
496 2 14 2
497 5 76 5
498 2 70 2
499 3 16 3
500 2 58 2
501 4 50 4
502 2 20 2
503 3 209 3
504 2 25 2
505 3 19 3
506 6 59 5
507 2 20 2
508 2 29 2
509 2 101 2
510 2 25 2
511 2 16 2
512 3 17 3
513 2 25 2
514 4 62 4
515 2 10 2
516 2 15 2
517 2 17 2
518 3 28 3
519 3 35 3
520 7 249 6
521 3 23 3
522 2 10 2
523 2 13 2
524 3 110 3
525 6 355 5
526 4 27 4
527 2 34 2
528 2 52 2
529 2 12 2
530 2 14 2
531 6 95 5
532 2 33 2
533 3 24 3
534 7 565 5
535 3 90 3
536 3 38 3
537 2 11 2
538 4 53 4
539 3 42 3
540 2 27 2
541 2 25 2
542 3 24 3
543 2 12 2
544 2 10 2
545 4 69 4
546 2 15 2
547 2 13 2
548 2 12 2
549 2 19 2
550 2 99 2
551 4 174 4
552 2 22 2
553 2 15 2
554 4 129 4
555 2 17 2
556 2 42 2
557 2 53 2
558 2 94 2
559 2 13 2
560 3 37 3
561 3 62 3
562 5 49 5
563 3 35 3
564 3 233 3
565 2 11 2
566 3 33 3
567 2 24 2
568 2 22 2
569 2 31 2
570 2 13 2
571 2 43 2
572 2 11 2
573 2 19 2
574 2 31 2
575 3 57 3
576 2 15 2
577 2 18 2
578 3 41 3
579 4 59 4
580 6 262 6
581 4 73 4
582 3 52 3
583 2 12 2
584 4 32 4
585 3 26 3
586 2 66 2
587 2 23 2
588 2 17 2
589 3 63 3
590 2 32 2
591 2 14 2
592 6 98 5
593 2 20 2
594 4 82 4
595 2 13 2
596 4 42 4
597 2 28 2
598 3 20 3
599 2 16 2
600 3 34 3
601 3 29 3
602 2 18 2
603 6 90 5
604 3 47 3
605 2 22 2
606 3 22 3
607 2 21 2
608 3 19 3
609 2 12 2
610 5 145 5
611 2 11 2
612 2 24 2
613 3 26 3
614 2 118 2
615 2 27 2
616 2 15 2
617 2 127 2
618 2 10 2
619 2 12 2
620 4 87 4
621 2 12 2
622 2 99 2
623 2 15 2
624 2 14 2
625 3 119 3
626 5 53 5
627 3 277 3
628 2 29 2
629 2 20 2
630 3 201 3
631 2 104 2
632 2 15 2
633 2 17 2
634 2 19 2
635 2 37 2
636 4 113 4
637 2 27 2
638 6 128 5
639 2 22 2
640 2 18 2
641 2 169 2
642 2 76 2
643 2 18 2
644 4 134 4
645 3 49 3
646 4 58 4
647 2 37 2
648 2 14 2
649 2 22 2
650 2 10 2
651 2 66 2
652 3 66 3
653 4 59 4
654 3 43 3
655 2 24 2
656 4 23 4
657 2 19 2
658 2 13 2
659 3 25 3
660 3 17 3
661 2 18 2
662 44 1166 23
663 2 16 2
664 2 13 2
665 4 49 4
666 2 31 2
667 2 15 2
668 2 21 2
669 2 25 2
670 8 219 6
671 3 20 3
672 2 18 2
673 2 17 2
674 3 45 3
675 2 21 2
676 2 196 2
677 2 22 2
678 3 68 3
679 2 18 2
680 2 30 2
681 2 36 2
682 2 17 2
683 5 50 5
684 2 22 2
685 2 20 2
686 2 23 2
687 2 14 2
688 2 13 2
689 3 22 3
690 14 158 8
691 2 18 2
692 2 29 2
693 2 12 2
694 2 31 2
695 2 33 2
696 2 19 2
697 2 32 2
698 2 32 2
699 2 24 2
700 10 188 8
701 4 125 4
702 3 31 3
703 2 18 2
704 2 12 2
705 2 17 2
706 2 120 2
707 2 42 2
708 2 15 2
709 5 167 5
710 2 23 2
711 2 62 2
712 3 20 3
713 2 16 2
714 2 10 2
715 3 44 3
716 4 39 4
717 2 16 2
718 2 24 2
719 3 48 3
720 2 13 2
721 2 20 2
722 2 18 2
723 2 12 2
724 3 155 3
725 2 16 2
726 2 32 2
727 2 15 2
728 2 13 2
729 4 77 4
730 2 51 2
731 3 94 3
732 2 20 2
733 2 18 2
734 2 47 2
735 2 16 2
736 2 71 2
737 2 47 2
738 2 49 2
739 2 28 2
740 2 22 2
741 2 18 2
742 2 13 2
743 2 67 2
744 3 217 3
745 2 15 2
746 2 43 2
747 2 46 2
748 7 235 7
749 2 38 2
750 2 27 2
751 2 26 2
752 4 31 4
753 3 17 3
754 4 23 4
755 2 32 2
756 3 35 3
757 2 11 2
758 3 43 3
759 2 44 2
760 3 78 3
761 2 22 2
762 2 15 2
763 5 38 5
764 2 18 2
765 3 284 3
766 2 10 2
767 6 257 6
768 2 50 2
769 3 25 3
770 3 78 3
771 2 15 2
772 2 15 2
773 2 17 2
774 3 102 3
775 2 21 2
776 2 42 2
777 2 22 2
778 2 37 2
779 2 22 2
780 2 57 2
781 3 61 3
782 2 21 2
783 2 31 2
784 3 20 3
785 2 12 2
786 2 21 2
787 2 29 2
788 2 23 2
789 2 18 2
790 2 16 2
791 2 35 2
792 3 119 3
793 3 49 3
794 4 133 4
795 2 11 2
796 2 17 2
797 2 19 2
798 2 42 2
799 2 18 2
800 3 29 3
801 3 213 3
802 2 19 2
803 2 16 2
804 2 28 2
805 2 10 2
806 5 112 5
807 2 21 2
808 2 33 2
809 2 16 2
810 2 23 2
811 3 46 3
812 3 38 3
813 3 17 3
814 2 11 2
815 3 27 3
816 4 160 4
817 2 40 2
818 2 12 2
819 2 37 2
820 2 26 2
821 2 42 2
822 2 20 2
823 2 35 2
824 2 20 2
825 3 46 3
826 2 15 2
827 2 13 2
828 2 27 2
829 2 77 2
830 2 17 2
831 2 36 2
832 3 27 3
833 4 182 4
834 2 21 2
835 2 16 2
836 2 26 2
837 2 16 2
838 2 14 2
839 3 81 3
840 2 24 2
841 4 70 4
842 2 24 2
843 2 103 2
844 2 15 2
845 2 23 2
846 2 21 2
847 3 20 3
848 4 72 4
849 3 51 3
850 2 59 2
851 2 57 2
852 2 10 2
853 2 13 2
854 3 41 3
855 2 12 2
856 3 19 3
857 2 24 2
858 2 16 2
859 6 404 6
860 2 26 2
861 2 62 2
862 3 33 3
863 2 13 2
864 3 58 3
865 2 66 2
866 2 17 2
867 2 15 2
868 2 57 2
869 2 13 2
870 2 69 2
871 2 12 2
872 2 25 2
873 2 13 2
874 2 21 2
875 2 12 2
876 2 20 2
877 2 23 2
878 3 16 3
879 3 48 3
880 2 17 2
881 2 11 2
882 3 70 3
883 2 132 2
884 2 12 2
885 2 14 2
886 2 12 2
887 2 20 2
888 2 78 2
889 2 27 2
890 2 27 2
891 2 39 2
892 2 14 2
893 3 27 3
894 3 31 3
895 2 16 2
896 4 69 4
897 2 29 2
898 2 22 2
899 4 138 4
900 3 30 3
901 3 23 3
902 4 111 4
903 3 26 3
904 2 24 2
905 2 39 2
906 2 107 2
907 2 30 2
908 4 45 4
909 2 16 2
910 3 30 3
911 2 34 2
912 2 23 2
913 2 15 2
914 2 24 2
915 2 51 2
916 2 19 2
917 2 56 2
918 2 82 2
919 4 83 4
920 2 10 2
921 2 35 2
922 2 14 2
923 2 17 2
924 2 12 2
925 2 30 2
926 2 51 2
927 2 13 2
928 3 24 3
929 2 14 2
930 2 15 2
931 2 15 2
932 2 54 2
933 2 15 2
934 2 14 2
935 2 17 2
936 2 17 2
937 2 17 2
938 2 34 2
939 3 29 3
940 2 13 2
941 2 43 2
942 2 37 2
943 2 12 2
944 3 99 3
945 2 18 2
946 3 44 3
947 2 12 2
948 2 37 2
949 2 103 2
950 2 23 2
951 2 15 2
952 2 11 2
953 2 14 2
954 2 20 2
955 3 58 3
956 2 22 2
957 3 103 3
958 3 33 3
959 2 44 2
960 4 97 4
961 4 36 4
962 2 20 2
963 3 20 3
964 2 12 2
965 2 34 2
966 2 18 2
967 3 59 3
968 2 44 2
969 3 23 3
970 2 13 2
971 2 19 2
972 2 25 2
973 3 34 3
974 2 21 2
975 3 142 3
976 2 18 2
977 2 11 2
978 3 27 3
979 2 11 2
980 4 47 4
981 2 21 2
982 2 11 2
983 2 51 2
984 4 106 4
985 2 13 2
986 2 14 2
987 2 28 2
988 2 19 2
989 2 14 2
990 3 25 3
991 2 24 2
992 2 27 2
993 2 15 2
994 3 32 3
995 2 23 2
996 3 60 3
997 2 14 2
998 2 19 2
999 2 11 2
1000 4 23 4
1001 2 13 2
1002 2 35 2
1003 3 58 3
1004 3 48 3
1005 2 12 2
1006 2 36 2
1007 3 23 3
1008 3 29 3
1009 4 74 4
1010 2 29 2
1011 3 52 3
1012 2 39 2
1013 2 12 2
1014 2 36 2
1015 2 10 2
1016 3 36 3
1017 2 25 2
1018 2 14 2
1019 2 28 2
1020 2 15 2
1021 2 10 2
1022 2 19 2
1023 2 14 2
1024 3 26 3
1025 2 15 2
1026 3 20 3
1027 2 33 2
1028 2 20 2
1029 2 23 2
1030 2 15 2
1031 2 16 2
1032 2 26 2
1033 3 41 3
1034 8 168 7
1035 2 32 2
1036 2 22 2
1037 2 21 2
1038 2 29 2
1039 2 21 2
1040 2 14 2
1041 3 44 3
1042 2 24 2
1043 2 51 2
1044 2 13 2
1045 2 77 2
1046 3 51 3
1047 2 13 2
1048 2 13 2
1049 3 44 3
1050 2 46 2
1051 3 30 3
1052 3 38 3
1053 2 15 2
1054 2 33 2
1055 2 15 2
1056 3 40 3
1057 3 20 3
1058 2 15 2
1059 3 73 3
1060 5 769 5
1061 2 24 2
1062 2 13 2
1063 4 237 4
1064 2 17 2
1065 2 13 2
1066 2 17 2
1067 5 107 5
1068 2 52 2
1069 2 13 2
1070 3 38 3
1071 2 26 2
1072 2 78 2
1073 2 12 2
1074 2 40 2
1075 2 18 2
1076 2 13 2
1077 2 15 2
1078 2 53 2
1079 3 62 3
1080 2 23 2
1081 3 27 3
1082 2 32 2
1083 2 14 2
1084 2 24 2
1085 2 17 2
1086 3 22 3
1087 2 102 2
1088 2 21 2
1089 8 185 6
1090 2 13 2
1091 2 62 2
1092 2 10 2
1093 3 21 3
1094 2 16 2
1095 2 139 2
1096 3 222 3
1097 4 182 4
1098 2 41 2
1099 3 328 3
1100 2 20 2
1101 2 26 2
1102 2 19 2
1103 4 20 4
1104 2 13 2
1105 3 31 3
1106 2 10 2
1107 2 16 2
1108 2 28 2
1109 4 85 4
1110 2 22 2
1111 3 105 3
1112 2 15 2
1113 3 130 3
1114 2 112 2
1115 2 31 2
1116 2 41 2
1117 2 23 2
1118 2 18 2
1119 2 31 2
1120 2 10 2
1121 2 21 2
1122 2 25 2
1123 4 43 4
1124 4 103 4
1125 2 17 2
1126 8 518 6
1127 2 20 2
1128 3 42 3
1129 2 14 2
1130 2 22 2
1131 3 28 3
1132 3 18 3
1133 2 34 2
1134 2 13 2
1135 2 20 2
1136 2 22 2
1137 2 26 2
1138 2 15 2
1139 3 23 3
1140 2 13 2
1141 2 14 2
1142 2 34 2
1143 2 16 2
1144 2 46 2
1145 2 62 2
1146 3 59 3
1147 2 11 2
1148 2 11 2
1149 4 49 4
1150 2 24 2
1151 3 39 3
1152 2 25 2
1153 2 18 2
1154 2 12 2
1155 2 19 2
1156 2 58 2
1157 2 13 2
1158 4 270 4
1159 3 45 3
1160 4 135 4
1161 5 112 5
1162 2 21 2
1163 3 31 3
1164 2 22 2
1165 2 31 2
1166 2 24 2
1167 3 20 3
1168 2 18 2
1169 2 18 2
1170 2 20 2
1171 3 25 3
1172 2 14 2
1173 2 49 2
1174 5 96 5
1175 2 18 2
1176 3 148 3
1177 2 85 2
1178 7 167 6
1179 2 29 2
1180 2 140 2
1181 2 12 2
1182 2 14 2
1183 5 636 5
1184 2 11 2
1185 2 34 2
1186 2 40 2
1187 2 14 2
1188 2 10 2
1189 2 459 2
1190 2 19 2
1191 2 13 2
1192 2 18 2
1193 2 14 2
1194 2 14 2
1195 2 22 2
1196 2 11 2
1197 3 37 3
1198 2 17 2
1199 3 18 3
1200 2 35 2
1201 2 18 2
1202 3 29 3
1203 2 13 2
1204 3 49 3
1205 2 90 2
1206 2 49 2
1207 3 28 3
1208 2 16 2
1209 2 15 2
1210 40 700 17
1211 2 10 2
1212 3 53 3
1213 11 662 8
1214 4 45 4
1215 2 19 2
1216 3 64 3
1217 2 10 2
1218 2 25 2
1219 3 107 3
1220 2 28 2
1221 3 70 3
1222 2 18 2
1223 2 32 2
1224 2 26 2
1225 3 106 3
1226 2 22 2
1227 2 10 2
1228 2 19 2
1229 2 13 2
1230 2 91 2
1231 3 29 3
1232 3 16 3
1233 3 35 3
1234 6 94 5
1235 3 48 3
1236 3 56 3
1237 2 11 2
1238 4 30 4
1239 2 11 2
1240 3 20 3
1241 3 51 3
1242 2 17 2
1243 2 37 2
1244 5 88 5
1245 2 38 2
1246 2 15 2
1247 3 29 3
1248 2 20 2
1249 2 34 2
1250 2 48 2
1251 2 32 2
1252 2 12 2
1253 3 23 3
1254 2 34 2
1255 2 19 2
1256 2 20 2
1257 2 54 2
1258 2 17 2
1259 2 11 2
1260 2 21 2
1261 3 88 3
1262 4 79 4
1263 2 20 2
1264 4 42 4
1265 2 35 2
1266 3 30 3
1267 4 59 4
1268 2 33 2
1269 4 28 4
1270 3 17 3
1271 3 117 3
1272 2 12 2
1273 2 13 2
1274 2 18 2
1275 2 26 2
1276 3 20 3
1277 2 16 2
1278 3 29 3
1279 3 113 3
1280 2 20 2
1281 2 77 2
1282 5 78 5
1283 3 33 3
1284 2 12 2
1285 3 55 3
1286 2 43 2
1287 3 100 3
1288 2 10 2
1289 4 34 4
1290 4 108 4
1291 2 14 2
1292 2 56 2
1293 2 18 2
1294 4 45 4
1295 2 39 2
1296 2 21 2
1297 3 52 3
1298 3 33 3
1299 2 41 2
1300 4 44 4
1301 2 13 2
1302 3 20 3
1303 3 435 3
1304 2 21 2
1305 2 20 2
1306 2 25 2
1307 3 31 3
1308 2 14 2
1309 4 154 4
1310 2 13 2
1311 2 25 2
1312 3 28 3
1313 3 25 3
1314 2 15 2
1315 2 14 2
1316 2 20 2
1317 2 20 2
1318 2 15 2
1319 3 58 3
1320 30 601 18
1321 3 87 3
1322 3 79 3
1323 2 12 2
1324 3 26 3
1325 3 43 3
1326 3 27 3
1327 2 29 2
1328 2 23 2
1329 2 17 2
1330 3 30 3
1331 2 39 2
1332 2 24 2
1333 3 18 3
1334 5 33 5
1335 3 48 3
1336 2 20 2
1337 2 16 2
1338 2 20 2
1339 3 27 3
1340 3 77 3
1341 3 90 3
1342 3 51 3
1343 2 15 2
1344 4 47 4
1345 2 14 2
1346 6 509 6
1347 2 31 2
1348 2 14 2
1349 2 49 2
1350 2 49 2
1351 2 48 2
1352 2 23 2
1353 2 13 2
1354 2 149 2
1355 2 58 2
1356 2 29 2
1357 2 12 2
1358 4 79 4
1359 4 38 4
1360 2 12 2
1361 4 178 4
1362 2 42 2
1363 2 31 2
1364 2 14 2
1365 2 41 2
1366 2 15 2
1367 5 294 5
1368 2 21 2
1369 2 29 2
1370 4 115 4
1371 4 74 4
1372 5 58 5
1373 2 23 2
1374 2 24 2
1375 2 13 2
1376 2 49 2
1377 2 11 2
1378 2 11 2
1379 2 13 2
1380 3 44 3
1381 2 15 2
1382 3 23 3
1383 2 23 2
1384 6 154 6
1385 5 113 5
1386 2 14 2
1387 2 11 2
1388 3 64 3
1389 3 98 3
1390 2 15 2
1391 3 106 3
1392 2 37 2
1393 2 14 2
1394 2 18 2
1395 3 37 3
1396 2 33 2
1397 2 12 2
1398 2 12 2
1399 5 37 5
1400 2 10 2
1401 3 20 3
1402 2 52 2
1403 2 73 2
1404 3 29 3
1405 3 94 3
1406 3 25 3
1407 5 231 5
1408 2 24 2
1409 2 17 2
1410 2 12 2
1411 2 18 2
1412 2 12 2
1413 2 13 2
1414 3 18 3
1415 4 100 4
1416 5 105 5
1417 2 13 2
1418 2 16 2
1419 2 16 2
1420 2 69 2
1421 3 18 3
1422 2 14 2
1423 2 28 2
1424 4 61 4
1425 2 21 2
1426 3 51 3
1427 2 24 2
1428 2 20 2
1429 2 13 2
1430 3 29 3
1431 2 33 2
1432 2 35 2
1433 2 17 2
1434 2 125 2
1435 2 54 2
1436 2 18 2
1437 5 35 5
1438 3 45 3
1439 2 27 2
1440 2 39 2
1441 2 70 2
1442 2 12 2
1443 2 16 2
1444 2 19 2
1445 2 10 2
1446 2 15 2
1447 3 47 3
1448 2 45 2
1449 4 138 4
1450 2 12 2
1451 2 28 2
1452 2 16 2
1453 2 16 2
1454 2 20 2
1455 2 21 2
1456 2 14 2
1457 3 45 3
1458 2 27 2
1459 2 28 2
1460 3 62 3
1461 5 129 5
1462 2 13 2
1463 2 28 2
1464 2 15 2
1465 3 76 3
1466 2 20 2
1467 3 47 3
1468 2 36 2
1469 2 48 2
1470 2 33 2
1471 3 42 3
1472 2 30 2
1473 3 70 3
1474 2 22 2
1475 2 36 2
1476 2 14 2
1477 3 45 3
1478 2 46 2
1479 2 11 2
1480 2 35 2
1481 2 22 2
1482 3 24 3
1483 3 29 3
1484 2 47 2
1485 2 24 2
1486 2 25 2
1487 2 25 2
1488 3 16 3
1489 2 14 2
1490 2 22 2
1491 2 17 2
1492 2 22 2
1493 2 46 2
1494 2 13 2
1495 2 13 2
1496 2 13 2
1497 2 59 2
1498 2 24 2
1499 2 37 2
1500 2 29 2
1501 2 55 2
1502 4 51 4
1503 2 26 2
1504 2 14 2
1505 2 16 2
1506 2 31 2
1507 7 145 7
1508 2 10 2
1509 5 128 5
1510 2 26 2
1511 2 157 2
1512 2 11 2
1513 3 21 3
1514 2 18 2
1515 2 21 2
1516 2 16 2
1517 2 14 2
1518 2 20 2
1519 2 15 2
1520 2 14 2
1521 2 21 2
1522 2 11 2
1523 3 34 3
1524 2 53 2
1525 3 177 3
1526 2 33 2
1527 3 90 3
1528 2 53 2
1529 2 16 2
1530 2 17 2
1531 2 13 2
1532 2 19 2
1533 3 30 3
1534 2 11 2
1535 2 20 2
1536 4 88 4
1537 2 23 2
1538 2 99 2
1539 2 29 2
1540 2 122 2
1541 3 68 3
1542 2 17 2
1543 2 34 2
1544 2 22 2
1545 3 156 3
1546 2 47 2
1547 4 59 4
1548 2 39 2
1549 2 59 2
1550 2 15 2
1551 2 13 2
1552 3 24 3
1553 2 13 2
1554 2 15 2
1555 2 19 2
1556 2 22 2
1557 2 38 2
1558 2 52 2
1559 3 64 3
1560 2 12 2
1561 3 24 3
1562 2 12 2
1563 2 52 2
1564 2 14 2
1565 2 31 2
1566 2 12 2
1567 2 13 2
1568 2 44 2
1569 2 23 2
1570 2 28 2
1571 3 104 3
1572 4 34 4
1573 3 20 3
1574 2 91 2
1575 4 39 4
1576 2 11 2
1577 4 196 4
1578 2 13 2
1579 2 16 2
1580 2 11 2
1581 2 13 2
1582 2 14 2
1583 2 20 2
1584 4 36 4
1585 3 106 3
1586 2 18 2
1587 2 17 2
1588 2 24 2
1589 2 38 2
1590 3 28 3
1591 2 48 2
1592 2 18 2
1593 2 30 2
1594 2 13 2
1595 2 115 2
1596 5 52 5
1597 2 11 2
1598 2 25 2
1599 3 119 3
1600 2 17 2
1601 4 44 4
1602 2 59 2
1603 2 18 2
1604 2 13 2
1605 3 112 3
1606 2 20 2
1607 2 21 2
1608 2 13 2
1609 2 24 2
1610 4 37 4
1611 2 14 2
1612 2 16 2
1613 2 41 2
1614 4 52 4
1615 2 46 2
1616 2 45 2
1617 2 11 2
1618 3 28 3
1619 3 37 3
1620 3 21 3
1621 3 113 3
1622 2 13 2
1623 2 99 2
1624 2 12 2
1625 2 12 2
1626 2 14 2
1627 2 14 2
1628 2 51 2
1629 2 22 2
1630 2 16 2
1631 3 169 3
1632 3 46 3
1633 2 13 2
1634 4 99 4
1635 2 13 2
1636 3 49 3
1637 3 85 3
1638 4 131 4
1639 2 29 2
1640 2 30 2
1641 2 11 2
1642 2 62 2
1643 3 28 3
1644 2 12 2
1645 2 16 2
1646 2 32 2
1647 2 12 2
1648 2 22 2
1649 3 158 3
1650 2 14 2
1651 2 43 2
1652 2 14 2
1653 2 14 2
1654 2 12 2
1655 5 976 5
1656 2 32 2
1657 2 25 2
1658 3 119 3
1659 21 205 9
1660 2 35 2
1661 2 28 2
1662 3 20 3
1663 2 11 2
1664 2 22 2
1665 2 20 2
1666 3 22 3
1667 2 23 2
1668 2 101 2
1669 3 28 3
1670 2 21 2
1671 2 245 2
1672 2 79 2
1673 2 17 2
1674 2 73 2
1675 2 168 2
1676 2 19 2
1677 2 23 2
1678 3 18 3
1679 3 55 3
1680 2 21 2
1681 2 41 2
1682 3 31 3
1683 2 10 2
1684 2 16 2
1685 2 41 2
1686 4 184 4
1687 3 53 3
1688 2 15 2
1689 2 21 2
1690 4 55 4
1691 4 211 4
1692 2 74 2
1693 2 12 2
1694 2 15 2
1695 2 27 2
1696 36 717 17
1697 3 33 3
1698 2 31 2
1699 2 15 2
1700 2 15 2
1701 3 57 3
1702 2 32 2
1703 2 31 2
1704 3 102 3
1705 2 20 2
1706 2 11 2
1707 2 21 2
1708 2 62 2
1709 4 219 4
1710 3 53 3
1711 3 105 3
1712 2 17 2
1713 5 91 5
1714 3 55 3
1715 2 16 2
1716 3 95 3
1717 3 50 3
1718 3 76 3
1719 2 25 2
1720 4 60 4
1721 3 33 3
1722 3 226 3
1723 2 10 2
1724 3 33 3
1725 2 14 2
1726 2 16 2
1727 2 143 2
1728 2 13 2
1729 2 49 2
1730 4 49 4
1731 2 34 2
1732 2 32 2
1733 2 31 2
1734 2 23 2
1735 2 28 2
1736 3 77 3
1737 2 21 2
1738 2 14 2
1739 2 11 2
1740 2 12 2
1741 6 122 6
1742 2 55 2
1743 2 21 2
1744 2 41 2
1745 3 27 3
1746 2 33 2
1747 2 12 2
1748 2 25 2
1749 2 29 2
1750 2 20 2
1751 2 21 2
1752 2 28 2
1753 4 38 4
1754 2 11 2
1755 2 12 2
1756 2 27 2
1757 5 105 5
1758 3 128 3
1759 3 37 3
1760 3 40 3
1761 2 60 2
1762 2 37 2
1763 3 56 3
1764 2 17 2
1765 3 34 3
1766 2 24 2
1767 2 18 2
1768 2 12 2
1769 2 28 2
1770 2 106 2
1771 2 11 2
1772 2 16 2
1773 2 13 2
1774 2 15 2
1775 4 38 4
1776 2 22 2
1777 2 11 2
1778 2 12 2
1779 2 58 2
1780 5 81 5
1781 2 10 2
1782 2 36 2
1783 2 13 2
1784 2 18 2
1785 2 14 2
1786 2 14 2
1787 2 12 2
1788 2 17 2
1789 2 16 2
1790 3 50 3
1791 2 39 2
1792 2 11 2
1793 2 29 2
1794 2 29 2
1795 2 98 2
1796 3 36 3
1797 6 168 6
1798 2 39 2
1799 2 24 2
1800 2 14 2
1801 2 10 2
1802 2 11 2
1803 2 81 2
1804 5 689 5
1805 3 30 3
1806 2 22 2
1807 5 122 5
1808 2 11 2
1809 2 17 2
1810 3 15 3
1811 2 55 2
1812 5 55 5
1813 9 338 7
1814 5 81 5
1815 2 42 2
1816 2 49 2
1817 3 27 3
1818 2 54 2
1819 3 35 3
1820 2 151 2
1821 4 396 4
1822 3 81 3
1823 2 22 2
1824 2 76 2
1825 2 17 2
1826 2 29 2
1827 2 41 2
1828 3 26 3
1829 2 16 2
1830 3 44 3
1831 3 26 3
1832 2 20 2
1833 2 14 2
1834 2 10 2
1835 2 13 2
1836 3 89 3
1837 2 67 2
1838 2 13 2
1839 2 28 2
1840 2 23 2
1841 2 36 2
1842 3 35 3
1843 2 109 2
1844 2 33 2
1845 2 20 2
1846 2 12 2
1847 2 82 2
1848 2 10 2
1849 2 52 2
1850 2 22 2
1851 3 62 3
1852 2 90 2
1853 3 78 3
1854 4 53 4
1855 2 13 2
1856 2 18 2
1857 2 14 2
1858 2 13 2
1859 4 75 4
1860 4 168 4
1861 2 24 2
1862 4 58 4
1863 2 17 2
1864 2 20 2
1865 2 18 2
1866 4 29 4
1867 4 91 4
1868 2 15 2
1869 2 38 2
1870 2 36 2
1871 2 28 2
1872 2 37 2
1873 2 20 2
1874 2 18 2
1875 2 45 2
1876 2 24 2
1877 2 11 2
1878 3 26 3
1879 2 35 2
1880 6 175 5
1881 3 106 3
1882 2 18 2
1883 2 27 2
1884 2 20 2
1885 2 24 2
1886 2 18 2
1887 3 31 3
1888 5 244 5
1889 2 14 2
1890 3 63 3
1891 2 37 2
1892 2 11 2
1893 3 31 3
1894 2 21 2
1895 2 14 2
1896 3 39 3
1897 2 16 2
1898 2 27 2
1899 2 21 2
1900 2 13 2
1901 2 283 2
1902 3 18 3
1903 4 48 4
1904 2 14 2
1905 2 11 2
1906 2 25 2
1907 3 380 3
1908 3 45 3
1909 5 122 5
1910 2 28 2
1911 2 23 2
1912 2 13 2
1913 2 85 2
1914 2 28 2
1915 2 71 2
1916 3 30 3
1917 3 32 3
1918 2 39 2
1919 3 77 3
1920 3 167 3
1921 3 89 3
1922 3 22 3
1923 2 62 2
1924 2 27 2
1925 2 11 2
1926 2 31 2
1927 2 15 2
1928 2 16 2
1929 3 20 3
1930 2 15 2
1931 4 161 4
1932 2 20 2
1933 3 25 3
1934 2 12 2
1935 2 38 2
1936 4 104 4
1937 2 16 2
1938 2 46 2
1939 2 23 2
1940 2 52 2
1941 2 12 2
1942 2 25 2
1943 2 32 2
1944 2 39 2
1945 2 16 2
1946 2 12 2
1947 3 34 3
1948 2 13 2
1949 2 10 2
1950 2 31 2
1951 2 17 2
1952 2 28 2
1953 2 14 2
1954 2 27 2
1955 2 17 2
1956 2 13 2
1957 2 13 2
1958 4 27 4
1959 2 13 2
1960 3 20 3
1961 2 24 2
1962 2 11 2
1963 2 46 2
1964 3 66 3
1965 2 11 2
1966 3 54 3
1967 5 92 5
1968 2 46 2
1969 4 28 4
1970 2 12 2
1971 2 35 2
1972 2 40 2
1973 2 21 2
1974 2 36 2
1975 5 49 5
1976 3 19 3
1977 2 42 2
1978 2 20 2
1979 2 57 2
1980 2 38 2
1981 2 28 2
1982 4 73 4
1983 3 27 3
1984 2 66 2
1985 2 14 2
1986 3 101 3
1987 2 80 2
1988 2 20 2
1989 3 64 3
1990 2 44 2
1991 2 37 2
1992 2 60 2
1993 2 25 2
1994 3 20 3
1995 2 43 2
1996 2 20 2
1997 3 51 3
1998 2 15 2
1999 2 14 2
2000 4 469 4
2001 2 16 2
2002 3 31 3
2003 2 108 2
2004 2 10 2
2005 2 27 2
2006 2 18 2
2007 3 436 3
2008 2 15 2
2009 2 31 2
2010 2 28 2
2011 2 35 2
2012 3 25 3
2013 2 134 2
2014 2 14 2
2015 5 308 5
2016 2 36 2
2017 2 106 2
2018 2 50 2
2019 2 35 2
2020 2 14 2
2021 2 24 2
2022 2 23 2
2023 2 32 2
2024 3 43 3
2025 4 77 4
2026 2 14 2
2027 2 35 2
2028 3 107 3
2029 3 53 3
2030 3 24 3
2031 2 18 2
2032 3 34 3
2033 2 17 2
2034 3 100 3
2035 2 26 2
2036 3 58 3
2037 2 10 2
2038 2 10 2
2039 3 24 3
2040 2 21 2
2041 3 71 3
2042 2 12 2
2043 3 31 3
2044 2 11 2
2045 2 182 2
2046 5 134 5
2047 3 35 3
2048 3 32 3
2049 2 13 2
2050 3 50 3
2051 6 42 5
2052 2 37 2
2053 5 240 5
2054 4 46 4
2055 2 15 2
2056 2 14 2
2057 2 27 2
2058 2 25 2
2059 2 23 2
2060 2 33 2
2061 2 20 2
2062 6 489 5
2063 2 83 2
2064 2 22 2
2065 2 11 2
2066 2 19 2
2067 4 91 4
2068 2 22 2
2069 2 102 2
2070 2 15 2
2071 2 14 2
2072 2 20 2
2073 2 22 2
2074 2 37 2
2075 2 13 2
2076 2 18 2
2077 2 60 2
2078 3 20 3
2079 2 14 2
2080 2 26 2
2081 2 23 2
2082 2 33 2
2083 2 19 2
2084 2 46 2
2085 2 41 2
2086 2 61 2
2087 2 65 2
2088 3 65 3
2089 2 33 2
2090 4 128 4
2091 2 14 2
2092 2 14 2
2093 5 249 5
2094 3 68 3
2095 3 22 3
2096 2 25 2
2097 3 36 3
2098 3 110 3
2099 2 21 2
2100 2 23 2
2101 4 106 4
2102 3 18 3
2103 3 138 3
2104 2 30 2
2105 2 71 2
2106 4 56 4
2107 6 87 5
2108 5 149 5
2109 2 18 2
2110 4 74 4
2111 3 309 3
2112 3 67 3
2113 2 25 2
2114 3 21 3
2115 5 596 5
2116 2 34 2
2117 2 35 2
2118 2 25 2
2119 3 156 3
2120 3 66 3
2121 2 32 2
2122 3 52 3
2123 3 21 3
2124 2 19 2
2125 2 31 2
2126 2 15 2
2127 2 24 2
2128 2 38 2
2129 2 33 2
2130 4 75 4
2131 2 20 2
2132 2 35 2
2133 5 44 5
2134 2 11 2
2135 2 11 2
2136 2 10 2
2137 3 54 3
2138 4 32 4
2139 2 22 2
2140 2 32 2
2141 2 78 2
2142 2 14 2
2143 2 31 2
2144 3 27 3
2145 2 34 2
2146 2 13 2
2147 2 25 2
2148 2 17 2
2149 3 48 3
2150 2 39 2
2151 2 17 2
2152 2 25 2
2153 2 29 2
2154 3 26 3
2155 2 12 2
2156 3 124 3
2157 2 19 2
2158 3 24 3
2159 2 14 2
2160 2 15 2
2161 4 83 4
2162 2 14 2
2163 2 31 2
2164 3 54 3
2165 2 31 2
2166 2 12 2
2167 2 35 2
2168 2 15 2
2169 2 15 2
2170 2 30 2
2171 2 72 2
2172 2 11 2
2173 3 110 3
2174 2 21 2
2175 3 19 3
2176 2 28 2
2177 2 13 2
2178 2 30 2
2179 2 37 2
2180 2 19 2
2181 3 25 3
2182 3 71 3
2183 2 11 2
2184 2 20 2
2185 3 143 3
2186 3 90 3
2187 3 16 3
2188 2 58 2
2189 2 52 2
2190 2 12 2
2191 2 16 2
2192 2 15 2
2193 2 13 2
2194 2 12 2
2195 2 15 2
2196 2 29 2
2197 4 38 4
2198 2 10 2
2199 6 529 6
2200 2 225 2
2201 2 12 2
2202 2 12 2
2203 3 139 3
2204 2 47 2
2205 4 52 4
2206 2 10 2
2207 2 10 2
2208 2 76 2
2209 2 28 2
2210 3 75 3
2211 6 444 5
2212 2 13 2
2213 2 30 2
2214 2 22 2
2215 2 12 2
2216 2 11 2
2217 2 26 2
2218 2 24 2
2219 2 21 2
2220 2 15 2
2221 5 49 5
2222 3 149 3
2223 3 19 3
2224 2 86 2
2225 3 72 3
2226 4 87 4
2227 2 13 2
2228 2 21 2
2229 2 19 2
2230 4 26 4
2231 2 23 2
2232 2 57 2
2233 2 32 2
2234 3 63 3
2235 2 10 2
2236 3 23 3
2237 2 10 2
2238 2 19 2
2239 2 13 2
2240 3 31 3
2241 2 16 2
2242 3 17 3
2243 2 184 2
2244 2 18 2
2245 2 18 2
2246 2 35 2
2247 2 11 2
2248 2 21 2
2249 2 22 2
2250 2 12 2
2251 3 47 3
2252 3 29 3
2253 2 11 2
2254 3 24 3
2255 2 14 2
2256 2 17 2
2257 2 17 2
2258 2 19 2
2259 2 19 2
2260 6 147 5
2261 2 81 2
2262 2 16 2
2263 2 30 2
2264 2 11 2
2265 2 46 2
2266 2 11 2
2267 2 30 2
2268 2 37 2
2269 2 20 2
2270 2 30 2
2271 2 16 2
2272 2 15 2
2273 2 17 2
2274 4 68 4
2275 3 46 3
2276 2 20 2
2277 3 107 3
2278 3 25 3
2279 3 64 3
2280 3 20 3
2281 2 11 2
2282 2 14 2
2283 2 19 2
2284 2 20 2
2285 2 480 2
2286 2 13 2
2287 3 30 3
2288 2 30 2
2289 2 32 2
2290 2 50 2
2291 2 15 2
2292 2 13 2
2293 3 64 3
2294 2 38 2
2295 3 69 3
2296 3 18 3
2297 3 27 3
2298 2 42 2
2299 3 21 3
2300 2 17 2
2301 2 14 2
2302 2 16 2
2303 6 95 6
2304 2 43 2
2305 3 20 3
2306 2 15 2
2307 4 93 4
2308 3 25 3
2309 2 15 2
2310 2 20 2
2311 2 16 2
2312 3 28 3
2313 3 58 3
2314 5 419 5
2315 2 16 2
2316 2 35 2
2317 2 20 2
2318 2 20 2
2319 2 77 2
2320 3 422 3
2321 3 150 3
2322 2 12 2
2323 2 16 2
2324 2 33 2
2325 2 13 2
2326 6 475 5
2327 2 19 2
2328 2 14 2
2329 2 86 2
2330 2 19 2
2331 2 12 2
2332 2 22 2
2333 3 22 3
2334 3 45 3
2335 2 83 2
2336 2 19 2
2337 2 30 2
2338 4 72 4
2339 2 19 2
2340 3 45 3
2341 2 14 2
2342 2 34 2
2343 3 199 3
2344 2 39 2
2345 2 76 2
2346 2 20 2
2347 2 48 2
2348 2 31 2
2349 3 40 3
2350 2 18 2
2351 2 12 2
2352 2 19 2
2353 2 37 2
2354 3 37 3
2355 2 10 2
2356 4 48 4
2357 2 62 2
2358 2 12 2
2359 5 269 5
2360 2 19 2
2361 2 13 2
2362 2 24 2
2363 2 21 2
2364 3 47 3
2365 3 51 3
2366 3 27 3
2367 2 24 2
2368 2 27 2
2369 3 50 3
2370 2 12 2
2371 2 43 2
2372 5 84 5
2373 2 19 2
2374 3 42 3
2375 2 30 2
2376 2 14 2
2377 2 13 2
2378 3 24 3
2379 2 13 2
2380 15 229 10
2381 2 31 2
2382 2 29 2
2383 4 56 4
2384 3 78 3
2385 2 36 2
2386 6 244 6
2387 4 73 4
2388 2 91 2
2389 5 281 5
2390 2 82 2
2391 2 57 2
2392 2 16 2
2393 2 33 2
2394 4 54 4
2395 2 50 2
2396 2 18 2
2397 2 69 2
2398 2 33 2
2399 3 54 3
2400 4 249 4
2401 2 196 2
2402 2 49 2
2403 2 19 2
2404 2 28 2
2405 2 12 2
2406 5 69 5
2407 2 21 2
2408 2 11 2
2409 3 22 3
2410 3 20 3
2411 2 51 2
2412 2 21 2
2413 4 71 4
2414 2 23 2
2415 2 34 2
2416 2 10 2
2417 5 72 5
2418 2 14 2
2419 2 88 2
2420 4 137 4
2421 3 27 3
2422 2 37 2
2423 2 19 2
2424 2 23 2
2425 3 43 3
2426 3 21 3
2427 2 45 2
2428 2 19 2
2429 2 17 2
2430 4 39 4
2431 2 15 2
2432 2 24 2
2433 2 23 2
2434 2 19 2
2435 2 20 2
2436 5 188 5
2437 2 39 2
2438 2 16 2
2439 2 59 2
2440 2 11 2
2441 2 11 2
2442 6 87 5
2443 2 11 2
2444 3 44 3
2445 3 31 3
2446 4 51 4
2447 2 20 2
2448 2 26 2
2449 2 42 2
2450 3 47 3
2451 3 25 3
2452 2 29 2
2453 2 89 2
2454 2 14 2
2455 2 23 2
2456 3 28 3
2457 4 66 4
2458 2 24 2
2459 2 26 2
2460 2 24 2
2461 2 13 2
2462 3 20 3
2463 2 23 2
2464 3 98 3
2465 2 14 2
2466 2 44 2
2467 2 21 2
2468 3 42 3
2469 2 25 2
2470 2 12 2
2471 2 25 2
2472 2 25 2
2473 2 23 2
2474 2 121 2
2475 2 26 2
2476 2 33 2
2477 2 10 2
2478 2 22 2
2479 2 13 2
2480 2 18 2
2481 2 25 2
2482 2 31 2
2483 3 68 3
2484 2 29 2
2485 3 26 3
2486 2 19 2
2487 3 49 3
2488 2 10 2
2489 3 31 3
2490 2 18 2
2491 2 23 2
2492 2 28 2
2493 3 19 3
2494 3 40 3
2495 3 25 3
2496 2 16 2
2497 4 45 4
2498 2 29 2
2499 2 49 2
2500 2 13 2
2501 2 24 2
2502 2 19 2
2503 2 115 2
2504 2 26 2
2505 2 78 2
2506 2 103 2
2507 4 260 4
2508 2 12 2
2509 2 14 2
2510 2 30 2
2511 2 13 2
2512 2 37 2
2513 4 177 4
2514 2 23 2
2515 2 20 2
2516 2 14 2
2517 2 18 2
2518 2 15 2
2519 2 12 2
2520 4 95 4
2521 2 15 2
2522 2 16 2
2523 4 134 4
2524 2 21 2
2525 2 13 2
2526 2 28 2
2527 2 64 2
2528 3 48 3
2529 3 41 3
2530 2 24 2
2531 2 18 2
2532 2 16 2
2533 2 22 2
2534 2 13 2
2535 5 292 5
2536 2 24 2
2537 2 17 2
2538 4 99 4
2539 2 23 2
2540 3 54 3
2541 2 25 2
2542 2 22 2
2543 2 12 2
2544 2 33 2
2545 2 17 2
2546 2 19 2
2547 2 52 2
2548 2 13 2
2549 2 36 2
2550 2 21 2
2551 2 19 2
2552 2 19 2
2553 2 189 2
2554 2 10 2
2555 2 49 2
2556 2 29 2
2557 3 109 3
2558 2 13 2
2559 2 15 2
2560 2 12 2
2561 2 30 2
2562 2 21 2
2563 3 38 3
2564 2 16 2
2565 2 15 2
2566 2 21 2
2567 2 26 2
2568 2 12 2
2569 3 56 3
2570 3 32 3
2571 2 34 2
2572 2 17 2
2573 2 10 2
2574 3 25 3
2575 2 18 2
2576 2 11 2
2577 2 11 2
2578 2 21 2
2579 3 44 3
2580 2 34 2
2581 2 35 2
2582 2 18 2
2583 2 17 2
2584 2 14 2
2585 4 54 4
2586 4 68 4
2587 2 71 2
2588 3 42 3
2589 2 29 2
2590 2 12 2
2591 3 26 3
2592 2 13 2
2593 4 98 4
2594 2 25 2
2595 2 29 2
2596 2 23 2
2597 3 28 3
2598 2 47 2
2599 2 25 2
2600 2 19 2
2601 2 27 2
2602 2 18 2
2603 2 23 2
2604 2 20 2
2605 2 16 2
2606 2 26 2
2607 2 82 2
2608 7 2483 7
2609 5 366 5
2610 3 166 3
2611 2 25 2
2612 2 11 2
2613 2 17 2
2614 2 14 2
2615 3 32 3
2616 3 84 3
2617 2 14 2
2618 2 15 2
2619 2 40 2
2620 2 15 2
2621 2 17 2
2622 2 27 2
2623 2 19 2
2624 2 19 2
2625 2 17 2
2626 2 27 2
2627 2 59 2
2628 2 38 2
2629 2 27 2
2630 4 183 4
2631 2 29 2
2632 2 17 2
2633 3 41 3
2634 3 41 3
2635 2 10 2
2636 3 120 3
2637 3 34 3
2638 2 13 2
2639 2 33 2
2640 2 52 2
2641 2 16 2
2642 2 30 2
2643 3 59 3
2644 2 15 2
2645 3 222 3
2646 2 15 2
2647 2 15 2
2648 3 42 3
2649 2 21 2
2650 2 20 2
2651 2 20 2
2652 2 35 2
2653 2 18 2
2654 2 24 2
2655 3 39 3
2656 2 21 2
2657 2 25 2
2658 2 14 2
2659 3 38 3
2660 2 20 2
2661 2 37 2
2662 2 17 2
2663 3 49 3
2664 2 47 2
2665 3 24 3
2666 2 13 2
2667 3 37 3
2668 2 71 2
2669 2 12 2
2670 2 17 2
2671 2 28 2
2672 2 12 2
2673 3 82 3
2674 2 12 2
2675 2 28 2
2676 2 28 2
2677 2 16 2
2678 3 44 3
2679 3 48 3
2680 2 20 2
2681 2 16 2
2682 3 20 3
2683 2 18 2
2684 2 12 2
2685 2 50 2
2686 3 49 3
2687 2 20 2
2688 3 47 3
2689 2 32 2
2690 2 11 2
2691 2 12 2
2692 2 29 2
2693 2 59 2
2694 2 34 2
2695 2 42 2
2696 2 17 2
2697 2 23 2
2698 2 24 2
2699 2 39 2
2700 2 34 2
2701 2 28 2
2702 2 19 2
2703 4 57 4
2704 2 21 2
2705 2 11 2
2706 3 17 3
2707 2 19 2
2708 2 27 2
2709 2 16 2
2710 2 25 2
2711 2 16 2
2712 2 24 2
2713 2 42 2
2714 3 40 3
2715 2 14 2
2716 2 20 2
2717 2 23 2
2718 4 38 4
2719 2 18 2
2720 2 19 2
2721 2 27 2
2722 3 20 3
2723 2 15 2
2724 2 16 2
2725 2 14 2
2726 4 59 4
2727 2 73 2
2728 2 15 2
2729 4 67 4
2730 2 80 2
2731 2 21 2
2732 2 49 2
2733 2 15 2
2734 3 26 3
2735 2 31 2
2736 2 31 2
2737 3 41 3
2738 2 39 2
2739 2 69 2
2740 2 18 2
2741 2 95 2
2742 3 46 3
2743 3 58 3
2744 2 11 2
2745 2 39 2
2746 2 21 2
2747 3 104 3
2748 2 26 2
2749 2 67 2
2750 3 30 3
2751 2 40 2
2752 4 51 4
2753 2 15 2
2754 2 45 2
2755 3 19 3
2756 2 12 2
2757 3 24 3
2758 2 54 2
2759 2 37 2
2760 2 18 2
2761 2 17 2
2762 2 30 2
2763 2 15 2
2764 3 43 3
2765 10 214 7
2766 3 96 3
2767 2 19 2
2768 2 29 2
2769 2 63 2
2770 2 72 2
2771 2 19 2
2772 2 19 2
2773 2 12 2
2774 3 70 3
2775 2 10 2
2776 2 32 2
2777 3 157 3
2778 2 14 2
2779 2 30 2
2780 2 16 2
2781 4 117 4
2782 2 16 2
2783 2 66 2
2784 2 26 2
2785 2 31 2
2786 4 107 4
2787 5 61 5
2788 2 25 2
2789 4 87 4
2790 2 33 2
2791 2 12 2
2792 3 18 3
2793 2 44 2
2794 2 26 2
2795 2 17 2
2796 4 156 4
2797 2 12 2
2798 2 14 2
2799 2 23 2
2800 2 12 2
2801 2 43 2
2802 2 14 2
2803 3 86 3
2804 2 16 2
2805 2 75 2
2806 2 16 2
2807 3 40 3
2808 2 31 2
2809 2 22 2
2810 3 22 3
2811 4 35 4
2812 2 10 2
2813 2 15 2
2814 2 86 2
2815 2 26 2
2816 2 10 2
2817 2 29 2
2818 6 148 5
2819 2 14 2
2820 2 17 2
2821 2 10 2
2822 3 20 3
2823 2 16 2
2824 2 14 2
2825 2 11 2
2826 2 50 2
2827 3 122 3
2828 2 20 2
2829 2 39 2
2830 3 52 3
2831 2 11 2
2832 2 18 2
2833 5 58 5
2834 2 11 2
2835 2 11 2
2836 3 35 3
2837 2 51 2
2838 2 33 2
2839 2 54 2
2840 2 16 2
2841 2 23 2
2842 2 34 2
2843 2 15 2
2844 2 60 2
2845 2 10 2
2846 3 47 3
2847 2 25 2
2848 2 59 2
2849 2 18 2
2850 2 20 2
2851 2 12 2
2852 2 11 2
2853 2 46 2
2854 3 32 3
2855 2 14 2
2856 4 41 4
2857 3 26 3
2858 2 11 2
2859 2 37 2
2860 2 26 2
2861 4 53 4
2862 3 93 3
2863 2 12 2
2864 2 21 2
2865 2 54 2
2866 3 40 3
2867 2 39 2
2868 2 30 2
2869 2 12 2
2870 2 13 2
2871 2 10 2
2872 4 79 4
2873 3 25 3
2874 2 18 2
2875 2 14 2
2876 4 79 4
2877 2 15 2
2878 2 13 2
2879 3 47 3
2880 2 12 2
2881 2 17 2
2882 3 20 3
2883 2 53 2
2884 3 61 3
2885 4 407 4
2886 4 86 4
2887 2 59 2
2888 3 25 3
2889 3 47 3
2890 2 26 2
2891 2 14 2
2892 2 20 2
2893 2 46 2
2894 2 39 2
2895 2 15 2
2896 2 41 2
2897 2 66 2
2898 3 26 3
2899 2 11 2
2900 3 147 3
2901 5 91 5
2902 4 43 4
2903 2 10 2
2904 2 17 2
2905 2 11 2
2906 2 27 2
2907 3 25 3
2908 2 19 2
2909 2 16 2
2910 2 27 2
2911 2 27 2
2912 2 30 2
2913 2 19 2
2914 2 21 2
2915 2 26 2
2916 2 13 2
2917 2 26 2
2918 3 28 3
2919 3 27 3
2920 2 17 2
2921 2 11 2
2922 2 15 2
2923 2 16 2
2924 2 11 2
2925 2 18 2
2926 2 66 2
2927 2 22 2
2928 2 58 2
2929 3 27 3
2930 4 114 4
2931 2 17 2
2932 2 44 2
2933 2 15 2
2934 2 29 2
2935 2 18 2
2936 2 12 2
2937 2 15 2
2938 3 156 3
2939 2 34 2
2940 4 109 4
2941 2 20 2
2942 3 37 3
2943 2 51 2
2944 3 51 3
2945 2 14 2
2946 2 21 2
2947 2 22 2
2948 2 12 2
2949 4 28 4
2950 3 44 3
2951 2 14 2
2952 2 21 2
2953 4 60 4
2954 3 50 3
2955 3 25 3
2956 2 24 2
2957 3 38 3
2958 2 11 2
2959 3 62 3
2960 2 13 2
2961 2 13 2
2962 2 22 2
2963 2 25 2
2964 2 32 2
2965 2 17 2
2966 2 28 2
2967 4 304 4
2968 2 44 2
2969 4 82 4
2970 2 15 2
2971 4 31 4
2972 3 34 3
2973 2 11 2
2974 2 16 2
2975 2 21 2
2976 2 11 2
2977 5 70 5
2978 2 12 2
2979 2 16 2
2980 6 142 5
2981 2 13 2
2982 2 66 2
2983 4 62 4
2984 2 17 2
2985 2 14 2
2986 2 41 2
2987 3 50 3
2988 2 11 2
2989 2 23 2
2990 3 25 3
2991 2 17 2
2992 2 12 2
2993 2 18 2
2994 2 20 2
2995 3 29 3
2996 3 147 3
2997 3 41 3
2998 2 13 2
2999 2 14 2
3000 2 20 2
3001 2 17 2
3002 4 90 4
3003 2 20 2
3004 2 11 2
3005 3 45 3
3006 3 37 3
3007 3 30 3
3008 2 30 2
3009 3 31 3
3010 2 11 2
3011 2 15 2
3012 2 11 2
3013 2 17 2
3014 2 24 2
3015 2 36 2
3016 3 84 3
3017 2 47 2
3018 2 25 2
3019 3 26 3
3020 2 12 2
3021 2 30 2
3022 2 14 2
3023 2 67 2
3024 2 48 2
3025 3 60 3
3026 2 10 2
3027 2 19 2
3028 2 13 2
3029 2 32 2
3030 2 34 2
3031 2 36 2
3032 2 20 2
3033 2 12 2
3034 2 16 2
3035 2 10 2
3036 2 52 2
3037 2 10 2
3038 2 44 2
3039 2 44 2
3040 2 16 2
3041 2 14 2
3042 2 10 2
3043 2 44 2
3044 2 32 2
3045 2 14 2
3046 2 174 2
3047 2 80 2
3048 2 38 2
3049 2 30 2
3050 2 20 2
3051 2 14 2
3052 2 12 2
3053 2 404 2
3054 2 238 2
3055 2 90 2
3056 2 58 2
3057 2 38 2
3058 2 28 2
3059 2 16 2
3060 2 14 2
3061 2 14 2
3062 2 14 2
3063 2 12 2
3064 2 10 2
3065 2 10 2
3066 2 10 2
3067 2 10 2
3068 2 16 2
3069 2 14 2
3070 2 462 2
3071 2 440 2
3072 2 366 2
3073 2 318 2
3074 2 280 2
3075 2 268 2
3076 2 260 2
3077 2 252 2
3078 2 232 2
3079 2 218 2
3080 2 212 2
3081 2 210 2
3082 2 196 2
3083 2 190 2
3084 2 184 2
3085 2 178 2
3086 2 166 2
3087 2 166 2
3088 2 164 2
3089 2 164 2
3090 2 162 2
3091 2 154 2
3092 2 142 2
3093 2 142 2
3094 2 136 2
3095 2 132 2
3096 2 126 2
3097 2 122 2
3098 2 108 2
3099 2 106 2
3100 2 100 2
3101 2 94 2
3102 2 92 2
3103 2 90 2
3104 2 88 2
3105 2 82 2
3106 2 82 2
3107 2 78 2
3108 2 76 2
3109 2 76 2
3110 2 76 2
3111 2 76 2
3112 2 74 2
3113 2 70 2
3114 2 66 2
3115 2 66 2
3116 2 66 2
3117 2 64 2
3118 2 60 2
3119 2 58 2
3120 2 58 2
3121 2 54 2
3122 2 52 2
3123 2 52 2
3124 2 50 2
3125 2 48 2
3126 2 48 2
3127 2 46 2
3128 2 46 2
3129 2 46 2
3130 2 46 2
3131 2 44 2
3132 2 44 2
3133 2 42 2
3134 2 40 2
3135 2 40 2
3136 2 38 2
3137 2 38 2
3138 2 36 2
3139 2 36 2
3140 2 36 2
3141 2 36 2
3142 2 34 2
3143 2 34 2
3144 2 34 2
3145 2 34 2
3146 2 32 2
3147 2 32 2
3148 2 32 2
3149 2 32 2
3150 2 32 2
3151 2 30 2
3152 2 28 2
3153 2 28 2
3154 2 28 2
3155 2 26 2
3156 2 26 2
3157 2 24 2
3158 2 24 2
3159 2 24 2
3160 2 24 2
3161 2 22 2
3162 2 22 2
3163 2 22 2
3164 2 22 2
3165 2 22 2
3166 2 22 2
3167 2 20 2
3168 2 18 2
3169 2 18 2
3170 2 18 2
3171 2 18 2
3172 2 18 2
3173 2 16 2
3174 2 16 2
3175 2 16 2
3176 2 16 2
3177 2 16 2
3178 2 14 2
3179 2 14 2
3180 2 14 2
3181 2 14 2
3182 2 14 2
3183 2 14 2
3184 2 12 2
3185 2 12 2
3186 2 12 2
3187 2 10 2
3188 2 10 2
3189 2 10 2
3190 2 10 2
3191 2 10 2
3192 2 10 2
3193 2 10 2
3194 2 10 2
3195 2 10 2
3196 2 10 2
3197 2 10 2
3198 2 10 2
3199 2 10 2
3200 2 10 2
3201 2 10 2
3202 2 10 2
3203 2 10 2
3204 2 10 2
3205 2 94 2
3206 2 12 2
3207 2 18 2
3208 2 10 2
3209 2 56 2
3210 2 16 2
3211 2 14 2
3212 2 10 2
3213 2 86 2
3214 2 26 2
3215 2 20 2
3216 2 18 2
3217 2 14 2
3218 2 14 2
3219 2 10 2
3220 2 46 2
3221 2 22 2
3222 2 22 2
3223 2 16 2
3224 2 10 2
3225 2 90 2
3226 2 80 2
3227 2 60 2
3228 2 52 2
3229 2 38 2
3230 2 32 2
3231 2 26 2
3232 2 22 2
3233 2 22 2
3234 2 22 2
3235 2 18 2
3236 2 14 2
3237 2 14 2
3238 2 14 2
3239 2 12 2
3240 2 40 2
3241 2 34 2
3242 2 28 2
3243 2 26 2
3244 2 24 2
3245 2 22 2
3246 2 10 2
3247 2 10 2
3248 2 10 2
3249 2 128 2
3250 2 34 2
3251 2 18 2
3252 2 12 2
3253 2 18 2
3254 2 10 2
3255 2 10 2
3256 2 54 2
3257 2 14 2
3258 2 144 2
3259 2 24 2
3260 2 12 2
3261 2 10 2
3262 2 16 2
3263 2 14 2
3264 2 26 2
3265 2 12 2
3266 2 10 2
3267 2 788 2
3268 2 542 2
3269 2 526 2
3270 2 504 2
3271 2 422 2
3272 2 390 2
3273 2 382 2
3274 2 310 2
3275 2 264 2
3276 2 256 2
3277 2 228 2
3278 2 218 2
3279 2 206 2
3280 2 198 2
3281 2 198 2
3282 2 154 2
3283 2 144 2
3284 2 138 2
3285 2 128 2
3286 2 126 2
3287 2 120 2
3288 2 108 2
3289 2 104 2
3290 2 94 2
3291 2 86 2
3292 2 84 2
3293 2 70 2
3294 2 68 2
3295 2 60 2
3296 2 54 2
3297 2 54 2
3298 2 54 2
3299 2 52 2
3300 2 50 2
3301 2 46 2
3302 2 46 2
3303 2 40 2
3304 2 36 2
3305 2 36 2
3306 2 36 2
3307 2 34 2
3308 2 34 2
3309 2 34 2
3310 2 34 2
3311 2 34 2
3312 2 32 2
3313 2 32 2
3314 2 30 2
3315 2 30 2
3316 2 30 2
3317 2 26 2
3318 2 26 2
3319 2 26 2
3320 2 26 2
3321 2 26 2
3322 2 26 2
3323 2 24 2
3324 2 24 2
3325 2 20 2
3326 2 20 2
3327 2 20 2
3328 2 20 2
3329 2 20 2
3330 2 18 2
3331 2 18 2
3332 2 18 2
3333 2 18 2
3334 2 18 2
3335 2 16 2
3336 2 16 2
3337 2 16 2
3338 2 16 2
3339 2 16 2
3340 2 16 2
3341 2 16 2
3342 2 16 2
3343 2 14 2
3344 2 14 2
3345 2 14 2
3346 2 14 2
3347 2 14 2
3348 2 14 2
3349 2 12 2
3350 2 12 2
3351 2 12 2
3352 2 12 2
3353 2 12 2
3354 2 12 2
3355 2 12 2
3356 2 10 2
3357 2 10 2
3358 2 10 2
3359 2 10 2
3360 2 10 2
3361 2 10 2
3362 2 10 2
3363 2 10 2
3364 2 30 2
3365 2 12 2
3366 2 10 2
3367 2 34 2
3368 2 12 2
3369 2 12 2
3370 2 12 2
3371 2 12 2
3372 2 10 2
3373 2 10 2
3374 2 28 2
3375 2 12 2
3376 2 44 2
3377 2 22 2
3378 2 10 2
3379 2 10 2
3380 2 36 2
3381 2 16 2
3382 2 10 2
3383 2 18 2
3384 2 12 2
3385 2 10 2
3386 2 26 2
3387 2 16 2
3388 2 50 2
3389 2 20 2
3390 2 12 2
3391 2 12 2
3392 2 118 2
3393 2 52 2
3394 2 24 2
3395 2 36 2
3396 2 16 2
3397 2 10 2
3398 2 86 2
3399 2 16 2
3400 2 12 2
3401 2 22 2
3402 2 14 2
3403 2 38 2
3404 2 26 2
3405 2 56 2
3406 2 52 2
3407 2 28 2
3408 2 26 2
3409 2 24 2
3410 2 22 2
3411 2 20 2
3412 2 20 2
3413 2 18 2
3414 2 16 2
3415 2 14 2
3416 2 12 2
3417 2 10 2
3418 2 10 2
3419 2 20 2
3420 2 14 2
3421 2 148 2
3422 2 144 2
3423 2 48 2
3424 2 12 2
3425 2 10 2
3426 2 26 2
3427 2 10 2
3428 2 10 2
3429 2 106 2
3430 2 76 2
3431 2 64 2
3432 2 64 2
3433 2 62 2
3434 2 52 2
3435 2 38 2
3436 2 30 2
3437 2 30 2
3438 2 26 2
3439 2 26 2
3440 2 22 2
3441 2 22 2
3442 2 20 2
3443 2 20 2
3444 2 18 2
3445 2 16 2
3446 2 16 2
3447 2 16 2
3448 2 16 2
3449 2 14 2
3450 2 12 2
3451 2 12 2
3452 2 12 2
3453 2 12 2
3454 2 10 2
3455 2 88 2
3456 2 30 2
3457 2 22 2
3458 2 12 2
3459 2 32 2
3460 2 26 2
3461 2 26 2
3462 2 14 2
3463 2 26 2
3464 2 14 2
3465 2 26 2
3466 2 18 2
3467 2 72 2
3468 2 12 2
3469 2 42 2
3470 2 16 2
3471 2 12 2
3472 2 38 2
3473 2 12 2
3474 2 12 2
3475 2 26 2
3476 2 10 2
3477 2 38 2
3478 2 20 2
3479 2 96 2
3480 2 46 2
3481 2 42 2
3482 2 40 2
3483 2 12 2
3484 2 10 2
3485 2 34 2
3486 2 16 2
3487 2 14 2
3488 2 14 2
3489 2 10 2
3490 2 46 2
3491 2 24 2
3492 2 22 2
3493 2 20 2
3494 2 10 2
3495 2 48 2
3496 2 32 2
3497 2 44 2
3498 2 36 2
3499 2 16 2
3500 2 14 2
3501 2 14 2
3502 2 12 2
3503 2 48 2
3504 2 34 2
3505 2 92 2
3506 2 26 2
3507 2 16 2
3508 2 10 2
3509 2 16 2
3510 2 12 2
3511 2 66 2
3512 2 10 2
3513 2 20 2
3514 2 12 2
3515 2 46 2
3516 2 34 2
3517 2 12 2
3518 2 12 2
3519 2 12 2
3520 2 42 2
3521 2 12 2
3522 2 14 2
3523 2 10 2
3524 2 76 2
3525 2 52 2
3526 2 14 2
3527 2 10 2
3528 2 10 2
3529 2 16 2
3530 2 10 2
3531 2 16 2
3532 2 16 2
3533 2 18 2
3534 2 10 2
3535 2 24 2
3536 2 10 2
3537 2 34 2
3538 2 18 2
3539 2 96 2
3540 2 74 2
3541 2 18 2
3542 2 14 2
3543 2 12 2
3544 2 20 2
3545 2 10 2
3546 2 32 2
3547 2 16 2
3548 2 10 2
3549 2 60 2
3550 2 34 2
3551 2 14 2
3552 2 10 2
3553 2 38 2
3554 2 28 2
3555 2 18 2
3556 2 22 2
3557 2 18 2
3558 2 26 2
3559 2 16 2
3560 2 10 2
3561 2 20 2
3562 2 10 2
3563 2 32 2
3564 2 24 2
3565 2 60 2
3566 2 52 2
3567 2 24 2
3568 2 22 2
3569 2 20 2
3570 2 10 2
3571 2 10 2
3572 2 10 2
3573 2 24 2
3574 2 22 2
3575 2 12 2
3576 2 10 2
3577 2 130 2
3578 2 80 2
3579 2 42 2
3580 2 16 2
3581 2 14 2
3582 2 14 2
3583 2 10 2
3584 2 32 2
3585 2 10 2
3586 2 16 2
3587 2 12 2
3588 2 10 2
3589 2 24 2
3590 2 10 2
3591 2 24 2
3592 2 10 2
3593 2 80 2
3594 2 10 2
3595 2 26 2
3596 2 20 2
3597 2 18 2
3598 2 14 2
3599 2 12 2
3600 2 20 2
3601 2 18 2
3602 2 94 2
3603 2 38 2
3604 2 26 2
3605 2 12 2
3606 2 18 2
3607 2 18 2
3608 2 12 2
3609 2 10 2
3610 2 32 2
3611 2 14 2
3612 2 48 2
3613 2 20 2
3614 2 10 2
3615 2 108 2
3616 2 82 2
3617 2 18 2
3618 2 10 2
3619 2 18 2
3620 2 14 2
3621 2 44 2
3622 2 26 2
3623 2 10 2
3624 2 96 2
3625 2 68 2
3626 2 18 2
3627 2 14 2
3628 2 10 2
3629 2 10 2
3630 2 16 2
3631 2 10 2
3632 2 18 2
3633 2 18 2
3634 2 230 2
3635 2 74 2
3636 2 42 2
3637 2 32 2
3638 2 26 2
3639 2 26 2
3640 2 12 2
3641 2 40 2
3642 2 18 2
3643 2 16 2
3644 2 10 2
3645 2 28 2
3646 2 12 2
3647 2 10 2
3648 2 82 2
3649 2 16 2
3650 2 12 2
3651 2 12 2
3652 2 58 2
3653 2 36 2
3654 2 30 2
3655 2 30 2
3656 2 12 2
3657 2 10 2
3658 2 34 2
3659 2 30 2
3660 2 10 2
3661 2 10 2
3662 2 10 2
3663 2 20 2
3664 2 16 2
3665 2 208 2
3666 2 34 2
3667 2 24 2
3668 2 22 2
3669 2 16 2
3670 2 14 2
3671 2 10 2
3672 2 32 2
3673 2 12 2
3674 2 28 2
3675 2 10 2
3676 2 32 2
3677 2 18 2
3678 2 22 2
3679 2 14 2
3680 2 40 2
3681 2 26 2
3682 2 102 2
3683 2 28 2
3684 2 124 2
3685 2 122 2
3686 2 30 2
3687 2 24 2
3688 2 18 2
3689 2 12 2
3690 2 90 2
3691 2 40 2
3692 2 12 2
3693 2 12 2
3694 2 36 2
3695 2 10 2
3696 2 44 2
3697 2 18 2
3698 2 28 2
3699 2 20 2
3700 2 20 2
3701 2 12 2
3702 2 12 2
3703 2 10 2
3704 2 54 2
3705 2 42 2
3706 2 12 2
3707 2 60 2
3708 2 12 2
3709 2 10 2
3710 2 10 2
3711 2 44 2
3712 2 36 2
3713 2 16 2
3714 2 26 2
3715 2 14 2
3716 2 96 2
3717 2 28 2
3718 2 10 2
3719 2 42 2
3720 2 26 2
3721 2 18 2
3722 2 10 2
3723 2 42 2
3724 2 26 2
3725 2 20 2
3726 2 16 2
3727 2 14 2
3728 2 180 2
3729 2 30 2
3730 2 14 2
3731 2 10 2
3732 2 28 2
3733 2 12 2
3734 2 16 2
3735 2 12 2
3736 2 46 2
3737 2 28 2
3738 2 14 2
3739 2 16 2
3740 2 12 2
3741 2 24 2
3742 2 10 2
3743 2 28 2
3744 2 10 2
3745 2 14 2
3746 2 14 2
3747 2 12 2
3748 2 10 2
3749 2 10 2
3750 2 32 2
3751 2 10 2
3752 2 34 2
3753 2 12 2
3754 2 10 2
3755 2 10 2
3756 2 48 2
3757 2 14 2
3758 2 18 2
3759 2 14 2
3760 2 390 2
3761 2 228 2
3762 2 94 2
3763 2 22 2
3764 2 20 2
3765 2 20 2
3766 2 18 2
3767 2 12 2
3768 2 18 2
3769 2 16 2
3770 2 20 2
3771 2 16 2
3772 2 12 2
3773 2 12 2
3774 2 22 2
3775 2 10 2
3776 2 14 2
3777 2 12 2
3778 2 18 2
3779 2 10 2
3780 2 186 2
3781 2 140 2
3782 2 112 2
3783 2 78 2
3784 2 50 2
3785 2 40 2
3786 2 20 2
3787 2 18 2
3788 2 16 2
3789 2 14 2
3790 2 14 2
3791 2 14 2
3792 2 12 2
3793 2 10 2
3794 2 54 2
3795 2 18 2
3796 2 34 2
3797 2 22 2
3798 2 10 2
3799 2 30 2
3800 2 16 2
3801 2 14 2
3802 2 12 2
3803 2 18 2
3804 2 10 2
3805 2 16 2
3806 2 10 2
3807 2 16 2
3808 2 14 2
3809 2 12 2
3810 2 10 2
3811 2 14 2
3812 2 12 2
3813 2 20 2
3814 2 16 2
3815 2 12 2
3816 2 38 2
3817 2 16 2
3818 2 30 2
3819 2 14 2
3820 2 30 2
3821 2 20 2
3822 2 16 2
3823 2 16 2
3824 2 22 2
3825 2 10 2
3826 2 36 2
3827 2 26 2
3828 2 24 2
3829 2 12 2
3830 2 24 2
3831 2 12 2
3832 2 72 2
3833 2 36 2
3834 2 14 2
3835 2 12 2
3836 2 16 2
3837 2 12 2
3838 2 16 2
3839 2 14 2
3840 2 18 2
3841 2 16 2
3842 2 22 2
3843 2 10 2
3844 2 20 2
3845 2 10 2
3846 2 36 2
3847 2 10 2
3848 2 66 2
3849 2 12 2
3850 2 26 2
3851 2 18 2
3852 2 16 2
3853 2 12 2
3854 2 12 2
3855 2 22 2
3856 2 14 2
3857 2 12 2
3858 2 10 2
3859 2 164 2
3860 2 58 2
3861 2 10 2
3862 2 10 2
3863 2 54 2
3864 2 12 2
3865 2 192 2
3866 2 98 2
3867 2 68 2
3868 2 50 2
3869 2 26 2
3870 2 22 2
3871 2 16 2
3872 2 14 2
3873 2 12 2
3874 2 14 2
3875 2 12 2
3876 2 14 2
3877 2 12 2
3878 2 360 2
3879 2 358 2
3880 2 340 2
3881 2 304 2
3882 2 206 2
3883 2 182 2
3884 2 176 2
3885 2 176 2
3886 2 122 2
3887 2 104 2
3888 2 82 2
3889 2 74 2
3890 2 64 2
3891 2 54 2
3892 2 50 2
3893 2 50 2
3894 2 44 2
3895 2 38 2
3896 2 34 2
3897 2 34 2
3898 2 30 2
3899 2 26 2
3900 2 24 2
3901 2 24 2
3902 2 24 2
3903 2 22 2
3904 2 22 2
3905 2 20 2
3906 2 16 2
3907 2 14 2
3908 2 14 2
3909 2 12 2
3910 2 12 2
3911 2 10 2
3912 2 10 2
3913 2 10 2
3914 2 10 2
3915 2 10 2
3916 2 88 2
3917 2 56 2
3918 2 20 2
3919 2 30 2
3920 2 20 2
3921 2 22 2
3922 2 20 2
3923 2 62 2
3924 2 22 2
3925 2 18 2
3926 2 10 2
3927 2 32 2
3928 2 12 2
3929 2 10 2
3930 2 32 2
3931 2 22 2
3932 2 22 2
3933 2 102 2
3934 2 26 2
3935 2 18 2
3936 2 10 2
3937 2 10 2
3938 2 14 2
3939 2 10 2
3940 2 26 2
3941 2 20 2
3942 2 18 2
3943 2 20 2
3944 2 18 2
3945 2 42 2
3946 2 14 2
3947 2 26 2
3948 2 16 2
3949 2 40 2
3950 2 24 2
3951 2 166 2
3952 2 12 2
3953 2 20 2
3954 2 14 2
3955 2 88 2
3956 2 10 2
3957 2 22 2
3958 2 14 2
3959 2 20 2
3960 2 12 2
3961 2 90 2
3962 2 16 2
3963 2 14 2
3964 2 62 2
3965 2 24 2
3966 2 14 2
3967 2 96 2
3968 2 20 2
3969 2 66 2
3970 2 46 2
3971 2 12 2
3972 2 10 2
3973 2 24 2
3974 2 22 2
3975 2 20 2
3976 2 20 2
3977 2 10 2
3978 2 32 2
3979 2 14 2
3980 2 72 2
3981 2 16 2
3982 2 14 2
3983 2 160 2
3984 2 90 2
3985 2 38 2
3986 2 30 2
3987 2 28 2
3988 2 24 2
3989 2 24 2
3990 2 18 2
3991 2 16 2
3992 2 14 2
3993 2 12 2
3994 2 10 2
3995 2 40 2
3996 2 38 2
3997 2 34 2
3998 2 16 2
3999 2 16 2
4000 2 12 2
4001 2 10 2
4002 2 26 2
4003 2 20 2
4004 2 212 2
4005 2 60 2
4006 2 40 2
4007 2 34 2
4008 2 30 2
4009 2 18 2
4010 2 12 2
4011 2 34 2
4012 2 24 2
4013 2 20 2
4014 2 100 2
4015 2 86 2
4016 2 36 2
4017 2 20 2
4018 2 10 2
4019 2 10 2
4020 2 38 2
4021 2 36 2
4022 2 18 2
4023 2 14 2
4024 2 28 2
4025 2 12 2
4026 2 10 2
4027 2 10 2
4028 2 12 2
4029 2 12 2
4030 2 10 2
4031 2 88 2
4032 2 22 2
4033 2 32 2
4034 2 12 2
4035 2 54 2
4036 2 36 2
4037 2 12 2
4038 2 18 2
4039 2 14 2
4040 2 156 2
4041 2 18 2
4042 2 32 2
4043 2 10 2
4044 2 16 2
4045 2 12 2
4046 2 10 2
4047 2 26 2
4048 2 18 2
4049 2 24 2
4050 2 12 2
4051 2 44 2
4052 2 14 2
4053 2 40 2
4054 2 28 2
4055 2 14 2
4056 2 14 2
4057 2 12 2
4058 2 10 2
4059 2 20 2
4060 2 10 2
4061 2 74 2
4062 2 22 2
4063 2 296 2
4064 2 34 2
4065 2 24 2
4066 2 16 2
4067 2 10 2
4068 2 10 2
4069 2 10 2
4070 2 30 2
4071 2 16 2
4072 2 12 2
4073 2 28 2
4074 2 14 2
4075 2 68 2
4076 2 16 2
4077 2 14 2
4078 2 26 2
4079 2 12 2
4080 2 10 2
4081 2 12 2
4082 2 10 2
4083 2 32 2
4084 2 24 2
4085 2 10 2
4086 2 10 2
4087 2 14 2
4088 2 12 2
4089 2 50 2
4090 2 10 2
4091 2 24 2
4092 2 16 2
4093 2 14 2
4094 2 14 2
4095 2 10 2
4096 2 28 2
4097 2 18 2
4098 2 14 2
4099 2 22 2
4100 2 18 2
4101 2 16 2
4102 2 40 2
4103 2 16 2
4104 2 12 2
4105 2 10 2
4106 2 62 2
4107 2 12 2
4108 2 20 2
4109 2 16 2
4110 2 18 2
4111 2 14 2
4112 2 130 2
4113 2 60 2
4114 2 16 2
4115 2 12 2
4116 2 12 2
4117 2 22 2
4118 2 10 2
4119 2 18 2
4120 2 16 2
4121 2 20 2
4122 2 14 2
4123 2 84 2
4124 2 56 2
4125 2 10 2
4126 2 104 2
4127 2 18 2
4128 2 12 2
4129 2 10 2
4130 2 28 2
4131 2 16 2
4132 2 82 2
4133 2 20 2
4134 2 54 2
4135 2 34 2
4136 2 12 2
4137 2 10 2
4138 2 28 2
4139 2 14 2
4140 2 10 2
4141 2 10 2
4142 2 20 2
4143 2 12 2
4144 2 22 2
4145 2 14 2
4146 2 20 2
4147 2 10 2
4148 2 18 2
4149 2 10 2
4150 2 116 2
4151 2 104 2
4152 2 40 2
4153 2 32 2
4154 2 24 2
4155 2 10 2
4156 2 34 2
4157 2 18 2
4158 2 10 2
4159 2 38 2
4160 2 28 2
4161 2 28 2
4162 2 12 2
4163 2 28 2
4164 2 10 2
4165 2 18 2
4166 2 14 2
4167 2 24 2
4168 2 16 2
4169 2 12 2
4170 2 112 2
4171 2 78 2
4172 2 32 2
4173 2 18 2
4174 2 18 2
4175 2 12 2
4176 2 16 2
4177 2 10 2
4178 2 478 2
4179 2 132 2
4180 2 120 2
4181 2 106 2
4182 2 102 2
4183 2 78 2
4184 2 74 2
4185 2 68 2
4186 2 38 2
4187 2 38 2
4188 2 36 2
4189 2 36 2
4190 2 36 2
4191 2 34 2
4192 2 28 2
4193 2 26 2
4194 2 26 2
4195 2 20 2
4196 2 20 2
4197 2 16 2
4198 2 14 2
4199 2 14 2
4200 2 10 2
4201 2 12 2
4202 2 10 2
4203 2 72 2
4204 2 38 2
4205 2 20 2
4206 2 14 2
4207 2 10 2
4208 2 10 2
4209 2 10 2
4210 2 10 2
4211 2 10 2
4212 2 10 2
4213 2 14 2
4214 2 10 2
4215 2 20 2
4216 2 12 2
4217 2 12 2
4218 2 12 2
4219 2 120 2
4220 2 52 2
4221 2 46 2
4222 2 26 2
4223 2 22 2
4224 2 14 2
4225 2 10 2
4226 2 10 2
4227 2 14 2
4228 2 10 2
4229 2 34 2
4230 2 18 2
4231 2 12 2
4232 2 212 2
4233 2 16 2
4234 2 34 2
4235 2 14 2
4236 2 82 2
4237 2 46 2
4238 2 34 2
4239 2 10 2
4240 2 16 2
4241 2 10 2
4242 2 22 2
4243 2 12 2
4244 2 10 2
4245 2 26 2
4246 2 18 2
4247 2 448 2
4248 2 48 2
4249 2 14 2
4250 2 28 2
4251 2 24 2
4252 2 46 2
4253 2 16 2
4254 2 14 2
4255 2 10 2
4256 2 54 2
4257 2 22 2
4258 2 14 2
4259 2 10 2
4260 2 10 2
4261 2 66 2
4262 2 38 2
4263 2 18 2
4264 2 12 2
4265 2 14 2
4266 2 10 2
4267 2 24 2
4268 2 22 2
4269 2 16 2
4270 2 10 2
4271 2 46 2
4272 2 22 2
4273 2 10 2
4274 2 12 2
4275 2 10 2
4276 2 28 2
4277 2 18 2
4278 2 16 2
4279 2 70 2
4280 2 24 2
4281 2 20 2
4282 2 12 2
4283 2 10 2
4284 2 10 2
4285 2 16 2
4286 2 14 2
4287 2 26 2
4288 2 22 2
4289 2 14 2
4290 2 10 2
4291 2 34 2
4292 2 26 2
4293 2 24 2
4294 2 20 2