315 3 34 3
26 2 13 2
1874 2 31 2
31 5 64 5
2727 3 45 3
1272 7 184 6
42 15 483 7
792 2 15 2
1038 135 4973 38
360 2 53 2
5 2 14 2
14 4 48 4
28 4 75 4
410 3 19 3
703 5 58 5
704 15 258 10
238 9 102 6
705 2 81 2
706 2 15 2
24 3 19 3
2 2 34 2
413 4 95 4
249 2 15 2
420 3 24 3
383 97 4257 29
432 3 26 3
334 2 23 2
433 5 28 5
337 2 20 2
1 4 43 4
2738 3 31 3
58 3 20 3
51 2 21 2
109 4 47 4
40 3 97 3
90 3 31 3
45 3 57 3
39 2 18 2
18 2 32 2
111 14 164 9
78 2 17 2
119 5 181 5
121 3 23 3
61 26 406 11
15 4 76 4
91 2 29 2
93 2 20 2
94 2 20 2
8 2 22 2
95 2 42 2
79 3 35 3
100 3 31 3
101 2 18 2
12 2 29 2
69 4 112 4
16 2 11 2
54 5 44 5
103 5 61 5
104 2 40 2
59 4 55 4
80 2 13 2
65 2 41 2
71 2 59 2
105 2 13 2
106 2 14 2
49 2 38 2
7 2 16 2
17 3 46 3
81 2 12 2
107 2 27 2
4 2 12 2
60 5 81 5
108 2 13 2
72 2 16 2
3 2 14 2
86 2 17 2
37 2 26 2
22 5 107 5
82 2 15 2
110 3 29 3
77 4 59 4
116 3 42 3
75 2 20 2
13 3 26 3
21 2 15 2
120 2 28 2
52 6 94 5
55 2 10 2
68 4 34 4
92 5 141 5
62 2 12 2
57 2 21 2
98 3 19 3
10 2 17 2
99 2 17 2
74 2 45 2
102 2 23 2
70 3 22 3
50 2 19 2
85 4 85 4
112 2 18 2
66 2 11 2
113 2 23 2
64 3 39 3
114 2 95 2
35 2 14 2
115 2 16 2
87 3 40 3
117 6 108 5
118 2 13 2
96 2 18 2
97 7 221 6
73 4 42 4
425 3 25 3
3388 4 61 4
1529 6 88 5
566 3 37 3
30 2 10 2
1127 2 18 2
233 4 144 4
434 3 20 3
435 2 22 2
56 2 19 2
436 2 25 2
43 2 18 2
437 2 33 2
67 2 65 2
421 4 150 4
571 2 15 2
643 2 65 2
997 2 12 2
244 2 23 2
3390 2 31 2
496 6 51 5
1823 3 54 3
2196 4 46 4
161 3 48 3
162 2 20 2
163 3 67 3
164 2 34 2
11 2 14 2
169 5 59 5
170 4 117 4
20 2 20 2
125 2 14 2
129 3 44 3
173 2 14 2
174 2 17 2
124 2 19 2
175 5 30 5
141 2 21 2
32 2 23 2
143 2 10 2
88 2 31 2
145 2 16 2
89 8 402 7
33 2 17 2
147 2 18 2
148 2 12 2
149 2 16 2
84 2 13 2
23 2 14 2
6 14 362 8
150 2 36 2
151 3 33 3
48 2 23 2
152 2 13 2
128 2 14 2
131 2 13 2
153 4 26 4
154 2 13 2
155 3 24 3
156 2 27 2
83 2 22 2
157 2 25 2
76 2 16 2
158 2 16 2
159 4 49 4
160 2 18 2
25 2 54 2
165 2 13 2
166 2 14 2
167 2 15 2
168 2 17 2
136 2 16 2
127 2 15 2
123 2 23 2
171 2 39 2
172 5 42 5
130 2 18 2
138 2 11 2
133 4 121 4
139 2 33 2
140 9 249 7
142 2 13 2
134 2 13 2
144 38 1581 18
41 3 82 3
146 2 25 2
126 2 21 2
135 2 42 2
406 2 14 2
461 3 27 3
378 3 38 3
336 2 64 2
567 3 19 3
979 2 12 2
2199 3 32 3
1317 2 19 2
1533 2 28 2
1532 2 21 2
2200 2 32 2
2201 2 89 2
246 2 17 2
2202 2 49 2
968 2 18 2
559 2 16 2
330 3 60 3
231 3 50 3
502 2 58 2
501 4 67 4
1133 5 48 5
1134 2 23 2
1135 3 51 3
2206 10 221 8
2207 2 11 2
438 7 83 6
395 2 23 2
439 7 203 6
359 3 39 3
347 3 111 3
284 3 20 3
422 4 53 4
177 2 20 2
1534 2 10 2
823 3 17 3
447 2 55 2
2214 2 22 2
2215 3 51 3
2216 2 16 2
3408 2 87 2
3409 2 21 2
314 3 19 3
254 2 22 2
27 2 18 2
1141 2 29 2
1142 2 34 2
680 2 14 2
1143 2 11 2
3410 2 15 2
1539 2 48 2
1540 2 165 2
1798 5 35 5
3414 3 29 3
3415 2 21 2
3416 3 49 3
236 3 24 3
2222 2 11 2
190 4 38 4
764 2 13 2
1144 2 30 2
1145 3 27 3
699 2 12 2
591 3 30 3
3423 3 28 3
1276 4 39 4
232 2 37 2
243 2 18 2
1146 2 16 2
1147 3 103 3
2226 2 12 2
2227 2 16 2
1547 2 17 2
1548 2 17 2
186 3 75 3
1318 4 72 4
3432 2 22 2
2228 2 51 2
3435 4 55 4
1813 2 21 2
876 2 10 2
877 2 16 2
878 2 18 2
879 2 15 2
880 2 14 2
524 6 163 5
1828 3 31 3
519 4 53 4
468 2 19 2
287 2 16 2
996 3 26 3
767 3 111 3
3449 3 24 3
372 2 13 2
2232 23 775 14
460 2 11 2
3451 3 65 3
3450 2 12 2
3453 3 15 3
1829 2 10 2
2238 2 12 2
47 4 28 4
1001 8 150 6
813 2 12 2
1556 3 32 3
1557 2 114 2
440 2 24 2
180 4 86 4
2623 2 13 2
2624 3 22 3
563 2 22 2
935 3 255 3
936 2 26 2
1799 4 43 4
750 5 55 5
751 4 67 4
498 2 12 2
752 4 36 4
753 3 39 3
754 2 11 2
749 3 31 3
442 6 73 5
772 2 15 2
557 2 24 2
2628 2 12 2
1023 11 98 7
1737 2 11 2
470 4 157 4
1738 2 11 2
942 3 288 3
572 2 35 2
939 6 203 6
940 2 15 2
941 2 37 2
797 2 15 2
526 2 42 2
294 2 15 2
574 2 24 2
531 3 139 3
762 5 36 5
1801 2 28 2
953 7 63 6
4140 3 38 3
4141 3 98 3
464 2 13 2
617 2 24 2
975 18 434 13
616 2 23 2
1254 2 46 2
4142 3 156 3
4143 4 57 4
4144 2 13 2
350 3 23 3
943 2 76 2
944 4 74 4
2630 4 203 4
1739 2 23 2
1740 2 12 2
1741 2 18 2
382 3 28 3
2631 2 14 2
2632 4 55 4
4145 2 21 2
2633 6 187 6
1344 2 104 2
1227 2 11 2
799 3 30 3
1742 3 42 3
4146 2 14 2
2634 6 380 6
2635 2 14 2
2636 5 194 5
4148 2 10 2
4149 3 50 3
1228 3 40 3
1229 2 16 2
832 2 23 2
1230 2 22 2
46 3 31 3
4155 5 194 5
4156 5 56 5
1265 2 28 2
4157 3 23 3
653 2 19 2
654 2 10 2
569 2 11 2
255 3 30 3
650 2 18 2
651 2 11 2
652 4 130 4
1267 2 49 2
290 2 13 2
1811 2 23 2
4160 2 48 2
181 4 161 4
291 3 125 3
4163 2 24 2
451 2 20 2
452 6 222 5
176 2 32 2
453 2 19 2
454 4 50 4
455 3 26 3
456 2 22 2
414 2 18 2
457 2 29 2
458 4 40 4
459 5 72 5
2643 4 66 4
961 2 25 2
4164 5 284 5
620 2 22 2
184 3 22 3
1857 2 14 2
2646 3 108 3
2647 2 10 2
4171 2 30 2
1745 2 14 2
4174 2 16 2
4179 2 12 2
4180 2 20 2
4181 4 27 4
4182 2 12 2
38 3 28 3
389 2 20 2
338 2 34 2
443 2 14 2
4189 2 14 2
973 6 59 5
1747 8 496 6
1746 2 39 2
1858 4 34 4
239 2 20 2
655 2 22 2
259 4 60 4
4190 4 133 4
4191 2 50 2
269 2 19 2
253 2 267 2
29 3 257 3
271 3 65 3
272 4 187 4
273 2 43 2
274 3 22 3
275 5 108 5
276 3 18 3
277 2 17 2
257 2 14 2
278 2 13 2
279 2 13 2
261 3 82 3
262 2 35 2
240 2 17 2
263 2 22 2
264 3 30 3
265 2 104 2
266 2 12 2
267 2 12 2
268 2 16 2
258 84 2567 30
137 2 38 2
270 4 55 4
601 2 70 2
1273 2 13 2
2653 2 23 2
513 2 21 2
2880 3 23 3
1960 5 339 5
283 2 15 2
1961 4 81 4
19 3 36 3
1964 3 33 3
1965 2 32 2
1963 3 92 3
2885 3 51 3
1796 2 26 2
612 2 59 2
485 3 24 3
2887 2 16 2
2888 2 15 2
780 5 54 5
2892 2 17 2
2896 2 13 2
2897 3 51 3
781 7 223 6
298 2 10 2
462 4 113 4
2900 2 32 2
1391 2 29 2
1062 2 19 2
178 11 166 6
2901 4 29 4
2902 2 17 2
539 2 22 2
540 2 23 2
419 2 10 2
537 2 14 2
245 5 76 5
538 2 70 2
230 3 16 3
2903 2 58 2
53 4 50 4
707 2 20 2
708 3 209 3
709 2 25 2
495 3 19 3
710 6 59 5
711 2 20 2
326 2 29 2
1967 2 101 2
1966 2 25 2
1968 2 16 2
1969 3 17 3
1392 2 25 2
962 4 62 4
1970 2 10 2
528 2 15 2
2904 2 17 2
2905 3 28 3
386 3 35 3
2906 7 249 6
1971 3 23 3
552 2 10 2
1972 2 13 2
1973 3 110 3
2907 6 355 5
2908 4 27 4
2909 2 34 2
2910 2 52 2
2911 2 12 2
2914 2 14 2
2915 6 95 5
9 2 33 2
1067 3 24 3
1979 7 565 5
613 3 90 3
2917 3 38 3
1980 2 11 2
1981 4 53 4
331 3 42 3
1394 2 27 2
1395 2 25 2
2918 3 24 3
2919 2 12 2
2927 2 10 2
348 4 69 4
1985 2 15 2
1986 2 13 2
358 2 12 2
1987 2 19 2
1396 2 99 2
1397 4 174 4
1398 2 22 2
2928 2 15 2
2929 4 129 4
761 2 17 2
2935 2 42 2
2936 2 53 2
2937 2 94 2
2938 2 13 2
2939 3 37 3
1993 3 62 3
1994 5 49 5
1399 3 35 3
1400 3 233 3
1802 2 11 2
2941 3 33 3
672 2 24 2
1403 2 22 2
1404 2 31 2
2950 2 13 2
2952 2 43 2
2951 2 11 2
2953 2 19 2
686 2 31 2
848 3 57 3
849 2 15 2
517 2 18 2
981 3 41 3
1407 4 59 4
2956 6 262 6
340 4 73 4
417 3 52 3
2000 2 12 2
1289 4 32 4
688 3 26 3
366 2 66 2
367 2 23 2
368 2 17 2
369 3 63 3
361 2 32 2
362 2 14 2
363 6 98 5
328 2 20 2
364 4 82 4
365 2 13 2
310 4 42 4
351 2 28 2
352 3 20 3
2966 2 16 2
2001 3 34 3
2967 3 29 3
2002 2 18 2
2003 6 90 5
2004 3 47 3
2970 2 22 2
3329 3 22 3
1507 2 21 2
1508 3 19 3
816 2 12 2
480 5 145 5
640 2 11 2
641 2 24 2
642 3 26 3
3333 2 118 2
3334 2 27 2
1312 2 15 2
2165 2 127 2
3337 2 10 2
1509 2 12 2
995 4 87 4
3338 2 12 2
2166 2 99 2
2167 2 15 2
3347 2 14 2
2173 3 119 3
3348 5 53 5
416 3 277 3
1514 2 29 2
1515 2 20 2
1513 3 201 3
1119 2 104 2
282 2 15 2
1120 2 17 2
817 2 19 2
779 2 37 2
377 4 113 4
1516 2 27 2
3354 6 128 5
1313 2 22 2
818 2 18 2
491 2 169 2
2176 2 76 2
2177 2 18 2
1314 4 134 4
864 3 49 3
522 4 58 4
865 2 37 2
866 2 14 2
867 2 22 2
3371 2 10 2
3372 2 66 2
3373 3 66 3
1121 4 59 4
810 3 43 3
1517 2 24 2
1518 4 23 4
1519 2 19 2
658 2 13 2
678 3 25 3
2178 3 17 3
179 2 18 2
868 44 1166 23
122 2 16 2
3381 2 13 2
514 4 49 4
1822 2 31 2
2188 2 15 2
2189 2 21 2
1126 2 25 2
819 8 219 6
1125 3 20 3
607 2 18 2
394 2 17 2
728 3 45 3
729 2 21 2
730 2 196 2
2190 2 22 2
2191 3 68 3
3382 2 18 2
3383 2 30 2
3384 2 36 2
481 2 17 2
482 5 50 5
411 2 22 2
431 2 20 2
483 2 23 2
256 2 14 2
227 2 13 2
388 3 22 3
1523 14 158 8
1524 2 18 2
1525 2 29 2
3385 2 12 2
1315 2 31 2
679 2 33 2
1526 2 19 2
1527 2 32 2
1528 2 32 2
598 2 24 2
3386 10 188 8
696 4 125 4
3387 3 31 3
793 2 18 2
2192 2 12 2
1316 2 17 2
1530 2 120 2
1531 2 42 2
3389 2 15 2
608 5 167 5
697 2 23 2
869 2 62 2
676 3 20 3
2193 2 16 2
2194 2 10 2
2195 3 44 3
871 4 39 4
872 2 16 2
698 2 24 2
873 3 48 3
870 2 13 2
412 2 20 2
820 2 18 2
1128 2 12 2
2197 3 155 3
3391 2 16 2
821 2 32 2
3392 2 15 2
2198 2 13 2
1130 4 77 4
807 2 51 2
1129 3 94 3
1131 2 20 2
1132 2 18 2
3393 2 47 2
2203 2 16 2
3394 2 71 2
3395 2 47 2
427 2 49 2
3396 2 28 2
556 2 22 2
2204 2 18 2
2205 2 13 2
3397 2 67 2
3398 3 217 3
3399 2 15 2
822 2 43 2
380 2 46 2
1824 7 235 7
3402 2 38 2
3403 2 27 2
1535 2 26 2
1536 4 31 4
2208 3 17 3
2209 4 23 4
3404 2 32 2
3405 3 35 3
874 2 11 2
875 3 43 3
1646 2 44 2
1645 3 78 3
497 2 22 2
2386 2 15 2
3740 5 38 5
1016 2 18 2
1017 3 284 3
3742 2 10 2
1647 6 257 6
1180 2 50 2
1181 3 25 3
1179 3 78 3
1648 2 15 2
3744 2 15 2
784 2 17 2
1182 3 102 3
2393 2 21 2
226 2 42 2
1326 2 22 2
3761 2 37 2
189 2 22 2
1841 2 57 2
3762 3 61 3
3763 2 21 2
3764 2 31 2
1652 3 20 3
1653 2 12 2
587 2 21 2
441 2 29 2
3769 2 23 2
2404 2 18 2
2405 2 16 2
3771 2 35 2
286 3 119 3
659 3 49 3
896 4 133 4
644 2 11 2
573 2 17 2
645 2 19 2
646 2 42 2
647 2 18 2
648 3 29 3
649 3 213 3
63 2 19 2
1655 2 16 2
1656 2 28 2
1018 2 10 2
3779 5 112 5
3780 2 21 2
1657 2 33 2
1658 2 16 2
1659 2 23 2
1660 3 46 3
1661 3 38 3
3781 3 17 3
1815 2 11 2
3783 3 27 3
2406 4 160 4
2407 2 40 2
1664 2 12 2
1662 2 37 2
1663 2 26 2
1269 2 42 2
2408 2 20 2
2409 2 35 2
1183 2 20 2
1184 3 46 3
1185 2 15 2
1186 2 13 2
2410 2 27 2
3784 2 77 2
3785 2 17 2
3786 2 36 2
2411 3 27 3
987 4 182 4
3787 2 21 2
3788 2 16 2
3789 2 26 2
2412 2 16 2
2413 2 14 2
3790 3 81 3
203 2 24 2
185 4 70 4
191 2 24 2
204 2 103 2
187 2 15 2
205 2 23 2
206 2 21 2
188 3 20 3
207 4 72 4
34 3 51 3
208 2 59 2
209 2 57 2
210 2 10 2
211 2 13 2
212 3 41 3
213 2 12 2
214 3 19 3
215 2 24 2
216 2 16 2
217 6 404 6
36 2 26 2
218 2 62 2
219 3 33 3
220 2 13 2
221 3 58 3
222 2 66 2
223 2 17 2
224 2 15 2
225 2 57 2
183 2 13 2
192 2 69 2
193 2 12 2
194 2 25 2
195 2 13 2
196 2 21 2
197 2 12 2
198 2 20 2
199 2 23 2
200 3 16 3
201 3 48 3
202 2 17 2
1335 2 11 2
3791 3 70 3
1665 2 132 2
1666 2 12 2
1667 2 14 2
1843 2 12 2
3792 2 20 2
3793 2 78 2
2414 2 27 2
2415 2 27 2
687 2 39 2
1187 2 14 2
1019 3 27 3
2416 3 31 3
986 2 16 2
2417 4 69 4
2418 2 29 2
2419 2 22 2
2420 4 138 4
2421 3 30 3
2422 3 23 3
3794 4 111 4
3795 3 26 3
3796 2 24 2
2423 2 39 2
2424 2 107 2
3797 2 30 2
484 4 45 4
3798 2 16 2
702 3 30 3
381 2 34 2
1188 2 23 2
345 2 15 2
3799 2 24 2
2425 2 51 2
2426 2 19 2
2427 2 56 2
731 2 82 2
732 4 83 4
733 2 10 2
478 2 35 2
475 2 14 2
446 2 17 2
734 2 12 2
1668 2 30 2
1669 2 51 2
1670 2 13 2
1671 3 24 3
3800 2 14 2
3801 2 15 2
471 2 15 2
575 2 54 2
576 2 15 2
577 2 14 2
429 2 17 2
555 2 17 2
3802 2 17 2
3803 2 34 2
3804 3 29 3
3805 2 13 2
1189 2 43 2
3806 2 37 2
2428 2 12 2
2429 3 99 3
972 2 18 2
1721 3 44 3
1320 2 12 2
2576 2 37 2
4078 2 103 2
2577 2 23 2
407 2 15 2
926 2 11 2
927 2 14 2
4079 2 20 2
4080 3 58 3
4081 2 22 2
4082 3 103 3
4083 3 33 3
4090 2 44 2
2582 4 97 4
1854 4 36 4
288 2 20 2
44 3 20 3
465 2 12 2
2584 2 34 2
739 2 18 2
740 3 59 3
741 2 44 2
742 3 23 3
2590 2 13 2
4100 2 19 2
4101 2 25 2
4102 3 34 3
4103 2 21 2
339 3 142 3
683 2 18 2
928 2 11 2
929 3 27 3
445 2 11 2
599 4 47 4
977 2 21 2
1856 2 11 2
4104 2 51 2
930 4 106 4
523 2 13 2
931 2 14 2
932 2 28 2
2600 2 19 2
748 2 14 2
743 3 25 3
744 2 24 2
745 2 27 2
746 2 15 2
747 3 32 3
2601 2 23 2
2602 3 60 3
2603 2 14 2
2604 2 19 2
2606 2 11 2
2605 4 23 4
1259 2 13 2
1022 2 35 2
1724 3 58 3
992 3 48 3
2608 2 12 2
2607 2 36 2
4114 3 23 3
4113 3 29 3
2611 4 74 4
2610 2 29 2
2609 3 52 3
4115 2 39 2
1024 2 12 2
4117 2 36 2
4116 2 10 2
4119 3 36 3
4118 2 25 2
132 2 14 2
592 2 28 2
4120 2 15 2
1727 2 10 2
1726 2 19 2
1725 2 14 2
4122 3 26 3
4121 2 15 2
1834 3 20 3
1728 2 33 2
798 2 20 2
4123 2 23 2
281 2 15 2
4124 2 16 2
4125 2 26 2
4126 3 41 3
2612 8 168 7
967 2 32 2
2613 2 22 2
1225 2 21 2
1224 2 29 2
1223 2 21 2
1226 2 14 2
789 3 44 3
685 2 24 2
2614 2 51 2
4127 2 13 2
2616 2 77 2
2615 3 51 3
4128 2 13 2
568 2 13 2
4129 3 44 3
4130 2 46 2
228 3 30 3
4131 3 38 3
1025 2 15 2
4132 2 33 2
2618 2 15 2
2617 3 40 3
4133 3 20 3
4134 2 15 2
2619 3 73 3
2620 5 769 5
1729 2 24 2
934 2 13 2
933 4 237 4
1731 2 17 2
1730 2 13 2
2622 2 17 2
2621 5 107 5
4135 2 52 2
1732 2 13 2
4136 3 38 3
487 2 26 2
4137 2 78 2
2627 2 12 2
2626 2 40 2
2625 2 18 2
4138 2 13 2
1321 2 15 2
938 2 53 2
937 3 62 3
1733 2 23 2
824 3 27 3
1735 2 32 2
1734 2 14 2
1736 2 24 2
606 2 17 2
4139 3 22 3
2629 2 102 2
1907 2 21 2
839 8 185 6
838 2 13 2
837 2 62 2
840 2 10 2
1787 3 21 3
2805 2 16 2
2804 2 139 2
1912 3 222 3
1911 4 182 4
1910 2 41 2
2806 3 328 3
1914 2 20 2
1913 2 26 2
2807 2 19 2
1048 4 20 4
1047 2 13 2
1281 3 31 3
280 2 10 2
663 2 16 2
956 2 28 2
1925 4 85 4
1282 2 22 2
2818 3 105 3
2819 2 15 2
391 3 130 3
520 2 112 2
1367 2 31 2
1366 2 41 2
1256 2 23 2
2826 2 18 2
1285 2 31 2
800 2 10 2
521 2 21 2
1930 2 25 2
2830 4 43 4
2831 4 103 4
1286 2 17 2
801 8 518 6
2846 2 20 2
2850 3 42 3
1377 2 14 2
847 2 22 2
846 3 28 3
293 3 18 3
2854 2 34 2
2855 2 13 2
1379 2 20 2
1378 2 22 2
1938 2 26 2
1937 2 15 2
1380 3 23 3
1381 2 13 2
2857 2 14 2
778 2 34 2
2860 2 16 2
2861 2 46 2
802 2 62 2
1384 3 59 3
1383 2 11 2
1382 2 11 2
665 4 49 4
2862 2 24 2
1387 3 39 3
1386 2 25 2
1385 2 18 2
1794 2 12 2
2864 2 19 2
2865 2 58 2
758 2 13 2
1944 4 270 4
229 3 45 3
1945 4 135 4
1954 5 112 5
2871 2 21 2
301 3 31 3
300 2 22 2
299 2 31 2
309 2 24 2
308 3 20 3
296 2 18 2
260 2 18 2
307 2 20 2
306 3 25 3
305 2 14 2
304 2 49 2
303 5 96 5
302 2 18 2
295 3 148 3
285 2 85 2
2872 7 167 6
494 2 29 2
2873 2 140 2
1390 2 12 2
959 2 14 2
2874 5 636 5
670 2 11 2
2875 2 34 2
760 2 40 2
632 2 14 2
631 2 10 2
630 2 459 2
629 2 19 2
633 2 13 2
1955 2 18 2
2876 2 14 2
978 2 14 2
1957 2 22 2
1956 2 11 2
2877 3 37 3
1959 2 17 2
1958 3 18 3
2879 2 35 2
2878 2 18 2
1795 3 29 3
1061 2 13 2
1060 3 49 3
1059 2 90 2
1058 2 49 2
671 3 28 3
2881 2 16 2
588 2 15 2
2882 40 700 17
2883 2 10 2
2884 3 53 3
960 11 662 8
1962 4 45 4
448 2 19 2
533 3 64 3
532 2 10 2
536 2 25 2
289 3 107 3
535 2 28 2
534 3 70 3
1797 2 18 2
387 2 32 2
2886 2 26 2
2890 3 106 3
2889 2 22 2
2891 2 10 2
2893 2 19 2
2894 2 13 2
2895 2 91 2
2899 3 29 3
2898 3 16 3
467 3 35 3
545 6 94 5
544 3 48 3
543 3 56 3
542 2 11 2
541 4 30 4
374 2 11 2
500 3 20 3
1478 3 51 3
1477 2 17 2
2092 2 37 2
3193 5 88 5
3192 2 38 2
1814 2 15 2
3195 3 29 3
3194 2 20 2
3196 2 34 2
1097 2 48 2
530 2 32 2
1096 2 12 2
785 3 23 3
2100 2 34 2
2099 2 19 2
409 2 20 2
3216 2 54 2
951 2 17 2
392 2 11 2
1482 2 21 2
1481 3 88 3
1480 4 79 4
1479 2 20 2
3218 4 42 4
3217 2 35 2
2101 3 30 3
3231 4 59 4
3230 2 33 2
3233 4 28 4
3237 3 17 3
3236 3 117 3
3242 2 12 2
3241 2 13 2
2109 2 18 2
2108 2 26 2
3244 3 20 3
3243 2 16 2
3245 3 29 3
3246 3 113 3
693 2 20 2
1487 2 77 2
3255 5 78 5
3254 3 33 3
990 2 12 2
3259 3 55 3
966 2 43 2
3263 3 100 3
3266 2 10 2
3267 4 34 4
479 4 108 4
1818 2 14 2
3268 2 56 2
3269 2 18 2
349 4 45 4
3278 2 39 2
3282 2 21 2
344 3 52 3
2131 3 33 3
2130 2 41 2
2129 4 44 4
1262 2 13 2
720 3 20 3
719 3 435 3
718 2 21 2
717 2 20 2
564 2 25 2
3285 3 31 3
3289 2 14 2
3291 4 154 4
3290 2 13 2
570 2 25 2
1497 3 28 3
1496 3 25 3
2139 2 15 2
2138 2 14 2
812 2 20 2
3293 2 20 2
2141 2 15 2
558 3 58 3
3294 30 601 18
2142 3 87 3
3295 3 79 3
657 2 12 2
2147 3 26 3
3307 3 43 3
3306 3 27 3
1109 2 29 2
1111 2 23 2
1110 2 17 2
1310 3 30 3
3310 2 39 2
3309 2 24 2
861 3 18 3
860 5 33 5
859 3 48 3
858 2 20 2
393 2 16 2
3313 2 20 2
2153 3 27 3
2152 3 77 3
660 3 90 3
3316 3 51 3
3317 2 15 2
815 4 47 4
593 2 14 2
2158 6 509 6
2157 2 31 2
3320 2 14 2
3319 2 49 2
3322 2 49 2
3321 2 48 2
3323 2 23 2
3328 2 13 2
2164 2 149 2
2163 2 58 2
3331 2 29 2
3330 2 12 2
1821 4 79 4
3336 4 38 4
3345 2 12 2
3344 4 178 4
2171 2 42 2
2170 2 31 2
2172 2 14 2
1512 2 41 2
1511 2 15 2
1510 5 294 5
3349 2 21 2
3351 2 29 2
3352 4 115 4
2293 4 74 4
3573 5 58 5
3575 2 23 2
3574 2 24 2
3576 2 13 2
3577 2 49 2
1158 2 11 2
1157 2 11 2
585 2 13 2
3579 3 44 3
3578 2 15 2
3580 3 23 3
3595 2 23 2
2312 6 154 6
2311 5 113 5
2310 2 14 2
2313 2 11 2
492 3 64 3
2314 3 98 3
3596 2 15 2
1325 3 106 3
1597 2 37 2
1596 2 14 2
1595 2 18 2
1594 3 37 3
1836 2 33 2
3597 2 12 2
3598 2 12 2
3618 5 37 5
3619 2 10 2
2320 3 20 3
3620 2 52 2
3621 2 73 2
3622 3 29 3
3623 3 94 3
3624 3 25 3
3637 5 231 5
3639 2 24 2
2331 2 17 2
2330 2 12 2
1618 2 18 2
1012 2 12 2
3643 2 13 2
668 3 18 3
988 4 100 4
1255 5 105 5
3644 2 13 2
3646 2 16 2
3645 2 16 2
1003 2 69 2
2333 3 18 3
2332 2 14 2
3659 2 28 2
1622 4 61 4
1621 2 21 2
3666 3 51 3
3668 2 24 2
3672 2 20 2
3671 2 13 2
1628 3 29 3
1627 2 33 2
1626 2 35 2
2345 2 17 2
952 2 125 2
1013 2 54 2
594 2 18 2
1007 5 35 5
3690 3 45 3
3689 2 27 2
2359 2 39 2
3691 2 70 2
895 2 12 2
894 2 16 2
893 2 19 2
892 2 10 2
829 2 15 2
989 3 47 3
1330 2 45 2
182 4 138 4
3700 2 12 2
379 2 28 2
2365 2 16 2
1331 2 16 2
3702 2 20 2
3705 2 21 2
3704 2 14 2
3706 3 45 3
3707 2 27 2
3713 2 28 2
3714 3 62 3
1014 5 129 5
3715 2 13 2
1333 2 28 2
313 2 15 2
2373 3 76 3
2375 2 20 2
2374 3 47 3
3729 2 36 2
957 2 48 2
3730 2 33 2
2379 3 42 3
2378 2 30 2
1015 3 70 3
3733 2 22 2
3734 2 36 2
3736 2 14 2
3741 3 45 3
3743 2 46 2
3754 2 11 2
619 2 35 2
3755 2 22 2
2391 3 24 3
1649 3 29 3
3759 2 47 2
1651 2 24 2
1650 2 25 2
341 2 25 2
1691 3 16 3
1690 2 14 2
1692 2 22 2
3935 2 17 2
3937 2 22 2
3936 2 46 2
3939 2 13 2
3941 2 13 2
3940 2 13 2
357 2 59 2
3942 2 24 2
3954 2 37 2
312 2 29 2
3955 2 55 2
3956 4 51 4
3957 2 26 2
3958 2 14 2
1694 2 16 2
1693 2 31 2
786 7 145 7
3972 2 10 2
3973 5 128 5
444 2 26 2
3974 2 157 2
561 2 11 2
2531 3 21 3
3975 2 18 2
3989 2 21 2
3990 2 16 2
2541 2 14 2
1785 2 20 2
4006 2 15 2
4014 2 14 2
385 2 21 2
4016 2 11 2
4015 3 34 3
4017 2 53 2
4018 3 177 3
511 2 33 2
4033 3 90 3
2553 2 53 2
2552 2 16 2
2551 2 17 2
948 2 13 2
2554 2 19 2
486 3 30 3
2555 2 11 2
4037 2 20 2
1715 4 88 4
1716 2 23 2
4052 2 99 2
2567 2 29 2
4056 2 122 2
2575 3 68 3
2574 2 17 2
4064 2 34 2
1717 2 22 2
1720 3 156 3
1719 2 47 2
1718 4 59 4
774 2 39 2
2581 2 59 2
2580 2 15 2
4088 2 13 2
4089 3 24 3
4092 2 13 2
2583 2 15 2
765 2 19 2
1359 2 22 2
1358 2 38 2
2773 2 52 2
1892 3 64 3
1279 2 12 2
1891 3 24 3
795 2 12 2
974 2 52 2
2792 2 14 2
2791 2 31 2
2788 2 12 2
2785 2 13 2
776 2 44 2
1899 2 23 2
1900 2 28 2
2781 3 104 3
2803 4 34 4
2802 3 20 3
2794 2 91 2
1904 4 39 4
623 2 11 2
622 4 196 4
2817 2 13 2
2814 2 16 2
2811 2 11 2
1918 2 13 2
1917 2 14 2
2810 2 20 2
2809 4 36 4
2828 3 106 3
2825 2 18 2
1928 2 17 2
2822 2 24 2
373 2 38 2
1927 3 28 3
473 2 48 2
2820 2 18 2
1933 2 30 2
1288 2 13 2
1287 2 115 2
2847 5 52 5
1792 2 11 2
1932 2 25 2
1931 3 119 3
1051 2 17 2
1050 4 44 4
1049 2 59 2
1052 2 18 2
562 2 13 2
1368 3 112 3
971 2 20 2
2838 2 21 2
1791 2 13 2
1790 2 24 2
2835 4 37 4
2832 2 14 2
1056 2 16 2
1055 2 41 2
1057 4 52 4
554 2 46 2
777 2 45 2
1934 2 11 2
2853 3 28 3
2852 3 37 3
1257 3 21 3
2851 3 113 3
390 2 13 2
2863 2 99 2
1942 2 12 2
1943 2 12 2
2859 2 14 2
1258 2 14 2
1941 2 51 2
1940 2 22 2
1939 2 16 2
1793 3 169 3
2858 3 46 3
626 2 13 2
499 4 99 4
430 2 13 2
628 3 49 3
627 3 85 3
2866 4 131 4
2870 2 29 2
1953 2 30 2
1952 2 11 2
1951 2 62 2
2869 3 28 3
2868 2 12 2
2867 2 16 2
1948 2 32 2
1950 2 12 2
1949 2 22 2
1389 3 158 3
1388 2 14 2
958 2 43 2
1947 2 14 2
1946 2 14 2
3166 2 12 2
3165 5 976 5
3164 2 32 2
3163 2 25 2
3161 3 119 3
1465 21 205 9
1464 2 35 2
1463 2 28 2
1462 3 20 3
3158 2 11 2
2067 2 22 2
2066 2 20 2
3154 3 22 3
3153 2 23 2
2070 2 101 2
2071 3 28 3
3145 2 21 2
2083 2 245 2
3180 2 79 2
2081 2 17 2
692 2 73 2
3178 2 168 2
3177 2 19 2
759 2 23 2
3175 3 18 3
3174 3 55 3
3172 2 21 2
1812 2 41 2
248 3 31 3
3171 2 10 2
3170 2 16 2
1476 2 41 2
1475 4 184 4
1474 3 53 3
1473 2 15 2
1472 2 21 2
3190 4 55 4
3189 4 211 4
639 2 74 2
638 2 12 2
637 2 15 2
636 2 27 2
635 36 717 17
634 3 33 3
2089 2 31 2
2088 2 15 2
3185 2 15 2
1306 3 57 3
2084 2 32 2
1305 2 31 2
3215 3 102 3
3210 2 20 2
3208 2 11 2
327 2 21 2
983 2 62 2
3204 4 219 4
3203 3 53 3
3201 3 105 3
3199 2 17 2
3197 5 91 5
3238 3 55 3
1263 2 16 2
3234 3 95 3
3226 3 50 3
1486 3 76 3
1485 2 25 2
3223 4 60 4
2107 3 33 3
2106 3 226 3
597 2 10 2
3221 3 33 3
3264 2 14 2
3261 2 16 2
3260 2 143 2
1492 2 13 2
1491 2 49 2
1490 4 49 4
1489 2 34 2
1488 2 32 2
1099 2 31 2
1098 2 23 2
1100 2 28 2
2113 3 77 3
2112 2 21 2
3248 2 14 2
667 2 11 2
3284 2 12 2
2128 6 122 6
3279 2 55 2
237 2 21 2
3276 2 41 2
3275 3 27 3
1103 2 33 2
1102 2 12 2
1101 2 25 2
560 2 29 2
3271 2 20 2
3270 2 21 2
2127 2 28 2
1309 4 38 4
723 2 11 2
722 2 12 2
721 2 27 2
727 5 105 5
726 3 128 3
725 3 37 3
724 3 40 3
3288 2 60 2
3287 2 37 2
565 3 56 3
1108 2 17 2
1107 3 34 3
1106 2 24 2
1105 2 18 2
1819 2 12 2
3312 2 28 2
3311 2 106 2
3305 2 11 2
3304 2 16 2
3303 2 13 2
3302 2 15 2
3300 4 38 4
3299 2 22 2
3298 2 11 2
2143 2 12 2
3296 2 58 2
2162 5 81 5
2161 2 10 2
1304 2 36 2
3532 2 13 2
3529 2 18 2
2276 2 14 2
311 2 14 2
826 2 12 2
2274 2 17 2
2273 2 16 2
3524 3 50 3
3523 2 39 2
3522 2 11 2
2278 2 29 2
2277 2 29 2
3538 2 98 2
371 3 36 3
329 6 168 6
353 2 39 2
370 2 24 2
355 2 14 2
251 2 10 2
2286 2 11 2
2285 2 81 2
450 5 689 5
510 3 30 3
509 2 22 2
508 5 122 5
507 2 11 2
506 2 17 2
505 3 15 3
1591 2 55 2
1592 5 55 5
297 9 338 7
3546 5 81 5
2281 2 42 2
2280 2 49 2
2279 3 27 3
3543 2 54 2
3542 3 35 3
3559 2 151 2
1297 4 396 4
2287 3 81 3
2288 2 22 2
3541 2 76 2
3540 2 17 2
1323 2 29 2
2292 2 41 2
3570 3 26 3
3569 2 16 2
3567 3 44 3
3566 3 26 3
1322 2 20 2
3562 2 14 2
2289 2 10 2
2306 2 13 2
2305 3 89 3
2304 2 67 2
2303 2 13 2
888 2 28 2
887 2 23 2
886 2 36 2
885 3 35 3
884 2 109 2
2302 2 33 2
2301 2 20 2
596 2 12 2
1593 2 82 2
3588 2 10 2
1835 2 52 2
2296 2 22 2
2295 3 62 3
2294 2 90 2
3582 3 78 3
3581 4 53 4
3617 2 13 2
1838 2 18 2
1160 2 14 2
1159 2 13 2
3613 4 75 4
3611 4 168 4
2316 2 24 2
3608 4 58 4
1837 2 17 2
3605 2 20 2
3603 2 18 2
3601 4 29 4
1009 4 91 4
3642 2 15 2
3641 2 38 2
3640 2 36 2
3635 2 28 2
3631 2 37 2
3630 2 20 2
3629 2 18 2
2323 2 45 2
766 2 24 2
1602 2 11 2
1603 3 26 3
681 2 35 2
1598 6 175 5
2341 3 106 3
2340 2 18 2
1625 2 27 2
1624 2 20 2
1623 2 24 2
3661 2 18 2
3660 3 31 3
1619 5 244 5
1620 2 14 2
2337 3 63 3
2336 2 37 2
1328 2 11 2
2335 3 31 3
827 2 21 2
3653 2 14 2
3651 3 39 3
3648 2 16 2
3647 2 27 2
2353 2 21 2
2355 2 13 2
2354 2 283 2
2352 3 18 3
2351 4 48 4
2350 2 14 2
1008 2 11 2
2349 2 25 2
1831 3 380 3
3680 3 45 3
3679 5 122 5
1174 2 28 2
1178 2 23 2
1177 2 13 2
1176 2 85 2
1175 2 28 2
250 2 71 2
3677 3 30 3
2348 3 32 3
2347 2 39 2
2346 3 77 3
3674 3 167 3
3673 3 89 3
1332 3 22 3
2366 2 62 2
1641 2 27 2
1640 2 11 2
984 2 31 2
1639 2 15 2
1637 2 16 2
1636 3 20 3
1635 2 15 2
1634 4 161 4
3698 2 20 2
3697 3 25 3
1633 2 12 2
1632 2 38 2
3693 4 104 4
666 2 16 2
2360 2 46 2
2372 2 23 2
2371 2 52 2
2370 2 12 2
1686 2 25 2
1685 2 32 2
3896 2 39 2
3895 2 16 2
2476 2 12 2
2475 3 34 3
2474 2 13 2
2470 2 10 2
2469 2 31 2
3892 2 17 2
3890 2 28 2
3889 2 14 2
2478 2 27 2
2479 2 17 2
1689 2 13 2
1688 2 13 2
3913 4 27 4
3912 2 13 2
3911 3 20 3
2488 2 24 2
2487 2 11 2
2486 2 46 2
2485 3 66 3
2484 2 11 2
3905 3 54 3
3921 5 92 5
1302 2 46 2
2493 4 28 4
322 2 12 2
321 2 35 2
320 2 40 2
319 2 21 2
318 2 36 2
317 5 49 5
316 3 19 3
325 2 42 2
324 2 20 2
323 2 57 2
2506 2 38 2
2505 2 28 2
2504 4 73 4
2503 3 27 3
2502 2 66 2
2501 2 14 2
3928 3 101 3
2500 2 80 2
2499 2 20 2
3924 3 64 3
3923 2 44 2
3938 2 37 2
2498 2 60 2
2497 2 25 2
2496 3 20 3
3951 2 43 2
3950 2 20 2
2515 3 51 3
2514 2 15 2
673 2 14 2
1205 4 469 4
1204 2 16 2
2512 3 31 3
2511 2 108 2
1264 2 10 2
3947 2 27 2
2520 2 18 2
2519 3 436 3
1339 2 15 2
2510 2 31 2
694 2 28 2
2528 2 35 2
2527 3 25 3
3970 2 134 2
604 2 14 2
1695 5 308 5
909 2 36 2
908 2 106 2
525 2 50 2
907 2 35 2
910 2 14 2
3964 2 24 2
3963 2 23 2
3961 2 32 2
3960 3 43 3
3959 4 77 4
346 2 14 2
3986 2 35 2
3984 3 107 3
3983 3 53 3
809 3 24 3
1703 2 18 2
1702 3 34 3
808 2 17 2
1701 3 100 3
1700 2 26 2
1699 3 58 3
3977 2 10 2
1850 2 10 2
1696 3 24 3
1698 2 21 2
1697 3 71 3
3976 2 12 2
1847 3 31 3
4011 2 11 2
4007 2 182 2
669 5 134 5
4002 3 35 3
1215 3 32 3
1214 2 13 2
1217 3 50 3
1216 6 42 5
463 2 37 2
3999 5 240 5
1710 4 46 4
424 2 15 2
1709 2 14 2
1708 2 27 2
1707 2 25 2
1211 2 23 2
1213 2 33 2
1212 2 20 2
3996 6 489 5
3995 2 83 2
3994 2 22 2
3993 2 11 2
4036 2 19 2
4035 4 91 4
4034 2 22 2
4032 2 102 2
4031 2 15 2
4030 2 14 2
4029 2 20 2
4028 2 22 2
1278 2 37 2
2544 2 13 2
4023 2 18 2
4022 2 60 2
2543 3 20 3
2542 2 14 2
1010 2 26 2
4021 2 23 2
920 2 33 2
919 2 19 2
918 2 46 2
917 2 41 2
1220 2 61 2
1219 2 65 2
527 3 65 3
1218 2 33 2
4050 4 128 4
4049 2 14 2
4048 2 14 2
1343 5 249 5
2565 3 68 3
2563 3 22 3
2562 2 25 2
4044 3 36 3
1852 3 110 3
1021 2 21 2
2561 2 23 2
2560 4 106 4
4043 3 18 3
4040 3 138 3
2556 2 30 2
4038 2 71 2
4062 4 56 4
4060 6 87 5
1221 5 149 5
1222 2 18 2
4239 4 74 4
4238 3 309 3
2669 3 67 3
2668 2 25 2
4236 3 21 3
4235 5 596 5
4234 2 34 2
2663 2 35 2
2673 2 25 2
830 3 156 3
2672 3 66 3
805 2 32 2
1245 3 52 3
1244 3 21 3
1329 2 19 2
4244 2 31 2
4243 2 15 2
4251 2 24 2
4250 2 38 2
4249 2 33 2
247 4 75 4
1772 2 20 2
1771 2 35 2
1770 5 44 5
1769 2 11 2
1249 2 11 2
1248 2 10 2
1247 3 54 3
1246 4 32 4
4258 2 22 2
954 2 32 2
4257 2 78 2
4256 2 14 2
4255 2 31 2
4264 3 27 3
2688 2 34 2
2687 2 13 2
2686 2 25 2
4263 2 17 2
4261 3 48 3
1775 2 39 2
1774 2 17 2
1773 2 25 2
2681 2 29 2
2680 3 26 3
2679 2 12 2
4266 3 124 3
4265 2 19 2
2693 3 24 3
4277 2 14 2
4275 2 15 2
4274 4 83 4
356 2 14 2
4272 2 31 2
1252 3 54 3
1251 2 31 2
1250 2 12 2
2694 2 35 2
4282 2 15 2
4281 2 15 2
4269 2 30 2
4293 2 72 2
4292 2 11 2
4290 3 110 3
4289 2 21 2
4288 3 19 3
4287 2 28 2
4286 2 13 2
2695 2 30 2
1782 2 37 2
1781 2 19 2
1783 3 25 3
4284 3 71 3
2721 2 11 2
2717 2 20 2
2716 3 143 3
418 3 90 3
2714 3 16 3
2712 2 58 2
2711 2 52 2
773 2 12 2
791 2 16 2
2709 2 15 2
2707 2 13 2
2706 2 12 2
1862 2 15 2
1029 2 29 2
1028 4 38 4
1027 2 10 2
2701 6 529 6
2740 2 225 2
2739 2 12 2
1879 2 12 2
1878 3 139 3
1877 2 47 2
2733 4 52 4
1875 2 10 2
2728 2 10 2
2725 2 76 2
1873 2 28 2
1872 3 75 3
1871 6 444 5
2724 2 13 2
1869 2 30 2
2755 2 22 2
955 2 12 2
2752 2 11 2
1886 2 26 2
1885 2 24 2
1887 2 21 2
2747 2 15 2
1884 5 49 5
1883 3 149 3
1882 3 19 3
1881 2 86 2
755 3 72 3
2777 4 87 4
2776 2 13 2
2775 2 21 2
2774 2 19 2
2772 4 26 4
1893 2 23 2
2769 2 57 2
2768 2 32 2
2764 3 63 3
2763 2 10 2
2762 3 23 3
2760 2 10 2
2759 2 19 2
2757 2 13 2
2793 3 31 3
2789 2 16 2
2786 3 17 3
2783 2 184 2
3020 2 18 2
3017 2 18 2
1414 2 35 2
1413 2 11 2
3014 2 21 2
3013 2 22 2
3030 2 12 2
3029 3 47 3
3028 3 29 3
615 2 11 2
614 3 24 3
716 2 14 2
715 2 17 2
714 2 17 2
713 2 19 2
712 2 19 2
1081 6 147 5
1080 2 81 2
1079 2 16 2
674 2 30 2
1078 2 11 2
3039 2 46 2
662 2 11 2
3035 2 30 2
3032 2 37 2
292 2 20 2
1294 2 30 2
2022 2 16 2
3052 2 15 2
3049 2 17 2
3048 4 68 4
3046 3 46 3
3045 2 20 2
3044 3 107 3
3057 3 25 3
3056 3 64 3
2029 3 20 3
2028 2 11 2
3053 2 14 2
2027 2 19 2
3066 2 20 2
3065 2 480 2
2034 2 13 2
2033 3 30 3
2032 2 30 2
3063 2 32 2
3062 2 50 2
3061 2 15 2
3073 2 13 2
3071 3 64 3
2037 2 38 2
1422 3 69 3
1421 3 18 3
1420 3 27 3
3077 2 42 2
3074 3 21 3
3089 2 17 2
2040 2 14 2
3088 2 16 2
3087 6 95 6
2039 2 43 2
2038 3 20 3
3083 2 15 2
1428 4 93 4
1427 3 25 3
1426 2 15 2
3092 2 20 2
3091 2 16 2
3079 3 28 3
3108 3 58 3
2050 5 419 5
2049 2 16 2
477 2 35 2
3104 2 20 2
3099 2 20 2
3094 2 77 2
2055 3 422 3
2054 3 150 3
1261 2 12 2
2043 2 16 2
2042 2 33 2
3126 2 13 2
965 6 475 5
3122 2 19 2
3119 2 14 2
3117 2 86 2
3112 2 19 2
3111 2 12 2
3110 2 22 2
2057 3 22 3
2056 3 45 3
1444 2 83 2
1443 2 19 2
1442 2 30 2
1441 4 72 4
2063 2 19 2
2064 3 45 3
1458 2 14 2
690 2 34 2
1457 3 199 3
1456 2 39 2
3137 2 76 2
1455 2 20 2
1454 2 48 2
1453 2 31 2
1452 3 40 3
1810 2 18 2
3135 2 12 2
3134 2 19 2
3133 2 37 2
3132 3 37 3
3131 2 10 2
1467 4 48 4
1466 2 62 2
2069 2 12 2
2068 5 269 5
3162 2 19 2
985 2 13 2
3157 2 24 2
2065 2 21 2
3150 3 47 3
3149 3 51 3
3148 3 27 3
3183 2 24 2
3182 2 27 2
1094 3 50 3
1095 2 12 2
3179 2 43 2
2078 5 84 5
2077 2 19 2
3430 3 42 3
1544 2 30 2
1543 2 14 2
1542 2 13 2
1541 3 24 3
3427 2 13 2
3428 15 229 10
3442 2 31 2
235 2 29 2
969 4 56 4
2231 3 78 3
2230 2 36 2
3436 6 244 6
3434 4 73 4
512 2 91 2
3431 5 281 5
1550 2 82 2
1549 2 57 2
3446 2 16 2
3445 2 33 2
3444 4 54 4
1555 2 50 2
980 2 18 2
3454 2 69 2
2237 2 33 2
2236 3 54 3
2235 4 249 4
2234 2 196 2
2233 2 49 2
999 2 19 2
2246 2 28 2
2245 2 12 2
2244 5 69 5
3460 2 21 2
234 2 11 2
1266 3 22 3
3459 3 20 3
3458 2 51 2
1830 2 21 2
3465 4 71 4
2250 2 23 2
2249 2 34 2
2248 2 10 2
1563 5 72 5
1562 2 14 2
1561 2 88 2
2253 4 137 4
2252 3 27 3
2251 2 37 2
1004 2 19 2
1564 2 23 2
3468 3 43 3
375 3 21 3
3467 2 45 2
2254 2 19 2
2256 2 17 2
3487 4 39 4
3486 2 15 2
3483 2 24 2
1152 2 23 2
618 2 19 2
242 2 20 2
1151 5 188 5
3473 2 39 2
2258 2 16 2
2259 2 59 2
504 2 11 2
503 2 11 2
3472 6 87 5
2264 2 11 2
3501 3 44 3
384 3 31 3
770 4 51 4
2266 2 20 2
2265 2 26 2
3491 2 42 2
3492 3 47 3
3517 3 25 3
775 2 29 2
3515 2 89 2
3514 2 14 2
2269 2 23 2
2268 3 28 3
2267 4 66 4
3511 2 24 2
3510 2 26 2
3509 2 24 2
3536 2 13 2
3533 3 20 3
3530 2 23 2
1587 3 98 3
553 2 14 2
2275 2 44 2
677 2 21 2
3525 3 42 3
825 2 25 2
1586 2 12 2
1585 2 25 2
970 2 25 2
1584 2 23 2
1583 2 121 2
3521 2 26 2
788 2 33 2
3556 2 10 2
3554 2 22 2
400 2 13 2
399 2 18 2
354 2 25 2
342 2 31 2
398 3 68 3
397 2 29 2
396 3 26 3
403 2 19 2
402 3 49 3
401 2 10 2
2282 3 31 3
2284 2 18 2
2283 2 23 2
3548 2 28 2
3547 3 19 3
3807 3 40 3
2432 3 25 3
2431 2 16 2
2430 4 45 4
3812 2 29 2
3811 2 49 2
2434 2 13 2
2433 2 24 2
3810 2 19 2
3809 2 115 2
3808 2 26 2
1674 2 78 2
1673 2 103 2
1672 4 260 4
2439 2 12 2
2438 2 14 2
2437 2 30 2
2436 2 13 2
2435 2 37 2
3813 4 177 4
1336 2 23 2
1190 2 20 2
1194 2 14 2
1193 2 18 2
1192 2 15 2
1191 2 12 2
2446 4 95 4
2445 2 15 2
2444 2 16 2
2443 4 134 4
2442 2 21 2
2441 2 13 2
2440 2 28 2
3815 2 64 2
3814 3 48 3
1020 3 41 3
1676 2 24 2
1675 2 18 2
2449 2 16 2
2448 2 22 2
2447 2 13 2
3816 5 292 5
2451 2 24 2
2450 2 17 2
1806 4 99 4
3819 2 23 2
589 3 54 3
3818 2 25 2
3817 2 22 2
1677 2 12 2
3823 2 33 2
405 2 17 2
3822 2 19 2
376 2 52 2
3821 2 13 2
3820 2 36 2
1845 2 21 2
2453 2 19 2
2452 2 19 2
3827 2 189 2
3826 2 10 2
3825 2 49 2
3824 2 29 2
1844 3 109 3
3829 2 13 2
902 2 15 2
904 2 12 2
903 2 30 2
3828 2 21 2
950 3 38 3
3833 2 16 2
3832 2 15 2
3831 2 21 2
3830 2 26 2
3844 2 12 2
3842 3 56 3
3843 3 32 3
3841 2 34 2
1680 2 17 2
1679 2 10 2
1678 3 25 3
333 2 18 2
3836 2 11 2
3835 2 11 2
1199 2 21 2
1198 3 44 3
1202 2 34 2
1201 2 35 2
1200 2 18 2
2457 2 17 2
2456 2 14 2
2455 4 54 4
488 4 68 4
2454 2 71 2
2463 3 42 3
3863 2 29 2
3862 2 12 2
3861 3 26 3
2461 2 13 2
2460 4 98 4
1338 2 25 2
3858 2 29 2
2459 2 23 2
2458 3 28 3
3855 2 47 2
3854 2 25 2
3852 2 19 2
3868 2 27 2
3867 2 18 2
3851 2 23 2
3880 2 20 2
3879 2 16 2
1684 2 26 2
1683 2 82 2
1682 7 2483 7
1681 5 366 5
3875 3 166 3
3874 2 25 2
3873 2 11 2
3872 2 17 2
600 2 14 2
3869 3 32 3
3885 3 84 3
3884 2 14 2
831 2 15 2
1203 2 40 2
3902 2 15 2
3900 2 17 2
3897 2 27 2
3894 2 19 2
3893 2 19 2
3891 2 17 2
2468 2 27 2
2467 2 59 2
3888 2 38 2
3887 2 27 2
3917 4 183 4
1848 2 29 2
3914 2 17 2
2489 3 41 3
906 3 41 3
428 2 10 2
905 3 120 3
3907 3 34 3
4147 2 13 2
4154 2 33 2
1311 2 52 2
4153 2 16 2
4152 2 30 2
609 3 59 3
1234 2 15 2
1233 3 222 3
2638 2 15 2
2637 2 15 2
4151 3 42 3
4150 2 21 2
1232 2 20 2
1231 2 20 2
2640 2 35 2
2639 2 18 2
4159 2 24 2
4158 3 39 3
332 2 21 2
1240 2 25 2
1239 2 14 2
584 3 38 3
583 2 20 2
582 2 37 2
581 2 17 2
580 3 49 3
579 2 47 2
578 3 24 3
1238 2 13 2
1237 3 37 3
1236 2 71 2
1235 2 12 2
4162 2 17 2
2642 2 28 2
4161 2 12 2
2641 3 82 3
4165 2 12 2
1744 2 28 2
1743 2 28 2
976 2 16 2
2644 3 44 3
4169 3 48 3
4170 2 20 2
656 2 16 2
1833 3 20 3
4168 2 18 2
4167 2 12 2
2645 2 50 2
4166 3 49 3
2649 2 20 2
2648 3 47 3
4172 2 32 2
4173 2 11 2
4178 2 12 2
4177 2 29 2
2651 2 59 2
2650 2 34 2
1345 2 42 2
4176 2 17 2
4175 2 23 2
4185 2 24 2
4184 2 39 2
4183 2 34 2
2652 2 28 2
769 2 19 2
1784 4 57 4
1842 2 21 2
4188 2 11 2
4187 3 17 3
4186 2 19 2
4198 2 27 2
2657 2 16 2
2656 2 25 2
2655 2 16 2
4197 2 24 2
2654 2 42 2
1751 3 40 3
1750 2 14 2
1749 2 20 2
1748 2 23 2
4192 4 38 4
1853 2 18 2
4206 2 19 2
4203 2 27 2
4202 3 20 3
1753 2 15 2
1752 2 16 2
1754 2 14 2
1762 4 59 4
1761 2 73 2
1760 2 15 2
1759 4 67 4
4210 2 80 2
4208 2 21 2
1758 2 49 2
1764 2 15 2
1763 3 26 3
4215 2 31 2
4214 2 31 2
4213 3 41 3
4225 2 39 2
4224 2 69 2
4223 2 18 2
4222 2 95 2
1800 3 46 3
4217 3 58 3
2662 2 11 2
2661 2 39 2
4229 2 21 2
4230 3 104 3
947 2 26 2
946 2 67 2
945 3 30 3
2671 2 40 2
2670 4 51 4
4242 2 15 2
4240 2 45 2
423 3 19 3
2665 2 12 2
2664 3 24 3
1243 2 54 2
1242 2 37 2
1241 2 18 2
2678 2 17 2
4254 2 30 2
1324 2 15 2
4253 3 43 3
4252 10 214 7
2674 3 96 3
4248 2 19 2
2913 2 29 2
1977 2 63 2
1976 2 72 2
1393 2 19 2
415 2 19 2
2912 2 12 2
1975 3 70 3
1974 2 10 2
1066 2 32 2
1065 3 157 3
1064 2 14 2
1063 2 30 2
2916 2 16 2
2926 4 117 4
2925 2 16 2
2924 2 66 2
2923 2 26 2
2922 2 31 2
2921 4 107 4
2920 5 61 5
1984 2 25 2
1982 4 87 4
1983 2 33 2
1978 2 12 2
1991 3 18 3
1990 2 44 2
1989 2 26 2
1988 2 17 2
1992 4 156 4
2934 2 12 2
2933 2 14 2
2932 2 23 2
2931 2 12 2
2930 2 43 2
1402 2 14 2
1401 3 86 3
803 2 16 2
595 2 75 2
2940 2 16 2
1997 3 40 3
1996 2 31 2
1995 2 22 2
2949 3 22 3
2948 4 35 4
2947 2 10 2
1406 2 15 2
1405 2 86 2
2946 2 26 2
2945 2 10 2
2944 2 29 2
2943 6 148 5
2942 2 14 2
2958 2 17 2
2957 2 10 2
2955 3 20 3
2954 2 16 2
1803 2 14 2
2965 2 11 2
2964 2 50 2
2963 3 122 3
2962 2 20 2
2961 2 39 2
1999 3 52 3
1998 2 11 2
1804 2 18 2
804 5 58 5
2959 2 11 2
2960 2 11 2
1805 3 35 3
2973 2 51 2
2972 2 33 2
2971 2 54 2
2968 2 16 2
2983 2 23 2
2982 2 34 2
2981 2 15 2
2980 2 60 2
1408 2 10 2
1410 3 47 3
1409 2 25 2
2977 2 59 2
603 2 18 2
472 2 20 2
2988 2 12 2
2987 2 11 2
2986 2 46 2
2009 3 32 3
2008 2 14 2
2007 4 41 4
2984 3 26 3
2012 2 11 2
1291 2 37 2
783 2 26 2
1070 4 53 4
1069 3 93 3
1068 2 12 2
2993 2 21 2
2992 2 54 2
806 3 40 3
3001 2 39 2
3002 2 30 2
3000 2 12 2
2997 2 13 2
1074 2 10 2
1073 4 79 4
1072 3 25 3
1071 2 18 2
404 2 14 2
3010 4 79 4
3009 2 15 2
3006 2 13 2
3007 3 47 3
3025 2 12 2
3024 2 17 2
1415 3 20 3
2018 2 53 2
2017 3 61 3
3021 4 407 4
3018 4 86 4
2016 2 59 2
2015 3 25 3
1292 3 47 3
3016 2 26 2
3015 2 14 2
1293 2 20 2
2020 2 46 2
3012 2 39 2
3041 2 15 2
2024 2 41 2
3036 2 66 2
3034 3 26 3
3033 2 11 2
2023 3 147 3
1484 5 91 5
1483 4 43 4
3220 2 10 2
3219 2 17 2
2126 2 11 2
2125 2 27 2
2124 3 25 3
3262 2 19 2
3257 2 16 2
3256 2 27 2
3253 2 27 2
3249 2 30 2
449 2 19 2
1104 2 21 2
811 2 26 2
529 2 13 2
3280 2 26 2
493 3 28 3
3277 3 27 3
3274 2 17 2
3273 2 11 2
3272 2 15 2
2140 2 16 2
1500 2 11 2
1499 2 18 2
1498 2 66 2
3292 2 22 2
2137 2 58 2
2136 3 27 3
2135 4 114 4
993 2 17 2
2134 2 44 2
3286 2 15 2
2133 2 29 2
2132 2 18 2
796 2 12 2
2151 2 15 2
790 3 156 3
3308 2 34 2
2150 4 109 4
2149 2 20 2
2148 3 37 3
2146 2 51 2
3301 3 51 3
1820 2 14 2
2145 2 21 2
2144 2 22 2
3297 2 12 2
1118 4 28 4
1117 3 44 3
1116 2 14 2
2160 2 21 2
2159 4 60 4
3318 3 50 3
2154 3 25 3
2156 2 24 2
2155 3 38 3
1115 2 11 2
1114 3 62 3
1113 2 13 2
814 2 13 2
1112 2 22 2
1503 2 25 2
994 2 32 2
1502 2 17 2
1501 2 28 2
3315 4 304 4
3314 2 44 2
3335 4 82 4
3332 2 15 2
3327 4 31 4
695 3 34 3
863 2 11 2
335 2 16 2
862 2 21 2
3326 2 11 2
3325 5 70 5
3324 2 12 2
1506 2 16 2
1505 6 142 5
1504 2 13 2
3353 2 66 2
3350 4 62 4
3339 2 17 2
3346 2 14 2
3343 2 41 2
3342 3 50 3
3340 2 11 2
3341 2 23 2
2169 3 25 3
2168 2 17 2
518 2 12 2
3375 2 18 2
3374 2 20 2
3357 3 29 3
3356 3 147 3
3355 3 41 3
3370 2 13 2
3369 2 14 2
3368 2 20 2
3367 2 17 2
3366 4 90 4
3365 2 20 2
3364 2 11 2
3363 3 45 3
3362 3 37 3
3361 3 30 3
3360 2 30 2
2174 3 31 3
2175 2 11 2
3359 2 15 2
3358 2 11 2
1522 2 17 2
1521 2 24 2
1520 2 36 2
3378 3 84 3
3377 2 47 2
3376 2 25 2
1122 3 26 3
1124 2 12 2
1123 2 30 2
689 2 14 2
2187 2 67 2
2186 2 48 2
2185 3 60 3
2184 2 10 2
3380 2 19 2
2182 2 13 2
2181 2 32 2
2183 2 34 2
2180 2 36 2
2179 2 20 2
3379 2 12 2
3599 2 16 2
1613 2 10 2
1612 2 52 2
1611 2 10 2
2329 2 44 2
2328 2 44 2
2327 2 16 2
2326 2 14 2
3636 2 10 2
3633 2 44 2
3632 2 32 2
1608 2 14 2
1607 2 174 2
1606 2 80 2
889 2 38 2
700 2 30 2
891 2 20 2
890 2 14 2
1164 2 12 2
1163 2 404 2
1162 2 238 2
1161 2 90 2
1832 2 58 2
1601 2 38 2
1600 2 28 2
1599 2 16 2
701 2 14 2
1299 2 14 2
2322 2 14 2
2321 2 12 2
2344 2 10 2
3667 2 10 2
2339 2 10 2
1168 2 10 2
1167 2 16 2
1166 2 14 2
1165 2 462 2
3658 2 440 2
3657 2 366 2
3656 2 318 2
3655 2 280 2
3654 2 268 2
828 2 260 2
2338 2 252 2
3652 2 232 2
3650 2 218 2
3649 2 212 2
2334 2 210 2
2356 2 196 2
2358 2 190 2
2357 2 184 2
3688 2 178 2
3687 2 166 2
3686 2 166 2
3685 2 164 2
3684 2 164 2
3683 2 162 2
3682 2 154 2
3681 2 142 2
1629 2 142 2
1631 2 136 2
1630 2 132 2
1839 2 126 2
3678 2 122 2
3676 2 108 2
3675 2 106 2
1173 2 100 2
1172 2 94 2
1171 2 92 2
1170 2 90 2
1169 2 88 2
3703 2 82 2
3701 2 82 2
675 2 78 2
2364 2 76 2
1638 2 76 2
3699 2 76 2
3696 2 76 2
3695 2 74 2
3694 2 70 2
3692 2 66 2
2363 2 66 2
2362 2 66 2
2361 2 64 2
3720 2 60 2
3719 2 58 2
3718 2 58 2
3717 2 54 2
3716 2 52 2
2369 2 52 2
3712 2 50 2
3711 2 48 2
3710 2 48 2
3709 2 46 2
3708 2 46 2
490 2 46 2
2368 2 46 2
2367 2 44 2
2388 2 44 2
2387 2 42 2
1334 2 40 2
3737 2 40 2
2384 2 38 2
2383 2 38 2
1789 2 36 2
3735 2 36 2
3728 2 36 2
1644 2 36 2
1643 2 34 2
3727 2 34 2
756 2 34 2
3725 2 34 2
3724 2 32 2
2377 2 32 2
2376 2 32 2
3721 2 32 2
3722 2 32 2
3757 2 30 2
3756 2 28 2
771 2 28 2
3753 2 28 2
3752 2 26 2
2390 2 26 2
1260 2 24 2
2389 2 24 2
3746 2 24 2
3747 2 24 2
3745 2 22 2
3772 2 22 2
2403 2 22 2
2402 2 22 2
991 2 22 2
408 2 22 2
3768 2 20 2
3767 2 18 2
2401 2 18 2
2400 2 18 2
2399 2 18 2
2398 2 18 2
2397 2 16 2
2396 2 16 2
2395 2 16 2
2394 2 16 2
3766 2 16 2
3765 2 14 2
3782 2 14 2
3774 2 14 2
3773 2 14 2
3778 2 14 2
3777 2 14 2
3776 2 12 2
3775 2 12 2
1654 2 12 2
474 2 10 2
901 2 10 2
900 2 10 2
899 2 10 2
898 2 10 2
897 2 10 2
3988 2 10 2
1342 2 10 2
3985 2 10 2
2537 2 10 2
2536 2 10 2
2535 2 10 2
3980 2 10 2
3979 2 10 2
1706 2 10 2
1705 2 10 2
1704 2 10 2
3978 2 10 2
3992 2 94 2
3991 2 12 2
2532 2 18 2
1340 2 10 2
2533 2 56 2
916 2 16 2
915 2 14 2
914 2 10 2
913 2 86 2
912 2 26 2
911 2 20 2
4009 2 18 2
4008 2 14 2
4004 2 14 2
4003 2 10 2
4001 2 46 2
4000 2 22 2
3998 2 22 2
4019 2 16 2
252 2 10 2
3997 2 90 2
1209 2 80 2
1208 2 60 2
1207 2 52 2
1206 2 38 2
1210 2 32 2
2550 2 26 2
2549 2 22 2
2548 2 22 2
2547 2 22 2
2546 2 18 2
2545 2 14 2
241 2 14 2
1712 2 14 2
1711 2 12 2
1714 2 40 2
1713 2 34 2
4027 2 28 2
4026 2 26 2
4025 2 24 2
4024 2 22 2
476 2 10 2
682 2 10 2
4020 2 10 2
1786 2 128 2
4051 2 34 2
2566 2 18 2
4047 2 12 2
2564 2 18 2
4046 2 10 2
4045 2 10 2
2559 2 54 2
2558 2 14 2
4042 2 144 2
4041 2 24 2
2557 2 12 2
4039 2 10 2
4063 2 16 2
4061 2 14 2
4059 2 26 2
4058 2 12 2
4057 2 10 2
4055 2 788 2
4054 2 542 2
2573 2 526 2
2572 2 504 2
2571 2 422 2
4053 2 390 2
2570 2 382 2
2569 2 310 2
2568 2 264 2
4077 2 256 2
4076 2 228 2
4075 2 218 2
4074 2 206 2
1817 2 198 2
4073 2 198 2
4072 2 154 2
4071 2 144 2
925 2 138 2
924 2 128 2
923 2 126 2
922 2 120 2
921 2 108 2
4070 2 104 2
4069 2 94 2
4068 2 86 2
4067 2 84 2
4066 2 70 2
4065 2 68 2
4095 2 60 2
4094 2 54 2
4093 2 54 2
4091 2 54 2
4087 2 52 2
4086 2 50 2
4085 2 46 2
4084 2 46 2
1723 2 40 2
1722 2 36 2
1000 2 36 2
2579 2 36 2
2578 2 34 2
2596 2 34 2
2595 2 34 2
2594 2 34 2
2593 2 34 2
2592 2 32 2
2591 2 32 2
2589 2 30 2
2588 2 30 2
2587 2 30 2
4099 2 26 2
4098 2 26 2
1855 2 26 2
4097 2 26 2
4096 2 26 2
2586 2 26 2
2585 2 24 2
1284 2 24 2
4112 2 20 2
4111 2 20 2
4106 2 20 2
4105 2 20 2
4110 2 20 2
515 2 18 2
4109 2 18 2
4108 2 18 2
2599 2 18 2
4107 2 18 2
2598 2 16 2
2597 2 16 2
1275 2 16 2
2719 2 16 2
2718 2 16 2
4294 2 16 2
2713 2 16 2
1033 2 16 2
1032 2 14 2
1031 2 14 2
1030 2 14 2
2710 2 14 2
1865 2 14 2
1864 2 14 2
1863 2 12 2
2708 2 12 2
1271 2 12 2
1270 2 12 2
1353 2 12 2
1352 2 12 2
1868 2 12 2
1867 2 10 2
1866 2 10 2
2723 2 10 2
2722 2 10 2
2736 2 10 2
1880 2 10 2
1876 2 10 2
684 2 10 2
426 2 30 2
1040 2 12 2
1039 2 10 2
2729 2 34 2
2726 2 12 2
2744 2 12 2
2743 2 12 2
1870 2 12 2
1888 2 10 2
2754 2 10 2
2753 2 28 2
2751 2 12 2
2750 2 44 2
835 2 22 2
834 2 10 2
833 2 10 2
836 2 36 2
794 2 16 2
1274 2 10 2
2749 2 18 2
2748 2 12 2
2756 2 10 2
1253 2 26 2
2746 2 16 2
2745 2 50 2
2779 2 20 2
2778 2 12 2
1896 2 12 2
1895 2 118 2
1894 2 52 2
2771 2 24 2
2770 2 36 2
2767 2 16 2
2766 2 10 2
1360 2 86 2
2765 2 16 2
1277 2 12 2
1890 2 22 2
1889 2 14 2
2761 2 38 2
2758 2 26 2
1902 2 56 2
1901 2 52 2
1903 2 28 2
2790 2 26 2
2787 2 24 2
1280 2 22 2
2784 2 20 2
2782 2 20 2
1898 2 18 2
1897 2 16 2
2780 2 14 2
1909 2 12 2
1908 2 10 2
1361 2 10 2
2801 2 20 2
2800 2 14 2
2799 2 148 2
1041 2 144 2
610 2 48 2
2798 2 12 2
2797 2 10 2
2796 2 26 2
2795 2 10 2
664 2 10 2
1906 2 106 2
1905 2 76 2
1924 2 64 2
1923 2 64 2
1922 2 62 2
1921 2 52 2
1920 2 38 2
1919 2 30 2
1788 2 30 2
2816 2 26 2
2815 2 26 2
2813 2 22 2
2812 2 22 2
1046 2 20 2
1045 2 20 2
1044 2 18 2
1043 2 16 2
1042 2 16 2
1916 2 16 2
1915 2 16 2
2808 2 14 2
2829 2 12 2
2827 2 12 2
1929 2 12 2
2824 2 12 2
611 2 10 2
516 2 88 2
625 2 30 2
624 2 22 2
2823 2 12 2
1362 2 32 2
1365 2 26 2
1364 2 26 2
1363 2 14 2
1283 2 26 2
1926 2 14 2
2821 2 26 2
844 2 18 2
843 2 72 2
842 2 12 2
841 2 42 2
845 2 16 2
1376 2 12 2
1375 2 38 2
1374 2 12 2
1373 2 12 2
2849 2 26 2
2848 2 10 2
1054 2 38 2
1053 2 20 2
2844 2 96 2
2845 2 46 2
2843 2 42 2
2842 2 40 2
2841 2 12 2
2840 2 10 2
1372 2 34 2
1371 2 16 2
1370 2 14 2
1369 2 14 2
2839 2 10 2
2837 2 46 2
2836 2 24 2
2834 2 22 2
2833 2 20 2
2856 2 10 2
1936 2 48 2
1935 2 32 2
1440 2 44 2
1439 2 36 2
1438 2 16 2
3105 2 14 2
3103 2 14 2
3102 2 12 2
3101 2 48 2
3100 2 34 2
3097 2 92 2
3098 2 26 2
3096 2 16 2
3095 2 10 2
1085 2 16 2
1084 2 12 2
1083 2 66 2
1082 2 10 2
1301 2 20 2
3109 2 12 2
2052 2 46 2
2051 2 34 2
2053 2 12 2
2060 2 12 2
2059 2 12 2
2058 2 42 2
3124 2 12 2
3123 2 14 2
3120 2 10 2
1448 2 76 2
1447 2 52 2
1446 2 14 2
1445 2 10 2
3116 2 10 2
3114 2 16 2
1809 2 10 2
3113 2 16 2
1089 2 16 2
1088 2 18 2
1087 2 10 2
1086 2 24 2
3130 2 10 2
3129 2 34 2
3128 2 18 2
1461 2 96 2
1460 2 74 2
1459 2 18 2
3140 2 14 2
3139 2 12 2
3138 2 20 2
3136 2 10 2
2062 2 32 2
2061 2 16 2
3144 2 10 2
3143 2 60 2
3142 2 34 2
3141 2 14 2
1451 2 10 2
1450 2 38 2
1449 2 28 2
3168 2 18 2
3167 2 22 2
3160 2 18 2
3159 2 26 2
1090 2 16 2
691 2 10 2
1093 2 20 2
1092 2 10 2
1091 2 32 2
3156 2 24 2
3155 2 60 2
3152 2 52 2
3151 2 24 2
3169 2 22 2
3146 2 20 2
3147 2 10 2
857 2 10 2
856 2 10 2
855 2 24 2
854 2 22 2
3181 2 12 2
2082 2 10 2
2080 2 130 2
2079 2 80 2
1468 2 42 2
1469 2 16 2
3176 2 14 2
3173 2 14 2
2076 2 10 2
2075 2 32 2
2074 2 10 2
2073 2 16 2
2072 2 12 2
3191 2 10 2
1298 2 24 2
1307 2 10 2
2091 2 24 2
2090 2 10 2
1471 2 80 2
1470 2 10 2
3188 2 26 2
3187 2 20 2
3186 2 18 2
2087 2 14 2
2086 2 12 2
2085 2 20 2
3184 2 18 2
2098 2 94 2
2097 2 38 2
2096 2 26 2
3214 2 12 2
3213 2 18 2
3212 2 18 2
3211 2 12 2
3209 2 10 2
2095 2 32 2
2094 2 14 2
2093 2 48 2
3207 2 20 2
3206 2 10 2
763 2 108 2
3205 2 82 2
3202 2 18 2
3200 2 10 2
3198 2 18 2
3240 2 14 2
3239 2 44 2
3235 2 26 2
1308 2 10 2
3232 2 96 2
3229 2 68 2
3227 2 18 2
3228 2 14 2
3225 2 10 2
3224 2 10 2
3222 2 16 2
2104 2 10 2
2105 2 18 2
2102 2 18 2
2103 2 230 2
3265 2 74 2
2122 2 42 2
2123 2 32 2
3258 2 26 2
2120 2 26 2
2121 2 12 2
3252 2 40 2
3250 2 18 2
3251 2 16 2
2117 2 10 2
2118 2 28 2
2119 2 12 2
2115 2 10 2
2116 2 82 2
2114 2 16 2
2110 2 12 2
2111 2 12 2
3247 2 58 2
1816 2 36 2
1493 2 30 2
1494 2 30 2
1495 2 12 2
3283 2 10 2
3281 2 34 2
3482 2 30 2
3481 2 10 2
3479 2 10 2
3476 2 10 2
3477 2 20 2
3475 2 16 2
3490 2 208 2
3489 2 34 2
1575 2 24 2
1576 2 22 2
1577 2 16 2
3488 2 14 2
3504 2 10 2
3502 2 32 2
3503 2 12 2
3500 2 28 2
1578 2 10 2
1579 2 32 2
1005 2 18 2
3496 2 22 2
3497 2 14 2
3493 2 40 2
3494 2 26 2
3508 2 102 2
3506 2 28 2
3507 2 124 2
605 2 122 2
3518 2 30 2
3516 2 24 2
1581 2 18 2
1582 2 12 2
1580 2 90 2
3512 2 40 2
3513 2 12 2
3519 2 12 2
3520 2 36 2
2271 2 10 2
343 2 44 2
2272 2 18 2
2270 2 28 2
3537 2 20 2
3534 2 20 2
3535 2 12 2
3531 2 12 2
3528 2 10 2
3527 2 54 2
1153 2 42 2
1154 2 12 2
1155 2 60 2
1156 2 12 2
3526 2 10 2
1588 2 10 2
1589 2 44 2
1590 2 36 2
3539 2 16 2
963 2 26 2
3557 2 14 2
3558 2 96 2
3555 2 28 2
3552 2 10 2
3553 2 42 2
3550 2 26 2
3551 2 18 2
3549 2 10 2
1826 2 42 2
3544 2 26 2
3545 2 20 2
3572 2 16 2
3571 2 14 2
2290 2 180 2
2291 2 30 2
3568 2 14 2
1300 2 10 2
3565 2 28 2
3563 2 12 2
3564 2 16 2
3560 2 12 2
3561 2 46 2
2307 2 28 2
2308 2 14 2
2309 2 16 2
3593 2 12 2
3594 2 24 2
3591 2 10 2
3592 2 28 2
3590 2 10 2
3589 2 14 2
2299 2 14 2
2300 2 12 2
2297 2 10 2
2298 2 10 2
3586 2 32 2
3587 2 10 2
1268 2 34 2
3585 2 12 2
3583 2 10 2
3584 2 10 2
2317 2 48 2
2318 2 14 2
2319 2 18 2
3616 2 14 2
3614 2 390 2
3615 2 228 2
3612 2 94 2
3609 2 22 2
3610 2 20 2
2315 2 20 2
3606 2 18 2
3607 2 12 2
3604 2 18 2
3602 2 16 2
3600 2 20 2
1614 2 16 2
1615 2 12 2
1616 2 12 2
1617 2 22 2
1609 2 10 2
1610 2 14 2
3638 2 12 2
590 2 18 2
2325 2 10 2
3634 2 186 2
1327 2 140 2
757 2 112 2
2324 2 78 2
3628 2 50 2
1604 2 40 2
1605 2 20 2
1011 2 18 2
3626 2 16 2
3627 2 14 2
3625 2 14 2
3669 2 14 2
3670 2 12 2
2342 2 10 2
2343 2 54 2
3664 2 18 2
3665 2 34 2
3662 2 22 2
3663 2 10 2
3839 2 30 2
3840 2 16 2
3838 2 14 2
1846 2 12 2
3837 2 18 2
3834 2 10 2
3849 2 16 2
3850 2 10 2
3848 2 16 2
3846 2 14 2
3847 2 12 2
3845 2 10 2
1337 2 14 2
738 2 12 2
621 2 20 2
735 2 16 2
736 2 12 2
737 2 38 2
1195 2 16 2
1196 2 30 2
1197 2 14 2
2462 2 30 2
3859 2 20 2
3860 2 16 2
3857 2 16 2
3856 2 22 2
3853 2 10 2
2464 2 36 2
2465 2 26 2
2466 2 24 2
489 2 12 2
3865 2 24 2
3866 2 12 2
3864 2 72 2
3878 2 36 2
3877 2 14 2
661 2 12 2
3876 2 16 2
3870 2 12 2
3871 2 16 2
3886 2 14 2
3883 2 18 2
3881 2 16 2
3882 2 22 2
1687 2 10 2
3901 2 20 2
3898 2 10 2
3899 2 36 2
964 2 10 2
2477 2 66 2
2471 2 12 2
2472 2 26 2
2473 2 18 2
2480 2 16 2
2481 2 12 2
3903 2 12 2
3918 2 22 2
3915 2 14 2
3916 2 12 2
2490 2 10 2
2491 2 164 2
2492 2 58 2
3909 2 10 2
3910 2 10 2
2482 2 54 2
2483 2 12 2
3908 2 192 2
3906 2 98 2
2494 2 68 2
2495 2 50 2
3919 2 26 2
3920 2 22 2
3904 2 16 2
3933 2 14 2
3934 2 12 2
3931 2 14 2
3932 2 12 2
3929 2 14 2
3930 2 12 2
3927 2 360 2
3926 2 358 2
3925 2 340 2
2507 2 304 2
2508 2 206 2
2509 2 182 2
4295 2 176 2
3922 2 176 2
3952 2 122 2
3953 2 104 2
2517 2 82 2
2518 2 74 2
2516 2 64 2
3949 2 54 2
2513 2 50 2
3948 2 50 2
3946 2 44 2
3945 2 38 2
3943 2 34 2
3944 2 34 2
2529 2 30 2
2530 2 26 2
3971 2 24 2
3969 2 24 2
3968 2 24 2
3967 2 22 2
3965 2 22 2
3966 2 20 2
2524 2 16 2
2525 2 14 2
2526 2 14 2
2522 2 12 2
2523 2 12 2
3962 2 10 2
2521 2 10 2
3987 2 10 2
2538 2 10 2
2539 2 10 2
2540 2 88 2
3981 2 56 2
3982 2 20 2
2534 2 30 2
1851 2 20 2
1341 2 22 2
1849 2 20 2
4013 2 62 2
4012 2 22 2
4010 2 18 2
4005 2 10 2
4195 2 32 2
4196 2 12 2
4193 2 10 2
4194 2 32 2
1755 2 22 2
1756 2 22 2
1757 2 102 2
4205 2 26 2
4204 2 18 2
2658 2 10 2
4201 2 10 2
4200 2 14 2
4199 2 10 2
4211 2 26 2
4209 2 20 2
4207 2 18 2
1346 2 20 2
4216 2 18 2
1026 2 42 2
4212 2 14 2
4220 2 26 2
4221 2 16 2
2659 2 40 2
2660 2 24 2
4218 2 166 2
4219 2 12 2
4231 2 20 2
1767 2 14 2
1768 2 88 2
4228 2 10 2
4227 2 22 2
4226 2 14 2
1765 2 20 2
1766 2 12 2
4241 2 90 2
4237 2 16 2
2666 2 14 2
2667 2 62 2
4232 2 24 2
4233 2 14 2
1296 2 96 2
4246 2 20 2
4247 2 66 2
1319 2 46 2
4245 2 12 2
982 2 10 2
2676 2 24 2
2677 2 22 2
2675 2 20 2
1295 2 20 2
2689 2 10 2
2690 2 32 2
1776 2 14 2
1777 2 72 2
1778 2 16 2
4262 2 14 2
2685 2 160 2
2682 2 90 2
2683 2 38 2
2684 2 30 2
4267 2 28 2
4268 2 24 2
4260 2 24 2
4259 2 18 2
4279 2 16 2
4280 2 14 2
4278 2 12 2
4276 2 10 2
2692 2 40 2
549 2 38 2
550 2 34 2
469 2 16 2
551 2 16 2
546 2 12 2
547 2 10 2
548 2 26 2
2691 2 20 2
4273 2 212 2
4270 2 60 2
4271 2 40 2
4283 2 34 2
466 2 30 2
4291 2 18 2
2699 2 12 2
2700 2 34 2
768 2 24 2
2696 2 20 2
2697 2 100 2
2698 2 86 2
4285 2 36 2
1779 2 20 2
1780 2 10 2
2720 2 10 2
2715 2 38 2
949 2 36 2
1350 2 18 2
1351 2 14 2
1034 2 28 2
1035 2 12 2
1036 2 10 2
1037 2 10 2
1348 2 12 2
1349 2 12 2
1347 2 10 2
2704 2 88 2
2705 2 22 2
2703 2 32 2
1859 2 12 2
1860 2 54 2
1861 2 36 2
2702 2 12 2
2741 2 18 2
2742 2 14 2
2737 2 156 2
1354 2 18 2
1355 2 32 2
1356 2 10 2
1357 2 16 2
2734 2 12 2
2735 2 10 2
2731 2 26 2
2732 2 18 2
2730 2 24 2
2969 2 12 2
2978 2 44 2
2979 2 14 2
602 2 40 2
2005 2 28 2
2006 2 14 2
2976 2 14 2
2974 2 12 2
2975 2 10 2
2010 2 20 2
2011 2 10 2
782 2 74 2
1411 2 22 2
1412 2 296 2
1290 2 34 2
2985 2 24 2
2995 2 16 2
2994 2 10 2
2991 2 10 2
850 2 10 2
851 2 30 2
852 2 16 2
853 2 12 2
2989 2 28 2
2990 2 14 2
2998 2 68 2
2999 2 16 2
2013 2 14 2
2996 2 26 2
3011 2 12 2
3008 2 10 2
2014 2 12 2
3005 2 10 2
3004 2 32 2
3003 2 24 2
2019 2 10 2
3022 2 10 2
3023 2 14 2
3019 2 12 2
1075 2 50 2
1076 2 10 2
1077 2 24 2
2021 2 16 2
1807 2 14 2
3027 2 14 2
3026 2 10 2
3042 2 28 2
3043 2 18 2
3040 2 14 2
3037 2 22 2
3038 2 18 2
3031 2 16 2
2025 2 40 2
2026 2 16 2
3051 2 12 2
3050 2 10 2
3047 2 62 2
3060 2 12 2
3058 2 20 2
3059 2 16 2
3055 2 18 2
2030 2 14 2
2031 2 130 2
3054 2 60 2
1416 2 16 2
1417 2 12 2
1418 2 12 2
1419 2 22 2
3064 2 10 2
1425 2 18 2
1423 2 16 2
1424 2 20 2
3072 2 14 2
3069 2 84 2
3070 2 56 2
3068 2 10 2
2035 2 104 2
2036 2 18 2
3067 2 12 2
3078 2 10 2
3075 2 28 2
3076 2 16 2
3090 2 82 2
1431 2 20 2
1432 2 54 2
1433 2 34 2
1434 2 12 2
3085 2 10 2
3086 2 28 2
1430 2 14 2
1429 2 10 2
3084 2 10 2
1808 2 20 2
586 2 12 2
2041 2 22 2
3082 2 14 2
3080 2 20 2
3081 2 10 2
3106 2 18 2
3107 2 10 2
1436 2 116 2
1437 2 104 2
1435 2 40 2
2047 2 32 2
2048 2 24 2
2044 2 10 2
2045 2 34 2
2046 2 18 2
3093 2 10 2
3127 2 38 2
1303 2 28 2
3125 2 28 2
3121 2 12 2
3118 2 28 2
3115 2 10 2
2210 2 18 2
2211 2 14 2
1136 2 24 2
1137 2 16 2
1138 2 12 2
1139 2 112 2
1140 2 78 2
1537 2 32 2
1538 2 18 2
1825 2 18 2
3407 2 12 2
2212 2 16 2
2213 2 10 2
3406 2 478 2
3400 2 132 2
3401 2 120 2
3411 2 106 2
3418 2 102 2
998 2 78 2
3417 2 74 2
3412 2 68 2
3413 2 38 2
2219 2 38 2
2220 2 36 2
2221 2 36 2
2217 2 36 2
2218 2 34 2
3419 2 28 2
3426 2 26 2
3424 2 26 2
3425 2 20 2
3421 2 20 2
3422 2 16 2
3420 2 14 2
2223 2 14 2
2224 2 10 2
2225 2 12 2
1545 2 10 2
1546 2 72 2
3429 2 38 2
1827 2 20 2
3443 2 14 2
3440 2 10 2
3441 2 10 2
3439 2 10 2
3437 2 10 2
3438 2 10 2
2229 2 10 2
3433 2 14 2
1551 2 10 2
1552 2 20 2
3448 2 12 2
3447 2 12 2
3456 2 12 2
3457 2 120 2
3455 2 52 2
3452 2 46 2
1553 2 26 2
1554 2 22 2
1558 2 14 2
1002 2 10 2
1559 2 10 2
1560 2 14 2
2242 2 10 2
2243 2 34 2
2241 2 18 2
2239 2 12 2
2240 2 212 2
3461 2 16 2
2247 2 34 2
3464 2 14 2
3463 2 82 2
3462 2 46 2
1566 2 34 2
1567 2 10 2
1565 2 16 2
1568 2 10 2
1569 2 22 2
1570 2 12 2
2255 2 10 2
3466 2 26 2
1148 2 18 2
1149 2 448 2
1150 2 48 2
3471 2 14 2
3470 2 28 2
3469 2 24 2
881 2 46 2
882 2 16 2
883 2 14 2
3484 2 10 2
3485 2 54 2
1572 2 22 2
1573 2 14 2
1574 2 10 2
1571 2 10 2
3480 2 66 2
787 2 38 2
3478 2 18 2
3474 2 12 2
2257 2 14 2
3505 2 10 2
2262 2 24 2
2263 2 22 2
1006 2 16 2
2261 2 10 2
2260 2 46 2
3498 2 22 2
3499 2 10 2
3495 2 12 2
1642 2 10 2
3738 2 28 2
3739 2 18 2
2385 2 16 2
2381 2 70 2
2382 2 24 2
2380 2 20 2
3731 2 12 2
3732 2 10 2
1840 2 10 2
3726 2 16 2
3723 2 14 2
3760 2 26 2
3758 2 22 2
2392 2 14 2
3751 2 10 2
3750 2 34 2
3749 2 26 2
3748 2 24 2
3770 2 20 2
