0 83 83 83 83 83 83 83 83 83 83 83 68 83 83 83 
1 223 223 1019 223 223 223 223 223 223 223 223 223 
2 223 293 223 223 223 223 223 223 223 148 223 223 802 223 223 223 223 223 223 
3 223 223 223 223 223 879 223 223 223 832 223 223 223 295 223 223 618 
4 223 223 223 223 223 223 223 223 223 223 223 9 223 223 223 148 
5 223 223 223 223 223 223 223 223 223 223 223 223 312 223 223 223 
6 223 223 223 223 107 223 223 223 223 223 223 1621 223 223 223 
7 34 83 34 34 34 34 34 34 34 34 34 34 34 34 34 34 34 34 
8 223 76 223 223 223 1687 223 223 223 223 223 223 223 223 223 223 223 
9 34 34 34 34 34 34 34 34 34 34 34 34 34 34 637 34 34 
10 34 34 34 563 787 34 34 56 34 50 34 34 34 168 162 34 34 
11 223 223 223 223 223 223 223 223 223 223 107 223 1550 
12 223 223 223 223 223 223 223 223 223 526 223 223 
13 34 34 34 34 34 34 34 34 34 34 34 34 34 34 34 34 
14 223 223 223 223 223 223 321 223 223 223 1445 223 223 
15 312 312 312 312 312 312 869 312 312 312 312 312 312 312 312 312 
16 34 34 34 34 34 34 34 34 34 168 34 34 34 34 
17 223 223 223 223 223 223 223 223 223 223 223 223 223 223 223 223 223 223 
18 802 802 802 802 802 802 802 802 802 802 34 802 802 802 802 
19 312 312 312 312 312 312 312 312 312 312 312 312 
20 223 253 223 223 34 223 223 223 223 223 223 223 223 
21 223 223 223 223 223 223 223 223 223 223 223 223 223 223 223 
22 9 9 83 9 9 9 9 9 9 9 1046 9 83 253 9 
23 312 312 312 312 312 312 312 312 312 312 443 312 312 312 804 312 
24 223 223 223 223 223 223 223 223 223 223 223 223 223 223 223 223 223 223 
25 312 312 312 312 312 312 312 312 312 312 312 312 312 312 312 312 
26 223 223 223 223 223 223 223 223 223 223 885 223 223 
27 312 312 312 312 312 214 214 312 312 312 312 312 312 312 
28 312 214 214 214 214 214 214 214 214 214 214 214 214 214 214 
29 784 223 223 223 223 223 223 223 784 223 223 223 1621 223 
30 223 223 223 223 108 223 223 223 223 223 223 637 223 223 223 223 223 223 
31 223 223 223 223 223 223 223 223 223 223 223 223 223 223 
32 223 223 223 223 223 223 223 223 223 223 223 223 223 223 223 223 
33 223 223 223 223 223 223 223 223 223 223 223 223 223 223 
34 223 223 223 223 223 83 223 218 223 223 223 223 223 223 83 223 223 
35 34 34 34 34 665 34 236 34 109 34 34 34 34 34 34 34 
36 223 223 223 223 223 223 223 223 223 223 223 223 223 223 223 223 223 223 
37 34 763 34 34 295 802 784 34 34 34 34 9 34 784 34 
38 223 223 223 1339 223 223 223 223 223 223 223 223 223 223 223 
39 223 223 223 223 223 223 223 223 223 252 223 223 
40 223 223 223 223 223 223 223 223 223 223 223 223 223 223 223 223 223 223 223 
41 223 223 223 223 223 223 223 223 223 223 223 
42 312 312 312 312 312 312 312 312 312 312 312 312 79 312 312 
43 223 223 223 223 137 223 223 223 223 223 223 223 223 223 223 
44 223 50 223 1222 223 223 223 360 223 223 223 223 223 223 79 24 223 
45 34 34 34 34 34 343 34 34 34 34 34 34 34 34 34 34 34 34 34 
46 312 312 312 312 312 312 312 312 312 312 312 312 312 312 312 312 
47 223 223 223 223 223 223 9 223 258 223 223 223 223 223 223 
48 223 223 223 223 223 1687 1525 223 223 223 223 223 223 223 223 223 223 
49 223 223 223 223 223 223 223 223 223 223 223 223 223 223 223 
50 83 1222 784 784 784 784 1550 784 784 784 83 784 784 784 214 784 
51 312 312 312 312 312 312 312 312 312 312 312 312 312 312 312 312 312 312 
52 223 223 665 223 223 223 223 223 223 223 223 223 223 223 1976 223 223 223 
53 34 34 34 879 34 34 34 42 34 34 
54 802 802 802 802 802 802 802 802 802 802 214 802 802 802 
55 223 223 223 223 223 223 223 223 223 223 223 223 223 223 223 223 
56 832 83 312 312 312 312 312 312 312 904 312 312 312 312 312 312 312 526 
57 223 223 50 10 223 223 223 223 223 223 223 223 223 129 223 
58 223 223 223 1786 223 223 223 223 223 223 223 223 223 223 1942 223 
59 223 223 223 223 223 223 223 223 223 223 223 223 223 223 223 223 223 223 
