0 108 108 108 2360 108 108 108 108 1102 224 108 68 68 108 108 
1 108 108 1783 108 68 108 108 108 249 108 378 957 
2 784 248 108 108 175 68 34 957 476 378 108 108 802 34 1102 2360 108 108 1102 
3 223 108 108 34 34 34 224 34 108 832 108 957 108 108 46 1102 904 
4 1102 957 108 108 108 108 108 34 456 1102 108 56 108 108 832 34 
5 108 108 34 108 34 108 34 957 108 456 108 108 312 108 34 223 
6 957 107 108 108 34 108 108 34 108 108 68 1621 108 108 108 
7 108 108 108 1102 108 34 108 108 378 1102 34 1102 108 108 108 34 108 1102 
8 108 179 957 34 108 1687 957 34 108 108 108 108 108 108 108 108 957 
9 108 1102 108 108 34 108 108 378 108 2360 34 108 34 34 378 108 34 
10 108 108 108 784 832 34 108 103 34 224 241 1102 107 168 312 34 34 
11 108 1102 34 108 108 456 1102 34 832 802 107 108 65 
12 108 957 1102 108 68 108 108 108 34 784 108 34 
13 588 1838 108 34 108 34 957 108 378 108 1102 34 615 2360 108 108 
14 957 1102 65 2360 108 108 34 108 108 957 1445 108 108 
15 224 957 957 108 108 33 869 108 108 108 108 1102 615 108 1102 1102 
16 108 1102 68 108 1102 108 1102 1102 34 107 1102 108 108 108 
17 108 108 108 65 108 108 34 241 108 1102 108 110 108 957 1102 108 34 108 
18 108 108 108 108 108 108 108 239 108 834 34 957 1102 1102 1102 
19 34 34 2158 108 108 108 34 1102 108 108 2360 108 
20 223 34 378 34 34 108 108 223 108 108 108 108 108 
21 108 1102 957 224 108 50 957 108 1102 456 108 1102 1102 1547 108 
22 1102 175 50 1102 50 34 108 34 9 957 45 456 34 34 34 
23 224 1430 108 108 108 34 34 108 108 108 637 312 108 108 108 108 
24 957 56 108 957 1102 108 108 108 34 108 1102 108 108 108 1102 561 108 108 
25 108 1102 108 108 108 108 108 108 108 108 108 34 108 108 108 561 
26 108 108 108 108 108 108 108 378 1102 34 1244 241 108 
27 108 34 108 108 108 65 378 834 312 34 784 108 108 2360 
28 34 108 108 108 214 34 108 108 108 108 1102 108 784 108 1102 
29 784 108 108 108 108 1102 784 108 784 34 1547 567 1621 108 
30 108 108 34 108 108 1102 1102 108 108 108 1102 312 108 108 108 108 108 583 
31 108 108 34 108 1102 378 241 108 1102 108 378 1102 2360 108 
32 108 108 1102 108 2360 108 108 108 108 1102 218 108 108 108 108 108 
33 34 108 565 34 108 1339 108 108 241 1102 108 1102 834 2360 
34 108 108 108 957 68 1045 68 378 108 957 108 456 108 2200 108 108 312 
35 1102 108 108 34 784 108 459 108 108 108 1102 1102 34 34 108 108 
36 108 223 214 1102 784 1102 108 108 108 108 108 802 108 34 34 108 108 108 
37 108 763 108 34 378 108 784 378 1102 1102 108 56 108 784 34 
38 108 108 1102 1339 108 108 108 1102 108 1102 108 108 108 108 1058 
39 108 108 108 108 1102 34 50 1339 108 63 34 108 
40 108 108 1102 108 1102 2360 241 1102 108 108 108 108 957 108 258 108 108 957 108 
41 108 1102 108 957 108 1102 241 108 1102 108 957 
42 108 108 108 108 108 34 378 260 34 108 108 957 79 108 784 
43 108 108 34 108 1881 108 1194 1102 108 108 1102 34 2360 108 108 
44 108 50 108 784 784 108 2360 790 108 108 108 1079 108 108 214 24 34 
45 1102 108 1102 1102 1102 108 2360 108 1102 1102 108 108 108 34 108 108 34 108 108 
46 34 34 108 108 957 108 1102 108 218 904 1102 425 34 108 784 34 
47 108 378 1102 34 108 108 9 34 258 108 108 1102 108 34 258 
48 1102 34 1102 108 108 1687 784 34 108 108 108 1102 108 2360 108 1102 108 
49 108 1102 108 1102 108 108 108 108 108 108 223 957 34 108 108 
50 108 312 2360 108 34 108 1550 108 108 34 343 1102 108 34 1102 108 
51 34 241 108 108 108 108 108 378 34 108 56 108 108 108 34 957 1102 108 
52 108 108 34 108 108 108 34 108 957 108 1102 108 108 1102 1886 1102 784 34 
53 1102 1102 108 879 1102 34 108 832 957 108 
54 34 108 1102 108 34 108 108 108 108 108 214 108 108 1102 
55 1102 108 108 108 108 108 108 108 1102 108 108 108 957 108 561 34 
56 34 50 108 56 108 108 312 1102 108 904 456 34 108 108 108 68 108 425 
57 957 108 50 10 34 34 108 108 108 456 108 108 108 68 957 
58 108 615 1102 1786 108 108 34 34 108 615 108 1102 1339 784 1942 34 
59 378 108 108 108 615 34 108 34 108 312 108 2360 34 108 34 108 34 561 
