0 83 83 83 83 83 83 83 83 83 83 83 68 83 83 83 
1 223 223 1019 223 223 223 223 223 223 223 223 223 
2 223 293 223 223 223 223 223 223 223 148 223 223 802 223 223 223 223 223 223 
3 223 223 223 223 223 312 223 223 223 1942 223 223 223 34 223 223 618 
4 223 223 223 223 223 223 223 223 223 223 223 9 223 223 223 312 
5 223 223 223 223 223 223 223 223 223 223 223 223 312 223 223 223 
6 223 223 223 223 34 223 223 223 223 223 223 1621 223 223 223 
7 34 239 34 34 34 34 34 34 34 34 34 34 34 34 34 34 34 34 
8 223 76 223 223 223 1687 223 223 223 223 223 223 223 223 223 223 223 
9 34 34 34 34 34 34 34 34 34 34 34 34 34 34 223 34 34 
10 34 34 34 214 787 34 34 56 34 223 34 34 34 168 162 34 34 
11 223 223 223 223 223 223 223 223 223 223 107 223 1550 
12 223 223 223 223 223 223 223 223 223 312 223 223 
13 34 34 34 34 34 34 34 34 34 34 34 34 34 34 34 34 
14 223 223 223 223 223 223 321 223 223 223 1445 223 223 
15 312 312 312 312 312 312 869 312 312 312 312 312 312 312 312 312 
16 223 223 223 223 223 223 223 223 34 223 223 223 223 223 
17 223 223 223 223 223 223 223 223 223 223 223 223 223 223 223 223 223 223 
18 223 223 223 223 223 223 223 223 223 223 34 223 223 223 223 
19 312 312 312 312 312 312 312 312 312 312 312 312 
20 223 253 223 223 34 223 223 223 223 223 223 223 223 
21 223 223 223 223 223 223 223 223 223 223 223 223 223 223 223 
22 34 34 50 34 223 34 34 34 9 34 1046 34 34 34 34 
23 312 223 223 223 223 223 223 223 223 223 223 312 223 223 223 223 
24 223 223 223 223 223 223 223 223 223 223 223 223 223 223 223 223 223 223 
25 312 312 312 312 312 312 312 312 312 312 312 312 312 312 312 312 
26 223 223 223 223 223 223 223 223 223 223 885 223 223 
27 312 312 312 312 312 214 223 312 312 312 312 312 312 312 
28 223 223 223 223 214 223 223 223 223 223 223 223 223 223 223 
29 784 223 223 223 223 223 223 223 784 223 223 223 1621 223 
30 223 223 223 223 108 223 223 223 223 223 223 312 223 223 223 223 223 223 
31 223 223 223 223 223 223 223 223 223 223 223 223 223 223 
32 223 223 223 223 223 223 223 223 223 223 223 223 223 223 223 223 
33 223 223 223 223 223 223 223 223 223 223 223 223 223 223 
34 223 223 223 223 223 83 223 218 223 223 223 223 223 223 83 223 223 
35 223 223 223 223 312 223 236 223 223 223 223 223 223 34 223 223 
36 223 223 223 223 223 223 223 223 223 223 223 223 223 223 223 223 223 223 
37 34 763 34 34 239 802 784 34 34 34 34 9 34 223 34 
38 223 223 223 1339 223 223 223 223 223 223 223 223 223 223 223 
39 223 223 223 223 223 223 223 223 223 252 223 223 
40 223 223 223 223 223 223 223 223 223 223 223 223 223 223 223 223 223 223 223 
41 223 223 223 223 223 223 223 223 223 223 223 
42 312 312 312 312 312 312 312 312 312 312 312 312 79 312 312 
43 223 223 223 223 137 223 223 223 223 223 223 223 223 223 223 
44 223 50 223 1194 223 223 223 1621 223 223 223 223 223 223 214 24 223 
45 34 34 34 34 34 343 34 34 34 34 34 34 34 34 34 34 34 34 34 
46 312 312 312 312 312 312 312 312 312 312 312 312 312 312 312 312 
47 223 223 223 223 223 223 9 223 258 223 223 223 223 223 223 
48 223 223 223 223 223 1687 802 223 223 223 223 223 223 223 223 223 223 
49 223 223 223 223 223 223 223 223 223 223 223 223 223 223 223 
50 83 312 223 223 700 223 1550 223 223 223 83 223 223 223 223 223 
51 312 312 312 312 312 312 312 312 312 312 312 312 312 312 312 312 312 312 
52 223 223 34 223 223 223 223 223 223 223 223 223 223 223 312 223 223 223 
53 312 312 312 879 312 524 312 312 312 312 
54 223 223 223 223 223 223 223 223 223 223 214 223 223 223 
55 223 223 223 223 223 223 223 223 223 223 223 223 223 223 223 223 
56 832 83 312 312 312 312 312 312 312 784 312 312 312 312 312 312 312 526 
57 223 223 50 10 223 223 223 223 223 223 223 223 223 129 223 
58 223 223 223 1786 223 223 223 223 223 223 223 223 223 223 1942 223 
59 223 223 223 223 223 223 223 223 223 223 223 223 223 223 223 223 223 223 
