0 223 223 223 223 223 223 223 223 223 83 223 68 78 223 78 
1 223 223 1019 223 78 223 223 223 1233 223 223 223 
2 223 248 223 223 223 78 223 223 476 148 223 223 802 223 376 223 223 223 223 
3 223 223 223 223 223 1687 223 223 223 1942 223 223 223 34 223 223 618 
4 1704 223 78 223 223 223 223 223 223 376 223 9 223 223 223 1068 
5 223 223 2455 223 223 1438 223 223 1614 223 253 223 312 223 223 223 
6 223 223 223 1445 602 223 223 223 223 223 78 1621 223 223 1803 
7 223 10 223 223 223 223 223 223 223 223 223 376 223 223 223 183 223 223 
8 223 179 223 223 223 1687 223 223 223 1614 223 223 223 78 223 223 223 
9 321 223 223 223 223 223 223 223 223 223 582 223 223 34 223 223 253 
10 223 223 1869 1194 787 223 223 103 223 223 223 223 107 168 162 223 427 
11 223 223 223 223 223 223 376 223 476 223 107 253 316 
12 223 223 223 1803 253 223 253 223 223 312 1024 223 
13 223 223 1803 223 223 253 223 223 1614 223 223 223 223 2145 376 223 
14 223 1704 223 1293 223 223 321 223 1942 223 1445 223 223 
15 223 535 223 1019 223 223 869 223 223 223 223 223 223 223 223 223 
16 223 223 253 223 223 223 253 223 34 223 376 223 223 223 
17 223 223 253 223 223 223 223 253 223 223 223 223 223 223 223 223 1614 223 
18 223 223 223 253 223 253 223 223 223 223 34 223 223 223 223 
19 223 223 223 223 223 223 312 223 223 223 1293 223 
20 223 253 223 223 34 223 223 223 223 223 223 253 223 
21 223 223 223 223 223 223 223 223 1675 223 223 223 223 223 223 
22 223 223 50 223 223 223 223 223 9 223 1046 223 34 253 183 
23 312 223 1614 223 223 223 223 223 223 223 223 312 223 223 223 223 
24 376 223 223 223 223 223 223 223 321 1942 223 223 376 223 223 223 223 223 
25 223 223 78 223 223 223 223 223 223 223 223 1528 223 223 223 376 
26 223 223 223 223 223 223 253 223 1293 223 885 253 223 
27 1614 312 223 223 223 214 223 700 312 223 1852 1869 223 223 
28 223 223 223 1614 214 253 223 223 223 223 223 223 1942 223 223 
29 784 223 253 223 223 223 223 223 784 223 223 223 1621 223 
30 223 223 223 223 1558 223 223 223 223 223 376 312 223 223 223 2341 223 583 
31 223 223 223 223 223 1614 223 223 223 223 223 223 223 223 
32 223 223 376 223 1293 223 1438 223 223 1293 223 223 223 223 223 223 
33 223 1869 223 223 223 223 223 223 253 1675 1704 223 700 223 
34 223 223 223 223 253 1045 78 218 223 39 223 223 223 223 10 223 223 
35 1614 223 223 223 312 223 464 223 223 223 223 223 223 34 253 223 
36 223 223 223 223 1019 223 223 223 223 223 253 223 223 1019 223 223 2341 1803 
37 223 763 223 1741 239 802 312 223 1293 253 223 9 223 223 34 
38 223 223 223 1339 223 223 223 1675 223 223 223 223 223 223 376 
39 223 223 223 1614 223 223 223 223 1704 252 223 223 
40 223 223 223 223 223 1293 223 223 223 1675 223 223 223 223 223 223 223 223 223 
41 223 223 223 223 223 223 223 223 223 223 223 
42 223 223 223 312 223 223 223 223 223 223 223 223 79 1847 223 
43 223 223 253 223 1687 223 223 1675 223 223 223 223 223 223 223 
44 1704 50 223 1194 1019 223 223 790 1019 223 223 223 223 223 214 24 1942 
45 223 223 223 223 223 343 1293 1438 223 223 223 223 376 34 223 223 871 223 1019 
46 223 223 223 223 376 1869 223 223 1019 223 1675 312 223 223 885 223 
47 223 223 223 223 223 223 9 223 258 223 223 223 223 223 223 
48 1614 223 223 253 223 1687 802 476 223 223 223 223 1704 223 223 223 223 
49 223 223 223 223 1675 223 223 223 223 223 223 223 223 223 223 
50 83 312 1293 223 700 223 1550 223 223 223 83 223 223 223 223 223 
51 253 223 223 223 223 223 223 1614 1019 223 526 223 223 1445 748 223 223 223 
52 223 223 34 223 223 223 223 223 223 223 1675 223 253 223 1714 223 223 223 
53 376 223 223 879 223 582 223 312 223 223 
54 223 223 223 1614 223 223 1942 254 223 223 214 223 223 223 
55 223 223 223 223 223 223 1019 223 1293 223 223 223 223 223 376 223 
56 34 50 223 312 223 376 312 223 223 784 223 312 223 223 223 312 223 526 
57 535 223 50 10 253 253 1497 223 223 223 223 223 223 97 223 
58 223 223 223 1786 223 223 223 253 223 223 223 223 223 223 1942 223 
59 223 223 223 223 223 223 223 223 223 1768 223 223 223 223 223 223 1024 376 
