1977 2 21 2
315 3 101 3
197 2 20 2
760 2 21 2
17 2 17 2
1183 2 15 2
219 2 11 2
1184 3 20 3
1978 2 13 2
24 2 15 2
152 4 50 4
283 6 52 5
1979 3 21 3
192 3 32 3
761 3 45 3
744 2 31 2
296 3 29 3
156 2 15 2
300 2 16 2
1248 2 11 2
813 2 25 2
276 4 24 4
811 2 10 2
812 2 17 2
99 2 19 2
389 2 10 2
429 5 62 5
1597 3 18 3
1598 2 20 2
390 2 12 2
274 2 13 2
2095 3 24 3
2096 4 44 4
1599 8 76 6
5 6 88 5
2099 6 74 5
2100 2 12 2
262 2 32 2
2101 2 18 2
377 2 19 2
53 2 21 2
2102 3 53 3
207 2 12 2
18 2 19 2
483 3 74 3
198 4 42 4
238 6 58 5
1600 2 28 2
1601 2 15 2
2104 5 32 5
49 4 75 4
30 3 31 3
590 2 18 2
277 2 17 2
691 5 56 5
689 2 12 2
9 4 42 4
690 23 600 11
591 5 80 5
815 2 21 2
144 2 12 2
777 2 11 2
2106 4 53 4
586 4 31 4
165 2 21 2
41 4 31 4
436 4 39 4
124 2 23 2
172 7 79 6
700 2 19 2
1261 3 16 3
200 2 16 2
115 2 14 2
134 2 12 2
139 6 88 5
301 2 29 2
37 2 39 2
89 2 12 2
155 2 15 2
19 2 16 2
210 3 32 3
223 2 23 2
224 5 68 5
11 2 21 2
225 2 13 2
185 2 45 2
226 2 12 2
211 4 60 4
62 4 25 4
220 2 23 2
221 3 52 3
222 5 56 5
1000 10 152 8
181 4 39 4
778 7 71 6
1264 2 17 2
128 20 528 13
1265 3 22 3
1266 2 11 2
824 4 67 4
2110 5 135 5
692 7 275 5
693 6 89 5
349 4 35 4
374 3 33 3
2111 3 20 3
536 4 26 4
140 5 43 5
6 8 143 6
131 4 36 4
118 5 39 5
550 2 12 2
1609 2 10 2
104 10 140 7
1332 7 123 6
2113 5 88 5
1269 2 14 2
840 2 19 2
1610 3 55 3
485 7 65 6
133 2 18 2
290 2 17 2
278 2 13 2
65 3 20 3
694 2 12 2
72 2 15 2
583 3 23 3
695 2 20 2
379 2 14 2
35 2 20 2
335 3 30 3
100 2 35 2
48 2 19 2
171 2 27 2
108 4 37 4
184 2 15 2
303 2 27 2
70 2 12 2
336 3 36 3
82 2 14 2
1611 3 30 3
1271 2 13 2
1272 4 52 4
895 3 20 3
581 4 26 4
25 2 16 2
623 4 55 4
469 3 35 3
86 4 38 4
976 3 20 3
1457 5 77 5
1115 2 11 2
1116 2 33 2
896 3 19 3
559 2 18 2
1117 3 27 3
112 2 13 2
260 4 29 4
55 3 23 3
1932 4 37 4
331 2 15 2
394 2 12 2
73 2 13 2
728 2 19 2
69 2 20 2
489 3 25 3
1935 5 103 5
1936 2 10 2
34 2 12 2
1185 3 24 3
237 9 188 7
1937 3 20 3
1938 3 24 3
1121 2 35 2
1939 3 41 3
947 6 173 6
1519 4 53 4
1940 3 21 3
955 3 25 3
1459 2 11 2
1460 2 13 2
1941 6 67 5
50 2 16 2
365 2 13 2
1123 3 21 3
1461 5 75 5
1125 4 76 4
1124 2 11 2
1126 2 18 2
670 2 11 2
441 2 18 2
900 3 19 3
1946 2 16 2
322 2 11 2
1947 2 12 2
906 4 50 4
364 5 80 5
159 10 454 9
1949 2 13 2
1950 3 20 3
1951 2 17 2
1465 2 15 2
42 2 17 2
248 5 87 5
495 3 22 3
1467 2 15 2
1468 3 44 3
730 2 14 2
731 3 38 3
203 2 27 2
1469 4 59 4
653 2 49 2
1471 3 32 3
76 2 24 2
7 3 19 3
902 4 31 4
1511 3 30 3
143 3 16 3
176 5 41 5
1542 5 74 5
1954 3 17 3
1955 4 40 4
903 4 35 4
1 2 23 2
59 5 37 5
968 2 10 2
380 3 26 3
1215 2 15 2
1216 3 29 3
799 2 14 2
261 2 15 2
373 3 41 3
1209 2 14 2
567 2 11 2
313 2 12 2
1219 2 19 2
205 3 35 3
421 2 13 2
1557 2 13 2
74 4 52 4
2019 2 37 2
326 7 71 6
678 4 33 4
56 2 28 2
16 3 21 3
443 11 323 8
2021 2 20 2
975 2 15 2
232 3 22 3
393 7 77 6
2023 3 28 3
2024 5 107 5
98 2 16 2
60 2 14 2
58 2 14 2
972 2 12 2
973 3 65 3
974 3 18 3
8 4 34 4
103 3 41 3
199 7 126 6
332 3 24 3
333 2 14 2
334 2 12 2
183 2 12 2
1564 2 20 2
2026 2 15 2
2027 2 19 2
1221 2 17 2
534 4 32 4
1158 3 18 3
2082 2 15 2
479 4 71 4
2085 2 38 2
1159 2 83 2
2090 4 40 4
772 2 11 2
532 2 16 2
994 8 113 6
511 2 17 2
1591 5 42 5
2241 3 26 3
285 5 43 5
2093 5 47 5
764 15 166 8
1243 3 57 3
54 2 13 2
686 2 13 2
687 3 34 3
1594 3 25 3
1595 3 23 3
1246 3 29 3
1596 3 51 3
1032 2 24 2
1247 2 25 2
102 3 48 3
1250 4 28 4
598 3 30 3
1249 2 19 2
958 3 31 3
1251 4 40 4
774 4 34 4
63 2 12 2
607 3 89 3
608 2 12 2
609 2 12 2
247 3 23 3
832 2 10 2
1258 2 14 2
1259 2 14 2
512 2 21 2
319 2 19 2
2 3 40 3
656 2 15 2
106 2 12 2
2108 3 35 3
320 3 24 3
372 2 10 2
1376 2 17 2
642 2 15 2
1296 2 13 2
125 3 30 3
1299 2 20 2
637 2 13 2
1642 5 43 5
1643 5 57 5
939 2 58 2
1394 2 15 2
1302 2 11 2
151 2 10 2
1301 2 21 2
1649 3 46 3
940 2 36 2
561 2 31 2
1650 4 59 4
2175 2 16 2
2176 2 22 2
696 2 11 2
697 2 13 2
487 2 15 2
298 3 24 3
417 4 59 4
2179 2 23 2
10 3 21 3
1304 7 72 6
488 2 17 2
530 3 31 3
920 4 58 4
504 2 21 2
614 3 19 3
1020 3 21 3
1021 3 49 3
486 4 102 4
2183 3 64 3
2184 2 14 2
633 2 22 2
782 3 25 3
1658 2 24 2
2190 2 40 2
737 4 29 4
201 2 32 2
1016 6 52 5
1320 4 37 4
2259 2 15 2
1018 2 13 2
1035 4 25 4
1036 2 16 2
1037 3 42 3
1038 2 24 2
1039 4 40 4
477 2 37 2
632 2 13 2
663 2 16 2
2266 3 22 3
411 2 30 2
325 3 34 3
579 2 16 2
664 2 17 2
51 8 147 6
391 2 60 2
612 3 19 3
613 3 29 3
110 2 10 2
665 2 16 2
2281 2 19 2
907 2 18 2
1167 2 12 2
2283 3 27 3
2284 4 66 4
743 2 16 2
2285 2 20 2
1145 3 34 3
1720 2 18 2
1721 5 32 5
361 6 102 5
703 4 33 4
702 2 11 2
229 2 20 2
1342 2 16 2
2336 4 34 4
1728 2 18 2
1729 2 15 2
1731 2 23 2
1732 2 19 2
1735 3 120 3
1737 2 22 2
1738 2 10 2
1499 4 24 4
61 2 24 2
1169 2 17 2
1146 2 19 2
250 4 74 4
2348 2 13 2
1348 4 65 4
2350 3 24 3
2351 4 73 4
187 3 48 3
1171 4 36 4
1739 3 24 3
2354 2 42 2
2356 5 56 5
2357 2 14 2
1057 3 32 3
121 2 13 2
423 2 19 2
32 4 39 4
123 2 20 2
627 2 12 2
1741 2 11 2
2359 2 26 2
1508 4 71 4
1374 3 25 3
2398 3 17 3
1764 4 32 4
1765 3 17 3
2403 2 13 2
246 2 16 2
1772 2 20 2
855 3 19 3
484 4 31 4
2407 3 25 3
1071 3 40 3
1072 3 21 3
33 2 17 2
2411 5 46 5
2412 7 76 6
2413 2 17 2
526 2 15 2
780 2 10 2
2420 2 24 2
2421 2 11 2
950 2 14 2
2422 5 50 5
2424 2 18 2
1785 2 36 2
266 4 75 4
357 7 57 6
2427 2 18 2
2428 2 27 2
431 6 56 5
639 2 11 2
784 2 11 2
1792 2 20 2
142 2 30 2
755 2 13 2
258 2 17 2
2432 4 39 4
2433 2 13 2
395 2 39 2
1800 3 24 3
779 7 60 6
2439 5 39 5
1819 6 91 6
1390 2 11 2
1820 2 10 2
748 3 20 3
507 3 27 3
1391 3 22 3
944 2 14 2
585 2 17 2
1393 2 10 2
1458 3 20 3
1826 3 51 3
1137 2 17 2
1828 2 15 2
1829 4 25 4
1832 2 14 2
1395 4 49 4
953 2 21 2
699 2 18 2
716 2 71 2
375 4 50 4
945 2 25 2
666 2 14 2
787 2 16 2
257 2 16 2
575 2 22 2
1397 2 46 2
1399 4 26 4
182 2 14 2
1400 4 156 4
1168 2 10 2
1401 3 24 3
39 2 20 2
1405 4 133 4
1844 2 13 2
1845 2 20 2
1846 2 18 2
346 2 20 2
426 2 10 2
1407 2 20 2
1849 2 12 2
1850 3 25 3
1851 2 10 2
1409 3 50 3
1410 2 13 2
1411 2 12 2
234 2 17 2
1854 2 16 2
881 2 16 2
880 5 44 5
1857 2 21 2
1859 2 13 2
251 2 12 2
22 3 28 3
505 2 16 2
15 2 14 2
616 5 43 5
617 2 18 2
481 5 74 5
615 4 30 4
1141 2 12 2
531 3 29 3
1192 5 54 5
1431 2 36 2
359 3 21 3
1892 2 18 2
337 2 14 2
1435 2 11 2
1176 3 39 3
1896 2 20 2
382 3 26 3
449 2 23 2
450 3 52 3
451 2 10 2
96 3 30 3
452 3 83 3
453 2 34 2
645 2 17 2
440 5 75 5
1903 3 23 3
473 2 12 2
454 2 17 2
455 2 17 2
456 3 25 3
1912 2 17 2
1913 3 29 3
1363 4 45 4
308 2 11 2
1987 2 20 2
1521 2 38 2
1534 8 117 7
1992 2 14 2
12 2 25 2
1991 2 13 2
1199 4 28 4
599 3 19 3
85 3 30 3
328 2 28 2
600 2 20 2
1998 2 30 2
1201 2 35 2
959 2 15 2
960 2 22 2
472 2 11 2
1540 3 21 3
1541 4 51 4
961 2 29 2
347 4 35 4
132 2 20 2
962 2 14 2
529 3 20 3
1206 2 15 2
676 4 43 4
1543 2 14 2
1544 5 78 5
1191 2 12 2
1207 2 38 2
1546 6 91 6
1547 2 19 2
407 2 15 2
746 2 11 2
1550 2 10 2
2047 3 55 3
679 2 11 2
680 3 27 3
681 3 30 3
1151 2 11 2
1252 2 16 2
2051 2 15 2
1001 3 31 3
1155 2 28 2
2117 2 13 2
2055 3 22 3
1229 2 18 2
2064 2 30 2
510 2 10 2
2062 2 15 2
1574 2 20 2
1575 3 22 3
2061 2 20 2
461 2 15 2
988 2 12 2
1292 2 23 2
464 4 24 4
588 7 127 6
989 2 14 2
2066 3 31 3
249 4 61 4
1232 2 34 2
1231 2 14 2
1579 2 19 2
433 2 18 2
821 2 13 2
2076 3 30 3
2077 2 13 2
2130 2 11 2
2129 5 39 5
1619 2 14 2
2135 4 129 4
2134 3 22 3
1282 2 17 2
1620 3 61 3
1278 3 22 3
1279 2 18 2
467 3 73 3
1759 2 14 2
26 3 25 3
1621 2 29 2
911 3 20 3
1283 2 22 2
1064 3 22 3
1284 3 28 3
2139 2 12 2
1623 2 15 2
1622 2 15 2
1285 2 16 2
1286 2 17 2
1289 2 13 2
2146 3 23 3
1627 3 61 3
577 2 15 2
1287 2 16 2
1288 3 51 3
2144 2 17 2
2145 3 30 3
2143 2 10 2
66 2 12 2
2151 4 37 4
1015 2 22 2
858 3 20 3
2155 2 11 2
2154 2 13 2
783 2 20 2
2208 2 20 2
174 2 16 2
425 2 17 2
929 2 12 2
1586 4 39 4
271 4 32 4
2214 2 27 2
942 3 23 3
324 2 13 2
2218 2 17 2
2217 4 156 4
901 3 26 3
1313 2 59 2
2227 2 13 2
2228 2 17 2
2225 2 21 2
2235 2 17 2
1336 4 137 4
2234 2 29 2
2231 2 17 2
2229 2 16 2
2230 3 27 3
661 5 61 5
2239 2 16 2
1135 4 143 4
1486 2 13 2
1136 3 28 3
1027 2 19 2
1675 2 20 2
52 2 23 2
293 2 22 2
71 2 17 2
2249 2 12 2
2247 2 11 2
2248 2 15 2
1316 2 13 2
905 2 37 2
321 2 10 2
281 2 33 2
2245 3 20 3
2246 2 20 2
921 3 43 3
1031 2 16 2
628 3 20 3
302 3 39 3
596 2 14 2
1695 2 14 2
2294 2 15 2
2295 2 38 2
1694 2 26 2
2297 3 75 3
1696 2 22 2
1492 3 68 3
2299 2 19 2
2302 3 28 3
1329 3 37 3
1703 2 27 2
786 3 32 3
1330 3 26 3
2304 2 17 2
2305 2 13 2
256 2 15 2
352 6 67 5
1708 2 11 2
1707 3 32 3
2311 2 14 2
1043 2 21 2
1044 3 49 3
227 2 11 2
1047 5 47 5
1048 2 12 2
1711 2 12 2
460 2 11 2
841 2 12 2
1709 2 17 2
2318 3 54 3
2320 2 30 2
1502 2 12 2
2369 3 28 3
624 2 20 2
2373 2 14 2
2372 2 11 2
537 2 17 2
368 2 14 2
560 2 19 2
1750 2 10 2
1753 2 131 2
2376 3 26 3
1754 3 27 3
204 2 22 2
2379 2 11 2
1755 4 29 4
1756 2 12 2
119 2 15 2
471 4 48 4
1757 3 35 3
638 2 12 2
2389 2 14 2
2388 3 32 3
1507 2 13 2
1758 2 21 2
1359 2 12 2
2395 2 12 2
2394 2 16 2
384 2 17 2
2455 2 22 2
2454 3 29 3
1811 2 32 2
279 4 48 4
148 2 91 2
2457 3 22 3
1078 3 20 3
2459 2 11 2
363 3 33 3
2461 2 17 2
94 2 42 2
1382 3 36 3
1380 2 25 2
1381 2 78 2
1379 4 35 4
4 4 60 4
1377 2 17 2
1513 2 10 2
252 3 25 3
1384 2 21 2
1385 2 23 2
513 3 18 3
482 2 17 2
1813 2 28 2
715 3 68 3
344 4 75 4
386 2 25 2
1157 2 14 2
1165 2 16 2
1224 2 19 2
1387 2 22 2
1166 2 13 2
1876 2 21 2
3 3 86 3
1877 2 26 2
14 3 32 3
154 4 65 4
1421 3 47 3
1062 5 69 5
1423 3 20 3
1878 2 16 2
1879 3 23 3
1422 3 47 3
1880 2 11 2
299 3 24 3
1424 3 17 3
1425 3 39 3
925 2 11 2
1881 4 34 4
414 2 11 2
1882 2 21 2
404 2 15 2
1102 2 14 2
987 2 15 2
90 2 12 2
1883 2 12 2
1884 3 35 3
499 2 22 2
1944 2 25 2
1943 3 24 3
1942 2 19 2
1948 6 229 6
1463 3 17 3
36 5 58 5
1187 2 12 2
1464 6 58 6
292 2 11 2
270 4 56 4
1952 2 13 2
83 3 71 3
1152 4 35 4
1466 2 16 2
1470 3 16 3
732 2 14 2
1953 2 19 2
1472 5 39 5
28 2 19 2
1956 3 60 3
1473 2 12 2
770 2 15 2
1128 2 14 2
1127 2 13 2
1368 2 12 2
64 3 21 3
1475 2 30 2
1476 2 10 2
428 2 11 2
1474 2 14 2
1957 2 25 2
1959 2 23 2
1478 4 77 4
1961 3 29 3
644 2 17 2
1129 2 11 2
1130 2 28 2
1131 2 10 2
1573 2 13 2
1477 2 16 2
287 2 19 2
1963 3 48 3
150 2 13 2
353 3 36 3
189 3 32 3
1562 2 16 2
805 3 32 3
806 2 15 2
807 2 18 2
970 2 18 2
971 3 30 3
2022 3 24 3
45 2 11 2
808 2 10 2
1563 2 12 2
27 2 15 2
2025 2 33 2
422 2 36 2
186 2 93 2
2029 5 55 5
767 2 13 2
2028 2 14 2
1570 3 29 3
682 2 12 2
1571 6 521 6
2030 2 12 2
369 3 43 3
1230 3 45 3
356 2 19 2
1565 2 17 2
1222 2 16 2
2032 3 29 3
1524 2 24 2
2031 2 18 2
2034 3 68 3
2033 2 15 2
162 2 12 2
160 7 110 5
1771 3 44 3
2410 2 20 2
757 5 46 5
282 2 17 2
1367 2 16 2
1774 2 14 2
709 2 15 2
710 2 10 2
711 2 13 2
712 2 17 2
713 2 26 2
2419 3 60 3
1779 2 70 2
1778 2 13 2
1777 3 34 3
860 3 18 3
2417 3 20 3
1073 2 17 2
1074 3 39 3
658 2 16 2
338 2 12 2
1163 3 26 3
158 2 14 2
1076 3 43 3
1075 2 23 2
1791 4 30 4
212 2 12 2
1510 2 18 2
1789 5 31 5
2429 2 13 2
304 2 17 2
1509 2 11 2
2434 2 20 2
1797 4 34 4
1798 3 24 3
1796 2 12 2
1373 2 31 2
1372 2 24 2
1794 2 27 2
1795 2 19 2
1793 2 23 2
430 2 22 2
1503 3 37 3
135 2 24 2
2438 2 19 2
2437 3 29 3
2436 2 16 2
1799 2 14 2
2441 2 30 2
1802 2 15 2
408 10 211 7
1804 3 31 3
458 7 192 7
1087 3 44 3
1088 2 12 2
1833 3 92 3
1398 3 40 3
1084 2 22 2
1085 2 10 2
178 2 46 2
1086 3 15 3
1840 2 10 2
1839 3 29 3
1837 2 22 2
1092 4 32 4
1404 10 91 7
1403 2 21 2
1408 3 50 3
1847 2 13 2
259 2 14 2
1412 2 34 2
120 2 25 2
91 2 20 2
721 2 59 2
316 2 16 2
1860 2 22 2
1154 2 16 2
1414 2 31 2
1861 2 16 2
1863 2 23 2
1862 3 17 3
652 3 31 3
1864 2 38 2
882 2 12 2
883 8 502 6
1095 2 12 2
1107 3 111 3
1891 3 31 3
1438 2 24 2
685 3 45 3
792 2 11 2
660 2 21 2
170 3 17 3
1899 2 18 2
1900 2 12 2
1898 2 20 2
1441 2 13 2
621 2 13 2
620 2 16 2
233 2 22 2
619 2 44 2
618 2 18 2
1905 2 17 2
1904 2 16 2
646 2 15 2
1902 2 12 2
1901 3 29 3
1909 2 19 2
327 2 44 2
427 2 15 2
1761 2 22 2
1914 2 16 2
1443 2 10 2
1911 2 18 2
38 2 18 2
284 2 13 2
1111 2 17 2
310 3 24 3
930 2 26 2
323 2 13 2
503 2 39 2
1916 5 57 5
1445 2 19 2
1179 2 58 2
897 4 36 4
114 2 22 2
109 2 14 2
1919 8 226 8
1918 2 25 2
726 2 27 2
725 2 37 2
724 3 20 3
358 2 28 2
1974 4 204 4
1980 3 34 3
1193 3 32 3
1150 3 72 3
1529 5 332 5
745 2 17 2
491 2 19 2
399 2 14 2
306 3 37 3
736 2 11 2
1505 2 21 2
954 2 17 2
1985 3 29 3
1195 5 101 5
1194 3 43 3
1531 3 59 3
1530 2 21 2
1988 3 20 3
1536 2 23 2
1535 2 10 2
1522 4 120 4
1196 2 44 2
1197 5 112 5
1986 2 21 2
1994 2 27 2
1993 2 17 2
541 2 12 2
675 2 22 2
601 2 64 2
289 4 45 4
798 3 26 3
474 2 15 2
1997 2 13 2
1996 7 50 5
1995 3 36 3
910 2 10 2
1538 2 14 2
1189 4 63 4
1539 3 36 3
1190 2 11 2
2001 2 11 2
105 4 36 4
2000 2 10 2
2041 2 18 2
1567 2 18 2
2039 2 18 2
1223 3 19 3
1593 2 16 2
1568 2 10 2
254 3 32 3
195 2 10 2
255 2 13 2
999 2 14 2
914 2 10 2
2046 3 27 3
518 3 194 3
2053 4 39 4
1262 2 24 2
2052 3 37 3
2050 2 17 2
1605 2 11 2
1612 2 23 2
1572 2 12 2
2057 2 12 2
268 7 428 7
568 3 26 3
933 2 25 2
2063 3 26 3
932 2 21 2
84 3 27 3
43 2 13 2
230 2 20 2
2065 2 14 2
498 2 14 2
1635 2 25 2
188 2 20 2
1276 2 12 2
1275 2 12 2
1616 3 21 3
345 2 12 2
1345 2 31 2
2121 2 14 2
2124 3 30 3
2131 2 21 2
576 2 22 2
1618 2 18 2
2127 2 23 2
1746 2 11 2
2133 4 40 4
1281 2 32 2
1280 3 37 3
169 3 44 3
1277 2 25 2
916 3 21 3
2136 2 16 2
1144 2 39 2
1011 2 12 2
1624 2 28 2
2148 2 19 2
2147 3 25 3
2200 4 50 4
2199 2 14 2
2198 2 17 2
1024 3 27 3
2203 2 15 2
2202 2 12 2
1662 2 13 2
166 2 11 2
2205 2 25 2
1663 3 18 3
2207 3 22 3
2209 2 30 2
2211 3 37 3
1666 2 56 2
97 2 22 2
2210 2 18 2
894 2 14 2
2215 2 12 2
2213 2 80 2
2219 3 23 3
898 2 18 2
753 2 14 2
2221 2 20 2
2226 3 38 3
2236 2 72 2
1670 2 35 2
2232 5 82 5
418 2 43 2
231 2 41 2
2287 4 54 4
2286 2 16 2
2290 5 127 5
2289 3 26 3
1691 2 17 2
2288 2 28 2
836 2 14 2
835 4 89 4
834 4 74 4
362 2 13 2
1693 3 21 3
922 3 35 3
1138 2 17 2
521 2 11 2
2291 3 23 3
2292 2 27 2
908 2 28 2
1328 2 21 2
1327 4 42 4
2293 3 212 3
2296 2 20 2
398 2 15 2
548 3 29 3
1698 2 15 2
2298 2 21 2
342 2 10 2
1042 2 25 2
29 3 27 3
595 2 11 2
1697 2 19 2
2300 2 12 2
2303 3 28 3
525 2 22 2
751 2 15 2
2301 3 28 3
2308 2 13 2
1331 2 14 2
2307 2 13 2
2306 2 31 2
1700 2 19 2
1701 2 25 2
1699 3 31 3
2314 2 11 2
1333 4 48 4
2313 2 14 2
2312 2 16 2
1061 2 18 2
1060 3 32 3
1352 2 11 2
2366 3 28 3
2365 2 12 2
196 2 14 2
1501 2 34 2
126 3 71 3
130 4 32 4
68 2 26 2
95 2 25 2
1747 3 33 3
343 2 34 2
2368 4 57 4
470 2 22 2
1748 2 14 2
2371 2 15 2
2370 2 20 2
523 2 16 2
1353 2 20 2
294 2 17 2
405 2 14 2
1752 2 24 2
1751 2 31 2
1147 3 34 3
1749 2 100 2
1355 2 15 2
1354 4 37 4
1504 2 26 2
851 2 14 2
850 2 20 2
634 4 85 4
643 4 48 4
657 2 19 2
927 2 23 2
1357 2 11 2
1356 2 25 2
1520 3 41 3
2383 2 19 2
2382 2 16 2
2381 3 20 3
2380 2 13 2
2378 2 19 2
514 2 19 2
2377 4 54 4
934 2 26 2
245 2 19 2
630 2 13 2
863 2 21 2
862 2 12 2
861 2 13 2
2449 2 23 2
366 4 34 4
500 2 10 2
2451 3 30 3
2450 2 10 2
1807 3 30 3
1808 4 64 4
1375 2 15 2
1173 2 13 2
2453 2 19 2
1809 2 18 2
2452 2 21 2
31 2 23 2
570 2 16 2
240 2 13 2
649 3 19 3
2456 2 11 2
1810 2 18 2
2458 2 15 2
875 3 17 3
2460 2 10 2
2463 2 17 2
741 3 47 3
2462 3 19 3
80 2 23 2
672 2 23 2
1378 2 16 2
2465 2 18 2
2464 2 13 2
1386 5 95 5
1383 3 39 3
1812 2 13 2
865 2 18 2
864 2 13 2
1814 2 53 2
2158 3 28 3
2157 3 27 3
1633 2 32 2
1637 2 13 2
193 2 41 2
480 3 32 3
1636 2 17 2
1294 2 17 2
1079 3 81 3
1724 2 25 2
2163 2 15 2
2162 2 26 2
1641 2 13 2
1640 2 25 2
747 2 24 2
869 2 52 2
2167 3 27 3
578 2 29 2
2171 2 11 2
239 2 23 2
1648 3 31 3
1089 2 13 2
2170 2 16 2
2174 2 18 2
161 3 29 3
1307 2 18 2
273 2 10 2
1306 2 28 2
1305 2 11 2
370 2 13 2
47 2 26 2
1653 2 43 2
1652 3 66 3
1651 3 31 3
1019 4 50 4
2181 2 12 2
463 2 14 2
941 2 12 2
1655 2 23 2
1654 2 15 2
146 5 90 5
2182 3 85 3
1023 2 11 2
1022 2 11 2
2188 2 29 2
2187 2 15 2
1308 2 30 2
1659 2 22 2
2189 2 16 2
1310 3 25 3
236 3 19 3
752 2 22 2
888 2 25 2
264 2 21 2
1679 2 14 2
1678 2 23 2
1677 3 30 3
508 2 21 2
1319 3 44 3
1033 2 23 2
2258 3 76 3
478 2 13 2
314 2 16 2
1323 2 11 2
2265 2 10 2
1489 5 81 5
2264 2 26 2
1321 2 25 2
2263 2 15 2
194 4 30 4
1324 2 13 2
1685 2 11 2
2269 2 128 2
493 2 29 2
459 2 21 2
671 2 51 2
1326 2 37 2
1325 3 30 3
2276 5 104 5
2275 2 11 2
2274 3 25 3
2273 2 30 2
2272 3 21 3
2271 3 194 3
1140 2 25 2
1139 3 32 3
1687 2 25 2
2278 2 13 2
1686 3 49 3
1688 2 16 2
2279 2 20 2
2280 3 77 3
1690 2 73 2
288 2 22 2
275 2 17 2
1689 4 425 4
1669 2 17 2
2282 2 14 2
1715 2 12 2
1714 2 42 2
1495 5 57 5
1335 2 11 2
1494 2 17 2
2328 3 19 3
177 3 61 3
2332 2 12 2
754 2 23 2
2331 3 51 3
923 3 53 3
2335 2 51 2
2334 3 33 3
538 2 25 2
1051 2 47 2
1727 2 20 2
1054 3 33 3
1053 2 10 2
1344 4 78 4
1498 2 24 2
2341 4 28 4
1429 2 10 2
2340 2 15 2
756 3 19 3
2347 2 69 2
1347 3 34 3
1346 4 29 4
2346 2 11 2
2345 2 12 2
846 2 10 2
848 2 15 2
847 2 16 2
1056 2 18 2
216 6 188 6
2349 2 15 2
845 2 13 2
844 2 18 2
2355 3 26 3
2352 2 10 2
67 3 21 3
2353 2 32 2
2358 2 12 2
849 4 38 4
439 2 19 2
647 2 13 2
1740 2 32 2
1365 3 47 3
1067 4 37 4
213 2 11 2
854 2 19 2
280 3 38 3
1767 2 42 2
2402 2 10 2
468 2 24 2
669 2 21 2
768 2 21 2
2405 2 18 2
272 2 13 2
141 2 18 2
164 3 81 3
1070 2 18 2
1337 2 25 2
2409 4 67 4
2408 2 21 2
790 4 61 4
789 2 13 2
2418 4 25 4
909 2 29 2
1055 2 16 2
1370 3 66 3
740 2 13 2
214 2 18 2
2423 2 18 2
1369 3 31 3
597 2 10 2
1788 5 95 5
775 2 17 2
1787 2 13 2
2426 2 14 2
2425 4 82 4
1786 2 16 2
2430 2 11 2
339 2 18 2
857 2 23 2
856 2 17 2
952 3 34 3
2431 5 57 5
1801 2 17 2
1818 3 28 3
867 6 95 5
866 2 29 2
1736 2 11 2
1821 2 12 2
1392 2 13 2
1825 3 23 3
1823 2 17 2
424 2 34 2
1082 2 12 2
1827 2 15 2
1396 2 18 2
719 2 15 2
718 2 20 2
717 3 37 3
1838 2 11 2
515 2 20 2
520 3 23 3
1170 2 12 2
1091 2 26 2
1843 2 17 2
1090 2 17 2
1852 2 11 2
1848 2 18 2
527 2 12 2
175 2 11 2
636 3 27 3
593 3 44 3
879 2 26 2
1853 2 69 2
1858 5 65 5
1856 3 35 3
1855 2 15 2
1887 2 11 2
1886 2 17 2
44 2 12 2
1428 3 45 3
886 2 21 2
885 2 27 2
884 2 17 2
92 2 18 2
1888 2 18 2
1889 3 43 3
117 3 31 3
1106 2 13 2
1105 2 21 2
1432 2 12 2
410 2 13 2
887 2 19 2
1175 2 21 2
759 2 32 2
1895 2 10 2
1108 5 83 5
1437 2 20 2
305 2 20 2
191 3 26 3
1442 2 24 2
416 2 43 2
1897 2 14 2
1439 2 20 2
1906 2 39 2
818 2 11 2
40 3 34 3
1908 3 40 3
1110 2 34 2
23 3 18 3
1109 2 57 2
1907 2 12 2
1178 3 16 3
153 2 15 2
1177 2 13 2
1910 3 22 3
1444 3 30 3
173 2 100 2
1965 3 25 3
1964 2 20 2
351 2 15 2
1966 4 48 4
1480 2 35 2
1479 2 25 2
1967 3 17 3
1481 2 16 2
735 2 21 2
734 2 16 2
1485 3 40 3
1969 2 16 2
1484 3 19 3
1971 2 26 2
1525 2 39 2
1973 3 24 3
926 2 21 2
412 2 18 2
648 4 27 4
1981 2 18 2
1983 2 15 2
1528 3 25 3
1527 2 16 2
1976 2 18 2
1984 4 57 4
1186 2 11 2
265 2 17 2
795 2 22 2
1532 2 13 2
797 2 16 2
796 2 17 2
1989 2 26 2
1188 2 14 2
1523 2 16 2
1533 6 70 5
360 2 42 2
603 4 36 4
602 2 13 2
400 2 18 2
528 2 28 2
1990 2 17 2
2036 2 14 2
2035 2 26 2
1566 2 19 2
1233 2 14 2
978 2 18 2
977 2 28 2
2037 2 20 2
2038 2 49 2
587 2 18 2
1238 2 11 2
980 3 34 3
979 3 63 3
982 2 17 2
981 2 27 2
582 2 30 2
606 2 13 2
1589 2 22 2
409 2 12 2
1225 2 11 2
2040 2 13 2
297 5 48 5
13 2 13 2
605 2 19 2
996 2 18 2
2043 2 12 2
2042 2 14 2
688 2 31 2
2044 2 38 2
814 4 69 4
2045 3 34 3
113 3 35 3
985 4 31 4
984 2 11 2
1569 4 50 4
2049 4 365 4
2048 4 39 4
309 3 25 3
983 2 13 2
147 2 33 2
1228 2 14 2
2054 2 14 2
986 2 10 2
1227 4 56 4
1226 2 13 2
167 2 13 2
2056 2 42 2
931 2 16 2
2058 2 11 2
2115 2 19 2
674 2 12 2
2116 3 30 3
1006 2 13 2
1005 2 18 2
2118 2 26 2
1615 3 32 3
1614 2 12 2
1526 2 16 2
2119 3 25 3
1273 3 17 3
2120 2 16 2
208 2 21 2
1274 3 21 3
2122 2 26 2
574 2 13 2
2125 3 28 3
1617 2 11 2
2126 2 110 2
2123 3 34 3
1007 2 10 2
1009 6 47 5
1008 4 36 4
2132 2 31 2
2128 4 38 4
111 2 14 2
497 3 38 3
1560 3 19 3
2137 3 23 3
640 2 56 2
722 3 25 3
2191 2 11 2
2192 2 28 2
2193 2 17 2
2194 2 24 2
2195 2 34 2
206 2 13 2
2196 3 38 3
723 2 12 2
46 2 13 2
1311 2 13 2
1440 3 31 3
1312 2 14 2
2197 2 21 2
1660 2 12 2
626 2 12 2
2201 2 12 2
457 2 28 2
235 2 15 2
2204 2 54 2
1665 2 12 2
1664 2 26 2
2206 2 20 2
75 3 24 3
1930 2 11 2
2212 2 16 2
631 2 29 2
1026 2 19 2
729 3 19 3
826 3 73 3
825 3 35 3
1462 2 14 2
2220 2 33 2
2216 2 27 2
2222 2 18 2
2223 2 18 2
1314 3 21 3
317 3 27 3
2224 3 25 3
1517 2 20 2
893 2 22 2
892 3 18 3
1449 3 58 3
1448 2 22 2
1518 2 16 2
1133 2 37 2
1922 2 14 2
1921 3 22 3
1924 3 37 3
1925 3 21 3
917 2 13 2
1972 3 18 3
1926 3 33 3
943 3 42 3
1927 2 12 2
88 3 30 3
1451 2 20 2
218 2 19 2
1456 2 13 2
1114 2 17 2
1928 2 12 2
1929 3 53 3
651 2 17 2
1931 2 31 2
571 2 11 2
209 2 14 2
1118 2 17 2
827 2 13 2
1933 2 15 2
1120 2 37 2
1119 2 33 2
540 2 19 2
1122 2 19 2
899 3 36 3
202 2 15 2
913 2 17 2
739 2 12 2
1945 3 18 3
793 2 11 2
2005 2 16 2
157 2 11 2
2006 2 18 2
964 3 63 3
673 2 16 2
217 2 27 2
2003 3 38 3
801 2 16 2
800 2 18 2
2008 2 18 2
1198 3 50 3
57 2 34 2
1553 2 16 2
2007 3 41 3
1548 4 29 4
1549 3 275 3
912 2 13 2
2011 2 19 2
1537 3 43 3
2012 3 34 3
1555 4 31 4
1554 2 10 2
1210 2 18 2
766 2 21 2
2014 2 13 2
253 2 32 2
20 3 57 3
127 3 18 3
1211 2 11 2
136 2 16 2
2016 3 18 3
2017 2 20 2
242 3 36 3
312 2 24 2
269 3 16 3
2018 2 21 2
1558 2 28 2
419 2 17 2
969 2 10 2
928 2 15 2
677 3 16 3
1559 3 40 3
572 3 28 3
765 3 27 3
1220 2 20 2
2020 2 24 2
1561 2 16 2
589 2 14 2
2073 2 38 2
2074 2 19 2
810 2 19 2
809 2 25 2
1580 3 53 3
990 2 36 2
340 3 20 3
1578 2 19 2
1303 2 24 2
2078 3 19 3
2079 3 37 3
2075 2 21 2
1582 3 40 3
137 3 17 3
1309 2 22 2
1236 2 14 2
1235 2 16 2
1156 2 20 2
1661 2 32 2
2087 3 63 3
993 2 22 2
992 4 42 4
1025 2 16 2
2084 3 52 3
2091 2 18 2
1587 2 18 2
1592 3 98 3
2092 3 24 3
1588 2 17 2
773 2 16 2
1590 2 21 2
1244 2 10 2
995 2 10 2
1241 6 83 6
388 2 11 2
1242 2 15 2
1245 2 18 2
1077 2 17 2
1790 2 17 2
1628 2 10 2
1291 3 39 3
2150 2 11 2
93 2 21 2
938 2 26 2
1631 2 10 2
859 3 35 3
2153 2 12 2
392 2 13 2
286 2 12 2
820 2 26 2
819 3 57 3
2156 4 36 4
2159 3 24 3
769 2 17 2
241 3 31 3
462 3 23 3
2164 2 10 2
776 2 13 2
2168 2 50 2
1644 3 48 3
2165 2 11 2
610 3 72 3
611 2 11 2
295 4 30 4
1645 2 22 2
1646 3 27 3
1647 2 17 2
2169 2 13 2
935 3 43 3
659 2 51 2
2172 2 20 2
437 2 11 2
823 2 17 2
2173 2 18 2
1657 2 12 2
330 2 15 2
720 3 26 3
263 2 16 2
2177 2 10 2
2178 2 16 2
1028 2 60 2
190 4 114 4
2250 2 10 2
2251 2 18 2
1029 2 18 2
2244 3 26 3
1318 3 43 3
1317 2 13 2
1487 3 25 3
1488 3 27 3
2255 3 18 3
957 3 33 3
785 2 15 2
2257 2 13 2
2260 2 16 2
1684 2 13 2
1034 3 22 3
432 2 22 2
2267 3 25 3
831 2 24 2
830 6 53 5
594 3 21 3
494 3 24 3
2268 3 20 3
107 2 19 2
1040 5 42 5
1490 2 53 2
2277 3 29 3
1491 2 17 2
565 2 22 2
145 3 49 3
371 3 527 3
2270 2 13 2
1041 4 55 4
750 2 11 2
1493 2 17 2
738 2 34 2
79 3 90 3
1710 6 205 6
2319 3 18 3
915 3 85 3
1716 2 28 2
2322 4 64 4
2323 2 16 2
936 2 14 2
2324 3 37 3
843 2 12 2
842 2 14 2
1496 2 50 2
1497 2 11 2
1341 2 12 2
1340 2 15 2
794 2 24 2
1339 2 29 2
2327 2 18 2
381 3 38 3
524 3 106 3
21 2 10 2
307 2 23 2
1343 2 14 2
1725 3 20 3
1723 3 36 3
2330 2 11 2
2338 3 38 3
2337 2 21 2
501 2 22 2
2333 4 87 4
1734 2 19 2
1733 2 16 2
2342 2 14 2
2339 2 11 2
1730 2 11 2
1052 4 33 4
2343 2 11 2
2344 2 40 2
667 2 16 2
267 2 30 2
1360 4 32 4
396 2 10 2
1760 2 32 2
2387 2 14 2
101 2 15 2
2391 5 65 5
2393 3 27 3
1362 2 11 2
1364 2 13 2
355 3 26 3
149 2 15 2
2397 2 21 2
1366 2 11 2
2399 2 18 2
77 2 12 2
522 2 17 2
1068 2 10 2
1069 3 24 3
1773 4 92 4
742 2 22 2
1781 2 27 2
1780 2 16 2
1782 2 29 2
1172 2 15 2
179 2 18 2
2415 2 10 2
2416 2 20 2
758 2 12 2
1783 2 19 2
1784 2 14 2
668 2 19 2
1371 2 20 2
951 2 18 2
1080 2 37 2
1815 2 22 2
918 2 31 2
1816 2 11 2
1817 2 27 2
490 2 20 2
1388 3 47 3
1081 2 38 2
625 2 14 2
1389 2 19 2
1822 2 10 2
1824 3 121 3
937 2 13 2
868 4 21 4
1830 4 53 4
1831 2 16 2
1083 3 60 3
243 2 13 2
1834 2 14 2
1835 7 110 6
1514 2 11 2
1836 3 48 3
1142 3 54 3
870 3 37 3
1841 2 11 2
1402 2 17 2
291 2 20 2
629 2 11 2
873 2 30 2
872 2 19 2
871 5 82 5
874 2 23 2
1406 2 10 2
1842 2 29 2
788 2 18 2
163 3 17 3
878 2 12 2
877 3 29 3
876 3 24 3
387 2 13 2
448 2 27 2
447 2 12 2
1101 2 17 2
1427 2 11 2
1103 2 12 2
1104 2 18 2
1426 2 16 2
1174 2 12 2
1885 2 14 2
348 5 64 5
475 2 29 2
78 2 11 2
1430 2 39 2
1890 3 29 3
1433 2 16 2
1434 2 22 2
383 3 28 3
1436 2 19 2
1894 2 24 2
1893 2 21 2
1960 2 21 2
919 2 30 2
1958 2 34 2
904 2 48 2
442 3 26 3
1962 4 138 4
733 4 81 4
492 2 19 2
516 3 35 3
385 2 11 2
1182 3 46 3
1132 3 27 3
1180 2 11 2
129 2 19 2
566 3 38 3
1482 3 31 3
1483 2 19 2
1968 2 14 2
762 2 10 2
563 2 14 2
562 2 11 2
542 2 14 2
1970 2 14 2
228 3 24 3
580 2 16 2
1148 3 19 3
1149 2 16 2
1975 3 29 3
502 2 19 2
1982 2 13 2
215 2 11 2
1500 3 44 3
2361 2 13 2
2360 2 20 2
924 2 21 2
1349 2 11 2
1742 4 24 4
397 3 47 3
1350 2 10 2
837 3 26 3
87 2 15 2
2362 2 13 2
1743 4 32 4
1744 2 25 2
2364 2 12 2
1059 2 13 2
1058 2 10 2
2363 4 27 4
635 2 12 2
1745 2 13 2
1351 2 20 2
539 2 16 2
435 2 16 2
1297 2 20 2
2367 3 66 3
1134 4 63 4
2435 2 30 2
341 2 11 2
714 2 19 2
376 2 13 2
1803 2 11 2
2440 2 15 2
763 2 23 2
555 2 11 2
554 2 15 2
438 2 22 2
556 2 18 2
2442 2 43 2
122 4 40 4
1162 2 13 2
1805 2 17 2
2443 3 27 3
564 2 73 2
445 3 53 3
444 2 32 2
446 2 36 2
1512 2 34 2
2444 2 30 2
2445 3 51 3
2446 2 12 2
2448 2 24 2
2447 2 21 2
496 2 13 2
1806 3 21 3
1413 2 32 2
948 2 16 2
533 2 21 2
1656 3 44 3
1094 2 17 2
1093 2 22 2
650 2 47 2
1515 2 13 2
1866 3 253 3
1865 5 133 5
311 2 17 2
1416 2 44 2
1415 2 18 2
1867 2 13 2
1099 2 40 2
1098 2 16 2
949 2 38 2
1417 2 12 2
1096 2 23 2
1097 6 72 6
1418 2 43 2
1516 2 14 2
1870 2 18 2
1871 2 104 2
415 3 17 3
1419 3 31 3
1869 2 14 2
1868 2 19 2
1872 2 40 2
1100 2 24 2
1874 2 49 2
476 2 86 2
378 2 11 2
1873 2 31 2
641 3 53 3
791 4 49 4
1875 2 14 2
1420 2 33 2
1915 2 16 2
889 2 99 2
519 3 36 3
1446 2 10 2
956 2 13 2
1917 2 12 2
891 2 38 2
890 2 11 2
822 2 25 2
1506 2 17 2
1920 2 12 2
662 3 48 3
1112 4 47 4
1447 2 14 2
622 2 12 2
403 2 34 2
402 4 76 4
401 5 52 5
1181 4 31 4
1450 4 61 4
1923 2 11 2
1153 3 19 3
1113 3 22 3
420 4 183 4
727 3 38 3
413 2 19 2
558 2 14 2
557 2 22 2
1452 2 20 2
1454 2 13 2
1453 2 30 2
1455 2 24 2
517 2 17 2
406 2 42 2
1934 2 13 2
168 2 12 2
592 2 15 2
1203 3 33 3
1202 3 40 3
1999 3 18 3
1205 3 34 3
1204 2 21 2
2002 5 121 5
963 4 34 4
1208 2 13 2
1545 2 15 2
2004 2 12 2
2009 2 18 2
1551 3 45 3
1552 7 128 6
965 3 25 3
434 2 15 2
1200 2 18 2
2013 2 24 2
2010 2 18 2
967 2 11 2
966 2 15 2
604 2 14 2
509 2 16 2
2015 2 13 2
802 2 24 2
1556 2 34 2
1212 2 84 2
1214 2 13 2
1213 2 25 2
804 3 18 3
803 2 11 2
584 2 26 2
1218 2 16 2
1217 2 13 2
684 2 30 2
683 4 36 4
2059 2 23 2
2060 2 10 2
1014 2 13 2
2067 2 20 2
1295 2 20 2
2068 2 11 2
1577 2 42 2
1576 4 24 4
2072 2 19 2
2069 3 35 3
2070 2 15 2
2071 2 10 2
1234 2 29 2
1581 2 13 2
116 2 17 2
991 2 18 2
318 4 50 4
654 2 29 2
1237 2 13 2
180 2 25 2
2081 2 27 2
2080 3 19 3
1583 2 12 2
1584 2 14 2
771 2 17 2
2086 2 16 2
1585 2 27 2
2083 3 59 3
1240 2 16 2
1239 2 19 2
655 2 16 2
329 2 37 2
2088 3 20 3
569 3 23 3
2089 2 10 2
2141 2 13 2
2140 2 15 2
1334 2 19 2
2138 3 44 3
1010 2 10 2
1012 2 20 2
1625 2 13 2
2142 2 15 2
708 2 12 2
1290 2 12 2
1013 2 18 2
244 2 23 2
2149 2 25 2
1626 2 29 2
2152 2 35 2
1161 6 61 5
1629 2 11 2
1630 2 16 2
1634 2 11 2
1632 2 26 2
2160 2 45 2
1638 2 15 2
1298 3 35 3
1293 2 12 2
1017 2 12 2
781 3 34 3
2161 2 18 2
1639 2 31 2
1300 2 12 2
81 2 18 2
465 2 13 2
2166 2 16 2
1668 2 47 2
1667 2 12 2
138 3 22 3
2237 2 19 2
1164 4 30 4
1671 3 30 3
2233 3 26 3
1672 2 15 2
1160 2 10 2
2238 2 36 2
1315 2 31 2
2242 2 21 2
2243 2 29 2
1674 3 19 3
1673 3 19 3
2240 2 34 2
2252 2 22 2
1676 2 30 2
2253 2 42 2
1692 2 11 2
466 2 22 2
1030 2 39 2
2254 2 21 2
1680 2 16 2
2256 2 15 2
1683 4 41 4
367 3 27 3
2261 3 107 3
828 2 28 2
1682 3 55 3
1681 3 37 3
2262 2 38 2
506 2 11 2
2309 2 10 2
1702 3 25 3
573 4 38 4
839 2 31 2
838 2 13 2
2310 2 24 2
1706 2 13 2
1704 2 28 2
1705 2 12 2
2315 7 245 6
1045 2 12 2
749 8 298 8
1046 2 22 2
2316 2 20 2
2317 6 259 5
1050 2 15 2
350 3 29 3
1049 3 58 3
1712 2 10 2
1713 2 48 2
2321 2 39 2
1718 2 29 2
1717 2 32 2
1719 3 120 3
2326 2 12 2
701 2 15 2
2325 2 16 2
1143 3 38 3
946 2 16 2
1338 2 14 2
1722 3 21 3
707 3 20 3
706 3 30 3
705 3 21 3
704 2 15 2
2329 3 37 3
1726 2 10 2
553 2 22 2
552 2 33 2
551 2 17 2
1063 2 11 2
2374 2 20 2
2375 2 11 2
2385 2 11 2
354 2 42 2
2384 2 13 2
853 2 20 2
852 2 16 2
1358 2 46 2
2386 2 18 2
2390 2 10 2
1065 2 39 2
1762 3 26 3
2396 2 18 2
833 2 23 2
1361 2 11 2
2392 2 22 2
1066 3 17 3
2400 2 15 2
1763 4 55 4
1769 4 50 4
1768 2 28 2
2404 2 11 2
1766 2 13 2
2401 2 13 2
2406 3 30 3
1770 2 15 2
1775 2 20 2
2414 3 71 3
829 2 16 2
1776 2 29 2
2094 2 64 2
2098 2 16 2
2097 2 18 2
1603 3 15 3
1255 2 19 2
1254 3 51 3
1253 2 16 2
2103 2 33 2
1602 3 32 3
1322 3 30 3
998 2 12 2
997 4 33 4
2105 2 28 2
535 2 31 2
1256 2 17 2
817 2 12 2
816 2 19 2
1257 2 20 2
2107 2 11 2
1260 2 13 2
1606 2 13 2
1604 2 60 2
1263 2 17 2
2109 2 11 2
1267 2 12 2
549 3 27 3
1607 2 26 2
2112 2 12 2
1608 2 12 2
1268 2 14 2
547 2 100 2
546 3 66 3
545 2 17 2
544 2 28 2
543 2 11 2
1270 2 24 2
2114 2 36 2
1613 2 15 2
1003 2 23 2
1002 2 44 2
1004 2 27 2
2180 2 24 2
698 2 26 2
2186 2 19 2
2185 2 42 2
