0 2 21 2
1 3 101 3
2 2 20 2
3 2 21 2
4 2 17 2
5 2 15 2
6 2 11 2
7 3 20 3
8 2 13 2
9 2 15 2
10 4 50 4
11 6 52 5
12 3 21 3
13 3 32 3
14 3 45 3
15 2 31 2
16 3 29 3
17 2 15 2
18 2 16 2
19 2 11 2
20 2 25 2
21 4 24 4
22 2 10 2
23 2 17 2
24 2 19 2
25 2 10 2
26 5 62 5
27 3 18 3
28 2 20 2
29 2 12 2
30 2 13 2
31 3 24 3
32 4 44 4
33 8 76 6
34 6 88 5
35 6 74 5
36 2 12 2
37 2 32 2
38 2 18 2
39 2 19 2
40 2 21 2
41 3 53 3
42 2 12 2
43 2 19 2
44 3 74 3
45 4 42 4
46 6 58 5
47 2 28 2
48 2 15 2
49 5 32 5
50 4 75 4
51 3 31 3
52 2 18 2
53 2 17 2
54 5 56 5
55 2 12 2
56 4 42 4
57 23 600 11
58 5 80 5
59 2 21 2
60 2 12 2
61 2 11 2
62 4 53 4
63 4 31 4
64 2 21 2
65 4 31 4
66 4 39 4
67 2 23 2
68 7 79 6
69 2 19 2
70 3 16 3
71 2 16 2
72 2 14 2
73 2 12 2
74 6 88 5
75 2 29 2
76 2 39 2
77 2 12 2
78 2 15 2
79 2 16 2
80 3 32 3
81 2 23 2
82 5 68 5
83 2 21 2
84 2 13 2
85 2 45 2
86 2 12 2
87 4 60 4
88 4 25 4
89 2 23 2
90 3 52 3
91 5 56 5
92 10 152 8
93 4 39 4
94 7 71 6
95 2 17 2
96 20 528 13
97 3 22 3
98 2 11 2
99 4 67 4
100 5 135 5
101 7 275 5
102 6 89 5
103 4 35 4
104 3 33 3
105 3 20 3
106 4 26 4
107 5 43 5
108 8 143 6
109 4 36 4
110 5 39 5
111 2 12 2
112 2 10 2
113 10 140 7
114 7 123 6
115 5 88 5
116 2 14 2
117 2 19 2
118 3 55 3
119 7 65 6
120 2 18 2
121 2 17 2
122 2 13 2
123 3 20 3
124 2 12 2
125 2 15 2
126 3 23 3
127 2 20 2
128 2 14 2
129 2 20 2
130 3 30 3
131 2 35 2
132 2 19 2
133 2 27 2
134 4 37 4
135 2 15 2
136 2 27 2
137 2 12 2
138 3 36 3
139 2 14 2
140 3 30 3
141 2 13 2
142 4 52 4
143 3 20 3
144 4 26 4
145 2 16 2
146 4 55 4
147 3 35 3
148 4 38 4
149 3 20 3
150 5 77 5
151 2 11 2
152 2 33 2
153 3 19 3
154 2 18 2
155 3 27 3
156 2 13 2
157 4 29 4
158 3 23 3
159 4 37 4
160 2 15 2
161 2 12 2
162 2 13 2
163 2 19 2
164 2 20 2
165 3 25 3
166 5 103 5
167 2 10 2
168 2 12 2
169 3 24 3
170 9 188 7
171 3 20 3
172 3 24 3
173 2 35 2
174 3 41 3
175 6 173 6
176 4 53 4
177 3 21 3
178 3 25 3
179 2 11 2
180 2 13 2
181 6 67 5
182 2 16 2
183 2 13 2
184 3 21 3
185 5 75 5
186 4 76 4
187 2 11 2
188 2 18 2
189 2 11 2
190 2 18 2
191 3 19 3
192 2 16 2
193 2 11 2
194 2 12 2
195 4 50 4
196 5 80 5
197 10 454 9
198 2 13 2
199 3 20 3
200 2 17 2
201 2 15 2
202 2 17 2
203 5 87 5
204 3 22 3
205 2 15 2
206 3 44 3
207 2 14 2
208 3 38 3
209 2 27 2
210 4 59 4
211 2 49 2
212 3 32 3
213 2 24 2
214 3 19 3
215 4 31 4
216 3 30 3
217 3 16 3
218 5 41 5
219 5 74 5
220 3 17 3
221 4 40 4
222 4 35 4
223 2 23 2
224 5 37 5
225 2 10 2
226 3 26 3
227 2 15 2
228 3 29 3
229 2 14 2
230 2 15 2
231 3 41 3
232 2 14 2
233 2 11 2
234 2 12 2
235 2 19 2
236 3 35 3
237 2 13 2
238 2 13 2
239 4 52 4
240 2 37 2
241 7 71 6
242 4 33 4
243 2 28 2
244 3 21 3
245 11 323 8
246 2 20 2
247 2 15 2
248 3 22 3
249 7 77 6
250 3 28 3
251 5 107 5
252 2 16 2
253 2 14 2
254 2 14 2
255 2 12 2
256 3 65 3
257 3 18 3
258 4 34 4
259 3 41 3
260 7 126 6
261 3 24 3
262 2 14 2
263 2 12 2
264 2 12 2
265 2 20 2
266 2 15 2
267 2 19 2
268 2 17 2
269 4 32 4
270 3 18 3
271 2 15 2
272 4 71 4
273 2 38 2
274 2 83 2
275 4 40 4
276 2 11 2
277 2 16 2
278 8 113 6
279 2 17 2
280 5 42 5
281 3 26 3
282 5 43 5
283 5 47 5
284 15 166 8
285 3 57 3
286 2 13 2
287 2 13 2
288 3 34 3
289 3 25 3
290 3 23 3
291 3 29 3
292 3 51 3
293 2 24 2
294 2 25 2
295 3 48 3
296 4 28 4
297 3 30 3
298 2 19 2
299 3 31 3
300 4 40 4
301 4 34 4
302 2 12 2
303 3 89 3
304 2 12 2
305 2 12 2
306 3 23 3
307 2 10 2
308 2 14 2
309 2 14 2
310 2 21 2
311 2 19 2
312 3 40 3
313 2 15 2
314 2 12 2
315 3 35 3
316 3 24 3
317 2 10 2
318 2 17 2
319 2 15 2
320 2 13 2
321 3 30 3
322 2 20 2
323 2 13 2
324 5 43 5
325 5 57 5
326 2 58 2
327 2 15 2
328 2 11 2
329 2 10 2
330 2 21 2
331 3 46 3
332 2 36 2
333 2 31 2
334 4 59 4
335 2 16 2
336 2 22 2
337 2 11 2
338 2 13 2
339 2 15 2
340 3 24 3
341 4 59 4
342 2 23 2
343 3 21 3
344 7 72 6
345 2 17 2
346 3 31 3
347 4 58 4
348 2 21 2
349 3 19 3
350 3 21 3
351 3 49 3
352 4 102 4
353 3 64 3
354 2 14 2
355 2 22 2
356 3 25 3
357 2 24 2
358 2 40 2
359 4 29 4
360 2 32 2
361 6 52 5
362 4 37 4
363 2 15 2
364 2 13 2
365 4 25 4
366 2 16 2
367 3 42 3
368 2 24 2
369 4 40 4
370 2 37 2
371 2 13 2
372 2 16 2
373 3 22 3
374 2 30 2
375 3 34 3
376 2 16 2
377 2 17 2
378 8 147 6
379 2 60 2
380 3 19 3
381 3 29 3
382 2 10 2
383 2 16 2
384 2 19 2
385 2 18 2
386 2 12 2
387 3 27 3
388 4 66 4
389 2 16 2
390 2 20 2
391 3 34 3
392 2 18 2
393 5 32 5
394 6 102 5
395 4 33 4
396 2 11 2
397 2 20 2
398 2 16 2
399 4 34 4
400 2 18 2
401 2 15 2
402 2 23 2
403 2 19 2
404 3 120 3
405 2 22 2
406 2 10 2
407 4 24 4
408 2 24 2
409 2 17 2
410 2 19 2
411 4 74 4
412 2 13 2
413 4 65 4
414 3 24 3
415 4 73 4
416 3 48 3
417 4 36 4
418 3 24 3
419 2 42 2
420 5 56 5
421 2 14 2
422 3 32 3
423 2 13 2
424 2 19 2
425 4 39 4
426 2 20 2
427 2 12 2
428 2 11 2
429 2 26 2
430 4 71 4
431 3 25 3
432 3 17 3
433 4 32 4
434 3 17 3
435 2 13 2
436 2 16 2
437 2 20 2
438 3 19 3
439 4 31 4
440 3 25 3
441 3 40 3
442 3 21 3
443 2 17 2
444 5 46 5
445 7 76 6
446 2 17 2
447 2 15 2
448 2 10 2
449 2 24 2
450 2 11 2
451 2 14 2
452 5 50 5
453 2 18 2
454 2 36 2
455 4 75 4
456 7 57 6
457 2 18 2
458 2 27 2
459 6 56 5
460 2 11 2
461 2 11 2
462 2 20 2
463 2 30 2
464 2 13 2
465 2 17 2
466 4 39 4
467 2 13 2
468 2 39 2
469 3 24 3
470 7 60 6
471 5 39 5
472 6 91 6
473 2 11 2
474 2 10 2
475 3 20 3
476 3 27 3
477 3 22 3
478 2 14 2
479 2 17 2
480 2 10 2
481 3 20 3
482 3 51 3
483 2 17 2
484 2 15 2
485 4 25 4
486 2 14 2
487 4 49 4
488 2 21 2
489 2 18 2
490 2 71 2
491 4 50 4
492 2 25 2
493 2 14 2
494 2 16 2
495 2 16 2
496 2 22 2
497 2 46 2
498 4 26 4
499 2 14 2
500 4 156 4
501 2 10 2
502 3 24 3
503 2 20 2
504 4 133 4
505 2 13 2
506 2 20 2
507 2 18 2
508 2 20 2
509 2 10 2
510 2 20 2
511 2 12 2
512 3 25 3
513 2 10 2
514 3 50 3
515 2 13 2
516 2 12 2
517 2 17 2
518 2 16 2
519 2 16 2
520 5 44 5
521 2 21 2
522 2 13 2
523 2 12 2
524 3 28 3
525 2 16 2
526 2 14 2
527 5 43 5
528 2 18 2
529 5 74 5
530 4 30 4
531 2 12 2
532 3 29 3
533 5 54 5
534 2 36 2
535 3 21 3
536 2 18 2
537 2 14 2
538 2 11 2
539 3 39 3
540 2 20 2
541 3 26 3
542 2 23 2
543 3 52 3
544 2 10 2
545 3 30 3
546 3 83 3
547 2 34 2
548 2 17 2
549 5 75 5
550 3 23 3
551 2 12 2
552 2 17 2
553 2 17 2
554 3 25 3
555 2 17 2
556 3 29 3
557 4 45 4
558 2 11 2
559 2 20 2
560 2 38 2
561 8 117 7
562 2 14 2
563 2 25 2
564 2 13 2
565 4 28 4
566 3 19 3
567 3 30 3
568 2 28 2
569 2 20 2
570 2 30 2
571 2 35 2
572 2 15 2
573 2 22 2
574 2 11 2
575 3 21 3
576 4 51 4
577 2 29 2
578 4 35 4
579 2 20 2
580 2 14 2
581 3 20 3
582 2 15 2
583 4 43 4
584 2 14 2
585 5 78 5
586 2 12 2
587 2 38 2
588 6 91 6
589 2 19 2
590 2 15 2
591 2 11 2
592 2 10 2
593 3 55 3
594 2 11 2
595 3 27 3
596 3 30 3
597 2 11 2
598 2 16 2
599 2 15 2
600 3 31 3
601 2 28 2
602 2 13 2
603 3 22 3
604 2 18 2
605 2 30 2
606 2 10 2
607 2 15 2
608 2 20 2
609 3 22 3
610 2 20 2
611 2 15 2
612 2 12 2
613 2 23 2
614 4 24 4
615 7 127 6
616 2 14 2
617 3 31 3
618 4 61 4
619 2 34 2
620 2 14 2
621 2 19 2
622 2 18 2
623 2 13 2
624 3 30 3
625 2 13 2
626 2 11 2
627 5 39 5
628 2 14 2
629 4 129 4
630 3 22 3
631 2 17 2
632 3 61 3
633 3 22 3
634 2 18 2
635 3 73 3
636 2 14 2
637 3 25 3
638 2 29 2
639 3 20 3
640 2 22 2
641 3 22 3
642 3 28 3
643 2 12 2
644 2 15 2
645 2 15 2
646 2 16 2
647 2 17 2
648 2 13 2
649 3 23 3
650 3 61 3
651 2 15 2
652 2 16 2
653 3 51 3
654 2 17 2
655 3 30 3
656 2 10 2
657 2 12 2
658 4 37 4
659 2 22 2
660 3 20 3
661 2 11 2
662 2 13 2
663 2 20 2
664 2 20 2
665 2 16 2
666 2 17 2
667 2 12 2
668 4 39 4
669 4 32 4
670 2 27 2
671 3 23 3
672 2 13 2
673 2 17 2
674 4 156 4
675 3 26 3
676 2 59 2
677 2 13 2
678 2 17 2
679 2 21 2
680 2 17 2
681 4 137 4
682 2 29 2
683 2 17 2
684 2 16 2
685 3 27 3
686 5 61 5
687 2 16 2
688 4 143 4
689 2 13 2
690 3 28 3
691 2 19 2
692 2 20 2
693 2 23 2
694 2 22 2
695 2 17 2
696 2 12 2
697 2 11 2
698 2 15 2
699 2 13 2
700 2 37 2
701 2 10 2
702 2 33 2
703 3 20 3
704 2 20 2
705 3 43 3
706 2 16 2
707 3 20 3
708 3 39 3
709 2 14 2
710 2 14 2
711 2 15 2
712 2 38 2
713 2 26 2
714 3 75 3
715 2 22 2
716 3 68 3
717 2 19 2
718 3 28 3
719 3 37 3
720 2 27 2
721 3 32 3
722 3 26 3
723 2 17 2
724 2 13 2
725 2 15 2
726 6 67 5
727 2 11 2
728 3 32 3
729 2 14 2
730 2 21 2
731 3 49 3
732 2 11 2
733 5 47 5
734 2 12 2
735 2 12 2
736 2 11 2
737 2 12 2
738 2 17 2
739 3 54 3
740 2 30 2
741 2 12 2
742 3 28 3
743 2 20 2
744 2 14 2
745 2 11 2
746 2 17 2
747 2 14 2
748 2 19 2
749 2 10 2
750 2 131 2
751 3 26 3
752 3 27 3
753 2 22 2
754 2 11 2
755 4 29 4
756 2 12 2
757 2 15 2
758 4 48 4
759 3 35 3
760 2 12 2
761 2 14 2
762 3 32 3
763 2 13 2
764 2 21 2
765 2 12 2
766 2 12 2
767 2 16 2
768 2 17 2
769 2 22 2
770 3 29 3
771 2 32 2
772 4 48 4
773 2 91 2
774 3 22 3
775 3 20 3
776 2 11 2
777 3 33 3
778 2 17 2
779 2 42 2
780 3 36 3
781 2 25 2
782 2 78 2
783 4 35 4
784 4 60 4
785 2 17 2
786 2 10 2
787 3 25 3
788 2 21 2
789 2 23 2
790 3 18 3
791 2 17 2
792 2 28 2
793 3 68 3
794 4 75 4
795 2 25 2
796 2 14 2
797 2 16 2
798 2 19 2
799 2 22 2
800 2 13 2
801 2 21 2
802 3 86 3
803 2 26 2
804 3 32 3
805 4 65 4
806 3 47 3
807 5 69 5
808 3 20 3
809 2 16 2
810 3 23 3
811 3 47 3
812 2 11 2
813 3 24 3
814 3 17 3
815 3 39 3
816 2 11 2
817 4 34 4
818 2 11 2
819 2 21 2
820 2 15 2
821 2 14 2
822 2 15 2
823 2 12 2
824 2 12 2
825 3 35 3
826 2 22 2
827 2 25 2
828 3 24 3
829 2 19 2
830 6 229 6
831 3 17 3
832 5 58 5
833 2 12 2
834 6 58 6
835 2 11 2
836 4 56 4
837 2 13 2
838 3 71 3
839 4 35 4
840 2 16 2
841 3 16 3
842 2 14 2
843 2 19 2
844 5 39 5
845 2 19 2
846 3 60 3
847 2 12 2
848 2 15 2
849 2 14 2
850 2 13 2
851 2 12 2
852 3 21 3
853 2 30 2
854 2 10 2
855 2 11 2
856 2 14 2
857 2 25 2
858 2 23 2
859 4 77 4
860 3 29 3
861 2 17 2
862 2 11 2
863 2 28 2
864 2 10 2
865 2 13 2
866 2 16 2
867 2 19 2
868 3 48 3
869 2 13 2
870 3 36 3
871 3 32 3
872 2 16 2
873 3 32 3
874 2 15 2
875 2 18 2
876 2 18 2
877 3 30 3
878 3 24 3
879 2 11 2
880 2 10 2
881 2 12 2
882 2 15 2
883 2 33 2
884 2 36 2
885 2 93 2
886 5 55 5
887 2 13 2
888 2 14 2
889 3 29 3
890 2 12 2
891 6 521 6
892 2 12 2
893 3 43 3
894 3 45 3
895 2 19 2
896 2 17 2
897 2 16 2
898 3 29 3
899 2 24 2
900 2 18 2
901 3 68 3
902 2 15 2
903 2 12 2
904 7 110 5
905 3 44 3
906 2 20 2
907 5 46 5
908 2 17 2
909 2 16 2
910 2 14 2
911 2 15 2
912 2 10 2
913 2 13 2
914 2 17 2
915 2 26 2
916 3 60 3
917 2 70 2
918 2 13 2
919 3 34 3
920 3 18 3
921 3 20 3
922 2 17 2
923 3 39 3
924 2 16 2
925 2 12 2
926 3 26 3
927 2 14 2
928 3 43 3
929 2 23 2
930 4 30 4
931 2 12 2
932 2 18 2
933 5 31 5
934 2 13 2
935 2 17 2
936 2 11 2
937 2 20 2
938 4 34 4
939 3 24 3
940 2 12 2
941 2 31 2
942 2 24 2
943 2 27 2
944 2 19 2
945 2 23 2
946 2 22 2
947 3 37 3
948 2 24 2
949 2 19 2
950 3 29 3
951 2 16 2
952 2 14 2
953 2 30 2
954 2 15 2
955 10 211 7
956 3 31 3
957 7 192 7
958 3 44 3
959 2 12 2
960 3 92 3
961 3 40 3
962 2 22 2
963 2 10 2
964 2 46 2
965 3 15 3
966 2 10 2
967 3 29 3
968 2 22 2
969 4 32 4
970 10 91 7
971 2 21 2
972 3 50 3
973 2 13 2
974 2 14 2
975 2 34 2
976 2 25 2
977 2 20 2
978 2 59 2
979 2 16 2
980 2 22 2
981 2 16 2
982 2 31 2
983 2 16 2
984 2 23 2
985 3 17 3
986 3 31 3
987 2 38 2
988 2 12 2
989 8 502 6
990 2 12 2
991 3 111 3
992 3 31 3
993 2 24 2
994 3 45 3
995 2 11 2
996 2 21 2
997 3 17 3
998 2 18 2
999 2 12 2
1000 2 20 2
1001 2 13 2
1002 2 13 2
1003 2 16 2
1004 2 22 2
1005 2 44 2
1006 2 18 2
1007 2 17 2
1008 2 16 2
1009 2 15 2
1010 2 12 2
1011 3 29 3
1012 2 19 2
1013 2 44 2
1014 2 15 2
1015 2 22 2
1016 2 16 2
1017 2 10 2
1018 2 18 2
1019 2 18 2
1020 2 13 2
1021 2 17 2
1022 3 24 3
1023 2 26 2
1024 2 13 2
1025 2 39 2
1026 5 57 5
1027 2 19 2
1028 2 58 2
1029 4 36 4
1030 2 22 2
1031 2 14 2
1032 8 226 8
1033 2 25 2
1034 2 27 2
1035 2 37 2
1036 3 20 3
1037 2 28 2
1038 4 204 4
1039 3 34 3
1040 3 32 3
1041 3 72 3
1042 5 332 5
1043 2 17 2
1044 2 19 2
1045 2 14 2
1046 3 37 3
1047 2 11 2
1048 2 21 2
1049 2 17 2
1050 3 29 3
1051 5 101 5
1052 3 43 3
1053 3 59 3
1054 2 21 2
1055 3 20 3
1056 2 23 2
1057 2 10 2
1058 4 120 4
1059 2 44 2
1060 5 112 5
1061 2 21 2
1062 2 27 2
1063 2 17 2
1064 2 12 2
1065 2 22 2
1066 2 64 2
1067 4 45 4
1068 3 26 3
1069 2 15 2
1070 2 13 2
1071 7 50 5
1072 3 36 3
1073 2 10 2
1074 2 14 2
1075 4 63 4
1076 3 36 3
1077 2 11 2
1078 2 11 2
1079 4 36 4
1080 2 10 2
1081 2 18 2
1082 2 18 2
1083 2 18 2
1084 3 19 3
1085 2 16 2
1086 2 10 2
1087 3 32 3
1088 2 10 2
1089 2 13 2
1090 2 14 2
1091 2 10 2
1092 3 27 3
1093 3 194 3
1094 4 39 4
1095 2 24 2
1096 3 37 3
1097 2 17 2
1098 2 11 2
1099 2 23 2
1100 2 12 2
1101 2 12 2
1102 7 428 7
1103 3 26 3
1104 2 25 2
1105 3 26 3
1106 2 21 2
1107 3 27 3
1108 2 13 2
1109 2 20 2
1110 2 14 2
1111 2 14 2
1112 2 25 2
1113 2 20 2
1114 2 12 2
1115 2 12 2
1116 3 21 3
1117 2 12 2
1118 2 31 2
1119 2 14 2
1120 3 30 3
1121 2 21 2
1122 2 22 2
1123 2 18 2
1124 2 23 2
1125 2 11 2
1126 4 40 4
1127 2 32 2
1128 3 37 3
1129 3 44 3
1130 2 25 2
1131 3 21 3
1132 2 16 2
1133 2 39 2
1134 2 12 2
1135 2 28 2
1136 2 19 2
1137 3 25 3
1138 4 50 4
1139 2 14 2
1140 2 17 2
1141 3 27 3
1142 2 15 2
1143 2 12 2
1144 2 13 2
1145 2 11 2
1146 2 25 2
1147 3 18 3
1148 3 22 3
1149 2 30 2
1150 3 37 3
1151 2 56 2
1152 2 22 2
1153 2 18 2
1154 2 14 2
1155 2 12 2
1156 2 80 2
1157 3 23 3
1158 2 18 2
1159 2 14 2
1160 2 20 2
1161 3 38 3
1162 2 72 2
1163 2 35 2
1164 5 82 5
1165 2 43 2
1166 2 41 2
1167 4 54 4
1168 2 16 2
1169 5 127 5
1170 3 26 3
1171 2 17 2
1172 2 28 2
1173 2 14 2
1174 4 89 4
1175 4 74 4
1176 2 13 2
1177 3 21 3
1178 3 35 3
1179 2 17 2
1180 2 11 2
1181 3 23 3
1182 2 27 2
1183 2 28 2
1184 2 21 2
1185 4 42 4
1186 3 212 3
1187 2 20 2
1188 2 15 2
1189 3 29 3
1190 2 15 2
1191 2 21 2
1192 2 10 2
1193 2 25 2
1194 3 27 3
1195 2 11 2
1196 2 19 2
1197 2 12 2
1198 3 28 3
1199 2 22 2
1200 2 15 2
1201 3 28 3
1202 2 13 2
1203 2 14 2
1204 2 13 2
1205 2 31 2
1206 2 19 2
1207 2 25 2
1208 3 31 3
1209 2 11 2
1210 4 48 4
1211 2 14 2
1212 2 16 2
1213 2 18 2
1214 3 32 3
1215 2 11 2
1216 3 28 3
1217 2 12 2
1218 2 14 2
1219 2 34 2
1220 3 71 3
1221 4 32 4
1222 2 26 2
1223 2 25 2
1224 3 33 3
1225 2 34 2
1226 4 57 4
1227 2 22 2
1228 2 14 2
1229 2 15 2
1230 2 20 2
1231 2 16 2
1232 2 20 2
1233 2 17 2
1234 2 14 2
1235 2 24 2
1236 2 31 2
1237 3 34 3
1238 2 100 2
1239 2 15 2
1240 4 37 4
1241 2 26 2
1242 2 14 2
1243 2 20 2
1244 4 85 4
1245 4 48 4
1246 2 19 2
1247 2 23 2
1248 2 11 2
1249 2 25 2
1250 3 41 3
1251 2 19 2
1252 2 16 2
1253 3 20 3
1254 2 13 2
1255 2 19 2
1256 2 19 2
1257 4 54 4
1258 2 26 2
1259 2 19 2
1260 2 13 2
1261 2 21 2
1262 2 12 2
1263 2 13 2
1264 2 23 2
1265 4 34 4
1266 2 10 2
1267 3 30 3
1268 2 10 2
1269 3 30 3
1270 4 64 4
1271 2 15 2
1272 2 13 2
1273 2 19 2
1274 2 18 2
1275 2 21 2
1276 2 23 2
1277 2 16 2
1278 2 13 2
1279 3 19 3
1280 2 11 2
1281 2 18 2
1282 2 15 2
1283 3 17 3
1284 2 10 2
1285 2 17 2
1286 3 47 3
1287 3 19 3
1288 2 23 2
1289 2 23 2
1290 2 16 2
1291 2 18 2
1292 2 13 2
1293 5 95 5
1294 3 39 3
1295 2 13 2
1296 2 18 2
1297 2 13 2
1298 2 53 2
1299 3 28 3
1300 3 27 3
1301 2 32 2
1302 2 13 2
1303 2 41 2
1304 3 32 3
1305 2 17 2
1306 2 17 2
1307 3 81 3
1308 2 25 2
1309 2 15 2
1310 2 26 2
1311 2 13 2
1312 2 25 2
1313 2 24 2
1314 2 52 2
1315 3 27 3
1316 2 29 2
1317 2 11 2
1318 2 23 2
1319 3 31 3
1320 2 13 2
1321 2 16 2
1322 2 18 2
1323 3 29 3
1324 2 18 2
1325 2 10 2
1326 2 28 2
1327 2 11 2
1328 2 13 2
1329 2 26 2
1330 2 43 2
1331 3 66 3
1332 3 31 3
1333 4 50 4
1334 2 12 2
1335 2 14 2
1336 2 12 2
1337 2 23 2
1338 2 15 2
1339 5 90 5
1340 3 85 3
1341 2 11 2
1342 2 11 2
1343 2 29 2
1344 2 15 2
1345 2 30 2
1346 2 22 2
1347 2 16 2
1348 3 25 3
1349 3 19 3
1350 2 22 2
1351 2 25 2
1352 2 21 2
1353 2 14 2
1354 2 23 2
1355 3 30 3
1356 2 21 2
1357 3 44 3
1358 2 23 2
1359 3 76 3
1360 2 13 2
1361 2 16 2
1362 2 11 2
1363 2 10 2
1364 5 81 5
1365 2 26 2
1366 2 25 2
1367 2 15 2
1368 4 30 4
1369 2 13 2
1370 2 11 2
1371 2 128 2
1372 2 29 2
1373 2 21 2
1374 2 51 2
1375 2 37 2
1376 3 30 3
1377 5 104 5
1378 2 11 2
1379 3 25 3
1380 2 30 2
1381 3 21 3
1382 3 194 3
1383 2 25 2
1384 3 32 3
1385 2 25 2
1386 2 13 2
1387 3 49 3
1388 2 16 2
1389 2 20 2
1390 3 77 3
1391 2 73 2
1392 2 22 2
1393 2 17 2
1394 4 425 4
1395 2 17 2
1396 2 14 2
1397 2 12 2
1398 2 42 2
1399 5 57 5
1400 2 11 2
1401 2 17 2
1402 3 19 3
1403 3 61 3
1404 2 12 2
1405 2 23 2
1406 3 51 3
1407 3 53 3
1408 2 51 2
1409 3 33 3
1410 2 25 2
1411 2 47 2
1412 2 20 2
1413 3 33 3
1414 2 10 2
1415 4 78 4
1416 2 24 2
1417 4 28 4
1418 2 10 2
1419 2 15 2
1420 3 19 3
1421 2 69 2
1422 3 34 3
1423 4 29 4
1424 2 11 2
1425 2 12 2
1426 2 10 2
1427 2 15 2
1428 2 16 2
1429 2 18 2
1430 6 188 6
1431 2 15 2
1432 2 13 2
1433 2 18 2
1434 3 26 3
1435 2 10 2
1436 3 21 3
1437 2 32 2
1438 2 12 2
1439 4 38 4
1440 2 19 2
1441 2 13 2
1442 2 32 2
1443 3 47 3
1444 4 37 4
1445 2 11 2
1446 2 19 2
1447 3 38 3
1448 2 42 2
1449 2 10 2
1450 2 24 2
1451 2 21 2
1452 2 21 2
1453 2 18 2
1454 2 13 2
1455 2 18 2
1456 3 81 3
1457 2 18 2
1458 2 25 2
1459 4 67 4
1460 2 21 2
1461 4 61 4
1462 2 13 2
1463 4 25 4
1464 2 29 2
1465 2 16 2
1466 3 66 3
1467 2 13 2
1468 2 18 2
1469 2 18 2
1470 3 31 3
1471 2 10 2
1472 5 95 5
1473 2 17 2
1474 2 13 2
1475 2 14 2
1476 4 82 4
1477 2 16 2
1478 2 11 2
1479 2 18 2
1480 2 23 2
1481 2 17 2
1482 3 34 3
1483 5 57 5
1484 2 17 2
1485 3 28 3
1486 6 95 5
1487 2 29 2
1488 2 11 2
1489 2 12 2
1490 2 13 2
1491 3 23 3
1492 2 17 2
1493 2 34 2
1494 2 12 2
1495 2 15 2
1496 2 18 2
1497 2 15 2
1498 2 20 2
1499 3 37 3
1500 2 11 2
1501 2 20 2
1502 3 23 3
1503 2 12 2
1504 2 26 2
1505 2 17 2
1506 2 17 2
1507 2 11 2
1508 2 18 2
1509 2 12 2
1510 2 11 2
1511 3 27 3
1512 3 44 3
1513 2 26 2
1514 2 69 2
1515 5 65 5
1516 3 35 3
1517 2 15 2
1518 2 11 2
1519 2 17 2
1520 2 12 2
1521 3 45 3
1522 2 21 2
1523 2 27 2
1524 2 17 2
1525 2 18 2
1526 2 18 2
1527 3 43 3
1528 3 31 3
1529 2 13 2
1530 2 21 2
1531 2 12 2
1532 2 13 2
1533 2 19 2
1534 2 21 2
1535 2 32 2
1536 2 10 2
1537 5 83 5
1538 2 20 2
1539 2 20 2
1540 3 26 3
1541 2 24 2
1542 2 43 2
1543 2 14 2
1544 2 20 2
1545 2 39 2
1546 2 11 2
1547 3 34 3
1548 3 40 3
1549 2 34 2
1550 3 18 3
1551 2 57 2
1552 2 12 2
1553 3 16 3
1554 2 15 2
1555 2 13 2
1556 3 22 3
1557 3 30 3
1558 2 100 2
1559 3 25 3
1560 2 20 2
1561 2 15 2
1562 4 48 4
1563 2 35 2
1564 2 25 2
1565 3 17 3
1566 2 16 2
1567 2 21 2
1568 2 16 2
1569 3 40 3
1570 2 16 2
1571 3 19 3
1572 2 26 2
1573 2 39 2
1574 3 24 3
1575 2 21 2
1576 2 18 2
1577 4 27 4
1578 2 18 2
1579 2 15 2
1580 3 25 3
1581 2 16 2
1582 2 18 2
1583 4 57 4
1584 2 11 2
1585 2 17 2
1586 2 22 2
1587 2 13 2
1588 2 16 2
1589 2 17 2
1590 2 26 2
1591 2 14 2
1592 2 16 2
1593 6 70 5
1594 2 42 2
1595 4 36 4
1596 2 13 2
1597 2 18 2
1598 2 28 2
1599 2 17 2
1600 2 14 2
1601 2 26 2
1602 2 19 2
1603 2 14 2
1604 2 18 2
1605 2 28 2
1606 2 20 2
1607 2 49 2
1608 2 18 2
1609 2 11 2
1610 3 34 3
1611 3 63 3
1612 2 17 2
1613 2 27 2
1614 2 30 2
1615 2 13 2
1616 2 22 2
1617 2 12 2
1618 2 11 2
1619 2 13 2
1620 5 48 5
1621 2 13 2
1622 2 19 2
1623 2 18 2
1624 2 12 2
1625 2 14 2
1626 2 31 2
1627 2 38 2
1628 4 69 4
1629 3 34 3
1630 3 35 3
1631 4 31 4
1632 2 11 2
1633 4 50 4
1634 4 365 4
1635 4 39 4
1636 3 25 3
1637 2 13 2
1638 2 33 2
1639 2 14 2
1640 2 14 2
1641 2 10 2
1642 4 56 4
1643 2 13 2
1644 2 13 2
1645 2 42 2
1646 2 16 2
1647 2 11 2
1648 2 19 2
1649 2 12 2
1650 3 30 3
1651 2 13 2
1652 2 18 2
1653 2 26 2
1654 3 32 3
1655 2 12 2
1656 2 16 2
1657 3 25 3
1658 3 17 3
1659 2 16 2
1660 2 21 2
1661 3 21 3
1662 2 26 2
1663 2 13 2
1664 3 28 3
1665 2 11 2
1666 2 110 2
1667 3 34 3
1668 2 10 2
1669 6 47 5
1670 4 36 4
1671 2 31 2
1672 4 38 4
1673 2 14 2
1674 3 38 3
1675 3 19 3
1676 3 23 3
1677 2 56 2
1678 3 25 3
1679 2 11 2
1680 2 28 2
1681 2 17 2
1682 2 24 2
1683 2 34 2
1684 2 13 2
1685 3 38 3
1686 2 12 2
1687 2 13 2
1688 2 13 2
1689 3 31 3
1690 2 14 2
1691 2 21 2
1692 2 12 2
1693 2 12 2
1694 2 12 2
1695 2 28 2
1696 2 15 2
1697 2 54 2
1698 2 12 2
1699 2 26 2
1700 2 20 2
1701 3 24 3
1702 2 11 2
1703 2 16 2
1704 2 29 2
1705 2 19 2
1706 3 19 3
1707 3 73 3
1708 3 35 3
1709 2 14 2
1710 2 33 2
1711 2 27 2
1712 2 18 2
1713 2 18 2
1714 3 21 3
1715 3 27 3
1716 3 25 3
1717 2 20 2
1718 2 22 2
1719 3 18 3
1720 3 58 3
1721 2 22 2
1722 2 16 2
1723 2 37 2
1724 2 14 2
1725 3 22 3
1726 3 37 3
1727 3 21 3
1728 2 13 2
1729 3 18 3
1730 3 33 3
1731 3 42 3
1732 2 12 2
1733 3 30 3
1734 2 20 2
1735 2 19 2
1736 2 13 2
1737 2 17 2
1738 2 12 2
1739 3 53 3
1740 2 17 2
1741 2 31 2
1742 2 11 2
1743 2 14 2
1744 2 17 2
1745 2 13 2
1746 2 15 2
1747 2 37 2
1748 2 33 2
1749 2 19 2
1750 2 19 2
1751 3 36 3
1752 2 15 2
1753 2 17 2
1754 2 12 2
1755 3 18 3
1756 2 11 2
1757 2 16 2
1758 2 11 2
1759 2 18 2
1760 3 63 3
1761 2 16 2
1762 2 27 2
1763 3 38 3
1764 2 16 2
1765 2 18 2
1766 2 18 2
1767 3 50 3
1768 2 34 2
1769 2 16 2
1770 3 41 3
1771 4 29 4
1772 3 275 3
1773 2 13 2
1774 2 19 2
1775 3 43 3
1776 3 34 3
1777 4 31 4
1778 2 10 2
1779 2 18 2
1780 2 21 2
1781 2 13 2
1782 2 32 2
1783 3 57 3
1784 3 18 3
1785 2 11 2
1786 2 16 2
1787 3 18 3
1788 2 20 2
1789 3 36 3
1790 2 24 2
1791 3 16 3
1792 2 21 2
1793 2 28 2
1794 2 17 2
1795 2 10 2
1796 2 15 2
1797 3 16 3
1798 3 40 3
1799 3 28 3
1800 3 27 3
1801 2 20 2
1802 2 24 2
1803 2 16 2
1804 2 14 2
1805 2 38 2
1806 2 19 2
1807 2 19 2
1808 2 25 2
1809 3 53 3
1810 2 36 2
1811 3 20 3
1812 2 19 2
1813 2 24 2
1814 3 19 3
1815 3 37 3
1816 2 21 2
1817 3 40 3
1818 3 17 3
1819 2 22 2
1820 2 14 2
1821 2 16 2
1822 2 20 2
1823 2 32 2
1824 3 63 3
1825 2 22 2
1826 4 42 4
1827 2 16 2
1828 3 52 3
1829 2 18 2
1830 2 18 2
1831 3 98 3
1832 3 24 3
1833 2 17 2
1834 2 16 2
1835 2 21 2
1836 2 10 2
1837 2 10 2
1838 6 83 6
1839 2 11 2
1840 2 15 2
1841 2 18 2
1842 2 17 2
1843 2 17 2
1844 2 10 2
1845 3 39 3
1846 2 11 2
1847 2 21 2
1848 2 26 2
1849 2 10 2
1850 3 35 3
1851 2 12 2
1852 2 13 2
1853 2 12 2
1854 2 26 2
1855 3 57 3
1856 4 36 4
1857 3 24 3
1858 2 17 2
1859 3 31 3
1860 3 23 3
1861 2 10 2
1862 2 13 2
1863 2 50 2
1864 3 48 3
1865 2 11 2
1866 3 72 3
1867 2 11 2
1868 4 30 4
1869 2 22 2
1870 3 27 3
1871 2 17 2
1872 2 13 2
1873 3 43 3
1874 2 51 2
1875 2 20 2
1876 2 11 2
1877 2 17 2
1878 2 18 2
1879 2 12 2
1880 2 15 2
1881 3 26 3
1882 2 16 2
1883 2 10 2
1884 2 16 2
1885 2 60 2
1886 4 114 4
1887 2 10 2
1888 2 18 2
1889 2 18 2
1890 3 26 3
1891 3 43 3
1892 2 13 2
1893 3 25 3
1894 3 27 3
1895 3 18 3
1896 3 33 3
1897 2 15 2
1898 2 13 2
1899 2 16 2
1900 2 13 2
1901 3 22 3
1902 2 22 2
1903 3 25 3
1904 2 24 2
1905 6 53 5
1906 3 21 3
1907 3 24 3
1908 3 20 3
1909 2 19 2
1910 5 42 5
1911 2 53 2
1912 3 29 3
1913 2 17 2
1914 2 22 2
1915 3 49 3
1916 3 527 3
1917 2 13 2
1918 4 55 4
1919 2 11 2
1920 2 17 2
1921 2 34 2
1922 3 90 3
1923 6 205 6
1924 3 18 3
1925 3 85 3
1926 2 28 2
1927 4 64 4
1928 2 16 2
1929 2 14 2
1930 3 37 3
1931 2 12 2
1932 2 14 2
1933 2 50 2
1934 2 11 2
1935 2 12 2
1936 2 15 2
1937 2 24 2
1938 2 29 2
1939 2 18 2
1940 3 38 3
1941 3 106 3
1942 2 10 2
1943 2 23 2
1944 2 14 2
1945 3 20 3
1946 3 36 3
1947 2 11 2
1948 3 38 3
1949 2 21 2
1950 2 22 2
1951 4 87 4
1952 2 19 2
1953 2 16 2
1954 2 14 2
1955 2 11 2
1956 2 11 2
1957 4 33 4
1958 2 11 2
1959 2 40 2
1960 2 16 2
1961 2 30 2
1962 4 32 4
1963 2 10 2
1964 2 32 2
1965 2 14 2
1966 2 15 2
1967 5 65 5
1968 3 27 3
1969 2 11 2
1970 2 13 2
1971 3 26 3
1972 2 15 2
1973 2 21 2
1974 2 11 2
1975 2 18 2
1976 2 12 2
1977 2 17 2
1978 2 10 2
1979 3 24 3
1980 4 92 4
1981 2 22 2
1982 2 27 2
1983 2 16 2
1984 2 29 2
1985 2 15 2
1986 2 18 2
1987 2 10 2
1988 2 20 2
1989 2 12 2
1990 2 19 2
1991 2 14 2
1992 2 19 2
1993 2 20 2
1994 2 18 2
1995 2 37 2
1996 2 22 2
1997 2 31 2
1998 2 11 2
1999 2 27 2
2000 2 20 2
2001 3 47 3
2002 2 38 2
2003 2 14 2
2004 2 19 2
2005 2 10 2
2006 3 121 3
2007 2 13 2
2008 4 21 4
2009 4 53 4
2010 2 16 2
2011 3 60 3
2012 2 13 2
2013 2 14 2
2014 7 110 6
2015 2 11 2
2016 3 48 3
2017 3 54 3
2018 3 37 3
2019 2 11 2
2020 2 17 2
2021 2 20 2
2022 2 11 2
2023 2 30 2
2024 2 19 2
2025 5 82 5
2026 2 23 2
2027 2 10 2
2028 2 29 2
2029 2 18 2
2030 3 17 3
2031 2 12 2
2032 3 29 3
2033 3 24 3
2034 2 13 2
2035 2 27 2
2036 2 12 2
2037 2 17 2
2038 2 11 2
2039 2 12 2
2040 2 18 2
2041 2 16 2
2042 2 12 2
2043 2 14 2
2044 5 64 5
2045 2 29 2
2046 2 11 2
2047 2 39 2
2048 3 29 3
2049 2 16 2
2050 2 22 2
2051 3 28 3
2052 2 19 2
2053 2 24 2
2054 2 21 2
2055 2 21 2
2056 2 30 2
2057 2 34 2
2058 2 48 2
2059 3 26 3
2060 4 138 4
2061 4 81 4
2062 2 19 2
2063 3 35 3
2064 2 11 2
2065 3 46 3
2066 3 27 3
2067 2 11 2
2068 2 19 2
2069 3 38 3
2070 3 31 3
2071 2 19 2
2072 2 14 2
2073 2 10 2
2074 2 14 2
2075 2 11 2
2076 2 14 2
2077 2 14 2
2078 3 24 3
2079 2 16 2
2080 3 19 3
2081 2 16 2
2082 3 29 3
2083 2 19 2
2084 2 13 2
2085 2 11 2
2086 3 44 3
2087 2 13 2
2088 2 20 2
2089 2 21 2
2090 2 11 2
2091 4 24 4
2092 3 47 3
2093 2 10 2
2094 3 26 3
2095 2 15 2
2096 2 13 2
2097 4 32 4
2098 2 25 2
2099 2 12 2
2100 2 13 2
2101 2 10 2
2102 4 27 4
2103 2 12 2
2104 2 13 2
2105 2 20 2
2106 2 16 2
2107 2 16 2
2108 2 20 2
2109 3 66 3
2110 4 63 4
2111 2 30 2
2112 2 11 2
2113 2 19 2
2114 2 13 2
2115 2 11 2
2116 2 15 2
2117 2 23 2
2118 2 11 2
2119 2 15 2
2120 2 22 2
2121 2 18 2
2122 2 43 2
2123 4 40 4
2124 2 13 2
2125 2 17 2
2126 3 27 3
2127 2 73 2
2128 3 53 3
2129 2 32 2
2130 2 36 2
2131 2 34 2
2132 2 30 2
2133 3 51 3
2134 2 12 2
2135 2 24 2
2136 2 21 2
2137 2 13 2
2138 3 21 3
2139 2 32 2
2140 2 16 2
2141 2 21 2
2142 3 44 3
2143 2 17 2
2144 2 22 2
2145 2 47 2
2146 2 13 2
2147 3 253 3
2148 5 133 5
2149 2 17 2
2150 2 44 2
2151 2 18 2
2152 2 13 2
2153 2 40 2
2154 2 16 2
2155 2 38 2
2156 2 12 2
2157 2 23 2
2158 6 72 6
2159 2 43 2
2160 2 14 2
2161 2 18 2
2162 2 104 2
2163 3 17 3
2164 3 31 3
2165 2 14 2
2166 2 19 2
2167 2 40 2
2168 2 24 2
2169 2 49 2
2170 2 86 2
2171 2 11 2
2172 2 31 2
2173 3 53 3
2174 4 49 4
2175 2 14 2
2176 2 33 2
2177 2 16 2
2178 2 99 2
2179 3 36 3
2180 2 10 2
2181 2 13 2
2182 2 12 2
2183 2 38 2
2184 2 11 2
2185 2 25 2
2186 2 17 2
2187 2 12 2
2188 3 48 3
2189 4 47 4
2190 2 14 2
2191 2 12 2
2192 2 34 2
2193 4 76 4
2194 5 52 5
2195 4 31 4
2196 4 61 4
2197 2 11 2
2198 3 19 3
2199 3 22 3
2200 4 183 4
2201 3 38 3
2202 2 19 2
2203 2 14 2
2204 2 22 2
2205 2 20 2
2206 2 13 2
2207 2 30 2
2208 2 24 2
2209 2 17 2
2210 2 42 2
2211 2 13 2
2212 2 12 2
2213 2 15 2
2214 3 33 3
2215 3 40 3
2216 3 18 3
2217 3 34 3
2218 2 21 2
2219 5 121 5
2220 4 34 4
2221 2 13 2
2222 2 15 2
2223 2 12 2
2224 2 18 2
2225 3 45 3
2226 7 128 6
2227 3 25 3
2228 2 15 2
2229 2 18 2
2230 2 24 2
2231 2 18 2
2232 2 11 2
2233 2 15 2
2234 2 14 2
2235 2 16 2
2236 2 13 2
2237 2 24 2
2238 2 34 2
2239 2 84 2
2240 2 13 2
2241 2 25 2
2242 3 18 3
2243 2 11 2
2244 2 26 2
2245 2 16 2
2246 2 13 2
2247 2 30 2
2248 4 36 4
2249 2 23 2
2250 2 10 2
2251 2 13 2
2252 2 20 2
2253 2 20 2
2254 2 11 2
2255 2 42 2
2256 4 24 4
2257 2 19 2
2258 3 35 3
2259 2 15 2
2260 2 10 2
2261 2 29 2
2262 2 13 2
2263 2 17 2
2264 2 18 2
2265 4 50 4
2266 2 29 2
2267 2 13 2
2268 2 25 2
2269 2 27 2
2270 3 19 3
2271 2 12 2
2272 2 14 2
2273 2 17 2
2274 2 16 2
2275 2 27 2
2276 3 59 3
2277 2 16 2
2278 2 19 2
2279 2 16 2
2280 2 37 2
2281 3 20 3
2282 3 23 3
2283 2 10 2
2284 2 13 2
2285 2 15 2
2286 2 19 2
2287 3 44 3
2288 2 10 2
2289 2 20 2
2290 2 13 2
2291 2 15 2
2292 2 12 2
2293 2 12 2
2294 2 18 2
2295 2 23 2
2296 2 25 2
2297 2 29 2
2298 2 35 2
2299 6 61 5
2300 2 11 2
2301 2 16 2
2302 2 11 2
2303 2 26 2
2304 2 45 2
2305 2 15 2
2306 3 35 3
2307 2 12 2
2308 2 12 2
2309 3 34 3
2310 2 18 2
2311 2 31 2
2312 2 12 2
2313 2 18 2
2314 2 13 2
2315 2 16 2
2316 2 47 2
2317 2 12 2
2318 3 22 3
2319 2 19 2
2320 4 30 4
2321 3 30 3
2322 3 26 3
2323 2 15 2
2324 2 10 2
2325 2 36 2
2326 2 31 2
2327 2 21 2
2328 2 29 2
2329 3 19 3
2330 3 19 3
2331 2 34 2
2332 2 22 2
2333 2 30 2
2334 2 42 2
2335 2 11 2
2336 2 22 2
2337 2 39 2
2338 2 21 2
2339 2 16 2
2340 2 15 2
2341 4 41 4
2342 3 27 3
2343 3 107 3
2344 2 28 2
2345 3 55 3
2346 3 37 3
2347 2 38 2
2348 2 11 2
2349 2 10 2
2350 3 25 3
2351 4 38 4
2352 2 31 2
2353 2 13 2
2354 2 24 2
2355 2 13 2
2356 2 28 2
2357 2 12 2
2358 7 245 6
2359 2 12 2
2360 8 298 8
2361 2 22 2
2362 2 20 2
2363 6 259 5
2364 2 15 2
2365 3 29 3
2366 3 58 3
2367 2 10 2
2368 2 48 2
2369 2 39 2
2370 2 29 2
2371 2 32 2
2372 3 120 3
2373 2 12 2
2374 2 15 2
2375 2 16 2
2376 3 38 3
2377 2 16 2
2378 2 14 2
2379 3 21 3
2380 3 20 3
2381 3 30 3
2382 3 21 3
2383 2 15 2
2384 3 37 3
2385 2 10 2
2386 2 22 2
2387 2 33 2
2388 2 17 2
2389 2 11 2
2390 2 20 2
2391 2 11 2
2392 2 11 2
2393 2 42 2
2394 2 13 2
2395 2 20 2
2396 2 16 2
2397 2 46 2
2398 2 18 2
2399 2 10 2
2400 2 39 2
2401 3 26 3
2402 2 18 2
2403 2 23 2
2404 2 11 2
2405 2 22 2
2406 3 17 3
2407 2 15 2
2408 4 55 4
2409 4 50 4
2410 2 28 2
2411 2 11 2
2412 2 13 2
2413 2 13 2
2414 3 30 3
2415 2 15 2
2416 2 20 2
2417 3 71 3
2418 2 16 2
2419 2 29 2
2420 2 64 2
2421 2 16 2
2422 2 18 2
2423 3 15 3
2424 2 19 2
2425 3 51 3
2426 2 16 2
2427 2 33 2
2428 3 32 3
2429 3 30 3
2430 2 12 2
2431 4 33 4
2432 2 28 2
2433 2 31 2
2434 2 17 2
2435 2 12 2
2436 2 19 2
2437 2 20 2
2438 2 11 2
2439 2 13 2
2440 2 13 2
2441 2 60 2
2442 2 17 2
2443 2 11 2
2444 2 12 2
2445 3 27 3
2446 2 26 2
2447 2 12 2
2448 2 12 2
2449 2 14 2
2450 2 100 2
2451 3 66 3
2452 2 17 2
2453 2 28 2
2454 2 11 2
2455 2 24 2
2456 2 36 2
2457 2 15 2
2458 2 23 2
2459 2 44 2
2460 2 27 2
2461 2 24 2
2462 2 26 2
2463 2 19 2
2464 2 42 2