169 0.98761165 170 0.9738927 5554 0.9707175 3398 0.9534722 1113 0.94333136 1176 0.942479 171 0.9373918 1112 0.91815645 7648 0.9160672 8512 0.9127866 13945 0.9096194 198 0.89830256 293 0.8953797 908 0.8864656 2963 0.87854385 7836 0.85703385 3367 0.8550355 3813 0.85164547 172 0.847939 177 0.84530544 352 0.84409004 10421 0.8397475 542 0.8367654 3475 0.836716 7374 0.8222343 8250 0.8191382 12485 0.8171444 12707 0.8154641 1311 0.809566 1381 0.807582 
6775 0.98408425 5587 0.9628393 192 0.96117765 332 0.95632535 11970 0.95448524 9009 0.94825745 11438 0.94396657 14748 0.9390987 7697 0.9307196 3482 0.929849 210 0.92864174 7024 0.9131984 94 0.9121156 4241 0.9068188 5647 0.90637934 1118 0.8992987 455 0.8991935 2735 0.89817286 3596 0.8972361 1142 0.8948064 13670 0.8917927 8453 0.8917862 470 0.8902963 1448 0.88832444 13574 0.8861119 14586 0.8805292 12133 0.87845427 5118 0.8783446 12572 0.8763524 10093 0.8730095 
4881 0.9994316 15202 0.9887789 3291 0.9840113 2662 0.98367864 170 0.9830149 2718 0.9786938 544 0.96766853 3636 0.9646295 2357 0.96410054 4882 0.9636631 2373 0.96079075 2660 0.9601689 8502 0.95729434 2441 0.9570832 13754 0.9566436 6458 0.95267373 218 0.9505358 5138 0.94473535 8009 0.94303894 7251 0.9426806 5361 0.94181204 8498 0.9397052 12555 0.9395258 2572 0.93874365 8501 0.9352094 15058 0.93415606 4799 0.9302355 4883 0.92973286 8132 0.92835337 2713 0.9240687 
394 0.9752675 11695 0.921173 11696 0.9161166 6823 0.9004857 5933 0.86155087 948 0.8574318 7118 0.8489693 2850 0.84755135 874 0.8431004 11325 0.83360666 9454 0.8302379 398 0.8299038 13636 0.82605654 2724 0.8238622 10165 0.8212338 396 0.81383944 450 0.7986991 3759 0.7877624 386 0.786765 1243 0.7797189 10855 0.77936435 11570 0.7686605 594 0.7666639 8642 0.7605638 940 0.76008755 14496 0.75350755 8384 0.75029534 12444 0.7398713 13526 0.73572004 785 0.73507625 
1023 0.9653797 251 0.9497231 3654 0.9423581 11357 0.9290514 6199 0.9238997 1599 0.9221777 9096 0.9210673 1808 0.92059565 5102 0.9188876 4651 0.91880316 940 0.9178607 2383 0.9177174 6613 0.9154272 11329 0.9061493 4650 0.9007469 2384 0.8984518 15365 0.89483714 3177 0.8884736 2132 0.8859918 5980 0.8827306 5407 0.88069284 14996 0.8744579 8290 0.87244785 129 0.87183005 6325 0.87174904 10286 0.8714322 4976 0.8692503 13533 0.86582166 2353 0.8591032 152 0.8467338 
4638 0.9717925 201 0.8967602 10330 0.8720776 7637 0.8392274 10329 0.82081795 233 0.8191967 6542 0.81907123 6541 0.8174343 1751 0.8003203 6120 0.7509563 3612 0.748406 4307 0.7468232 3591 0.74169165 5352 0.73225987 3436 0.7285806 6612 0.7115608 5386 0.69815 3474 0.6746581 3286 0.67332226 129 0.6713891 6084 0.6633558 11035 0.65132385 5001 0.64919376 4884 0.6453711 11092 0.6436919 5420 0.6436321 5515 0.6395357 6076 0.6371639 2313 0.61846936 4676 0.6163436 
6865 0.9995618 3516 0.9977312 3334 0.99581265 319 0.99381906 481 0.99092 1143 0.9901917 5667 0.9894288 413 0.9893764 4989 0.9884789 2194 0.98833245 2852 0.98742837 5574 0.9851519 415 0.9844923 326 0.9840997 4130 0.9839169 14625 0.9825593 919 0.9794828 4653 0.9776445 1561 0.9769784 321 0.97609943 331 0.9753246 11870 0.9731588 181 0.9708894 10561 0.9704007 3353 0.9701832 6866 0.9627266 187 0.9599642 14379 0.95926994 14590 0.958529 10085 0.95835286 
4650 0.9655042 432 0.9639235 5443 0.95095253 305 0.9367205 14030 0.89558506 855 0.8952436 5444 0.89096236 498 0.8889583 5756 0.88683224 7392 0.8664319 10283 0.86609334 15353 0.8597392 433 0.8566822 10557 0.8482909 434 0.8479478 9417 0.8446333 7427 0.84344506 10614 0.8345049 854 0.8299473 10763 0.8261711 3615 0.82483107 12279 0.8243731 12856 0.81175905 1053 0.81161016 13704 0.8087566 1333 0.80538535 9418 0.80514634 106 0.8039025 75 0.80279136 1176 0.8004368 
12571 0.986325 1281 0.9675691 6853 0.94915897 6263 0.9462683 4961 0.9449655 3384 0.9325391 396 0.9305939 10908 0.9296672 12023 0.9166996 1833 0.9160012 12471 0.9159876 4632 0.91485965 5193 0.9135718 6885 0.9096973 14585 0.8909257 13826 0.8882649 10232 0.887219 7721 0.88589865 485 0.8837709 9050 0.88055795 1255 0.8781526 2276 0.87650514 14132 0.8762414 1142 0.87379134 2435 0.871333 1383 0.8681646 5526 0.8610836 12917 0.85426086 1885 0.8512693 15448 0.8498686 
731 0.97829765 1063 0.9682593 871 0.9558059 31 0.87218606 1153 0.85789114 4996 0.8569097 98 0.8358383 12105 0.82564837 341 0.8053896 730 0.77441674 3396 0.77323633 8502 0.77166647 687 0.7654467 9506 0.76194775 4183 0.7327481 219 0.7203925 7427 0.70225066 2904 0.6976042 1368 0.69006765 5326 0.68387914 685 0.6693542 914 0.66770715 11577 0.65265906 556 0.6465834 853 0.6354335 13428 0.61502755 14169 0.6091162 7038 0.6030645 1019 0.5967047 220 0.5932897 
1555 0.96204513 920 0.87580323 8797 0.8577856 15190 0.82411134 1993 0.8235028 1787 0.8235028 1435 0.8235028 1061 0.8235028 750 0.8235028 556 0.8083863 602 0.7868831 923 0.77436477 7874 0.562155 12024 0.5408234 12938 0.5368865 5805 0.5041233 1554 0.49969766 394 0.49681854 840 0.49081314 6168 0.46121767 10706 0.45249987 604 0.41818786 14538 0.41502818 8920 0.37905404 9690 0.37699258 1879 0.37563118 2826 0.36553866 10600 0.3615998 6663 0.3524563 6400 0.34496263 
1023 0.9836654 1611 0.9681526 4692 0.96470964 1340 0.96071774 89 0.9592305 3389 0.95681185 6084 0.9549875 6100 0.94992936 3980 0.94738674 399 0.9472283 4920 0.94263977 3320 0.9416346 95 0.9373323 5011 0.9363612 6197 0.9356904 234 0.9351026 3934 0.93421584 9804 0.93380535 3177 0.93086237 1750 0.93016255 6103 0.92393136 844 0.92167574 2963 0.92071795 6120 0.91998535 3286 0.9136116 3812 0.9132421 5464 0.90472066 4638 0.9030547 4604 0.8981952 3472 0.897695 
10764 0.89630264 15542 0.8957979 13569 0.88436157 4694 0.87938815 4247 0.86463547 1069 0.8435086 6089 0.79179794 430 0.75192076 9786 0.7435942 989 0.73041505 2939 0.72853816 9538 0.7129379 5789 0.7033443 13982 0.6930142 2417 0.6790361 7741 0.6706372 431 0.65162593 1713 0.6470266 8366 0.6427761 10268 0.64160496 7685 0.6405864 2268 0.63102925 2527 0.61819124 2503 0.6179405 12996 0.6169045 3614 0.6124795 6476 0.61211646 1807 0.60664564 5533 0.60556555 9674 0.60413253 
12629 0.99915165 7418 0.9954949 10993 0.9883998 10780 0.98776674 1078 0.9874817 6946 0.984384 4916 0.9820562 6195 0.9784449 4471 0.97681683 13398 0.97584796 1084 0.97430456 10367 0.9713841 10002 0.9706441 7746 0.96683365 2551 0.9665191 13815 0.9661362 6114 0.95934314 1077 0.95346373 13198 0.94992155 15545 0.9492743 14305 0.94889987 5012 0.9430835 15323 0.9420281 13082 0.9380628 6152 0.93369085 8681 0.9320534 6306 0.92690384 9754 0.9257614 7630 0.92563236 6115 0.92476594 
11392 0.9875069 2574 0.98505086 1873 0.9735241 1807 0.96431905 8004 0.95544446 4281 0.95471406 13754 0.9473035 9126 0.9454456 5192 0.9416285 6990 0.94162005 3510 0.94138443 8504 0.939945 12555 0.9391801 7860 0.93306434 13742 0.93234813 10495 0.93059176 2968 0.92840135 5442 0.92833835 3765 0.9280674 10344 0.9256804 12962 0.9249094 7331 0.92414016 1654 0.9217794 13812 0.9216112 2212 0.9204636 11804 0.9189857 1010 0.91827214 2573 0.9154982 10662 0.9142921 3796 0.9142034 
11720 0.915745 5173 0.8857025 8546 0.8742489 13066 0.87329483 12669 0.87209845 3179 0.8677477 14666 0.86425763 6011 0.84719473 1805 0.84350157 15527 0.83751833 11059 0.836691 1763 0.8302028 5211 0.82809323 2463 0.82620174 12898 0.8209907 8580 0.81899905 12084 0.8077252 8995 0.8036429 14445 0.8025574 1140 0.79797363 6331 0.79054385 10139 0.78175807 11887 0.78057885 3887 0.77555346 8813 0.7692438 105 0.76702964 4554 0.7667549 14191 0.76414454 3479 0.7580357 3745 0.7513136 
3360 0.98713934 3145 0.9816645 3203 0.9758434 8521 0.97510093 7546 0.9723431 3528 0.97187763 9559 0.9712542 11511 0.9659979 4245 0.96585226 9209 0.9652781 4493 0.9649323 7901 0.9625257 11963 0.95947826 8849 0.9576198 8848 0.9549595 9837 0.95310825 8920 0.9520573 15314 0.9502498 11648 0.94786066 7098 0.94708127 10335 0.9463108 7829 0.9451851 3452 0.9450792 9832 0.94237995 1959 0.93265927 12227 0.930862 7343 0.9261124 14512 0.9249972 9207 0.92369777 2055 0.9166551 
3768 0.972315 7691 0.95053047 7203 0.9486346 14625 0.92487 7345 0.9154406 9668 0.9107209 1514 0.9003509 8114 0.89707565 1689 0.8967644 10685 0.89644015 11521 0.8963008 7062 0.8949781 5670 0.8896628 13908 0.882894 8567 0.88181025 14658 0.8761154 14686 0.87366986 11184 0.868984 11034 0.8647534 6819 0.86364394 13199 0.86341214 6014 0.8607351 9033 0.8563065 664 0.8558762 2243 0.84771246 8815 0.84172434 5795 0.8348273 1239 0.832188 5027 0.83182186 15020 0.8308508 
6112 0.9922015 13218 0.97929615 12172 0.9788493 9126 0.9787134 8525 0.9767624 1291 0.9742379 188 0.97398025 341 0.9706577 3735 0.96828246 9417 0.96733123 5031 0.96618617 12681 0.9658147 3397 0.9608713 13968 0.960072 2193 0.9598615 2194 0.9583394 413 0.9552411 9064 0.95469815 15461 0.9539838 10935 0.9525009 3082 0.9484758 48 0.9477171 12537 0.94519305 2852 0.9447258 5450 0.94395137 12520 0.93765545 11750 0.9374648 5664 0.9374531 725 0.93646187 3197 0.9362475 
7630 0.99403554 1624 0.98179156 4474 0.9779871 8708 0.9755309 4427 0.9752719 8585 0.97394586 11737 0.971137 14595 0.9699863 3596 0.9696619 3597 0.96964926 4459 0.9677686 9048 0.96723646 1495 0.96452993 9049 0.96159583 10906 0.9614801 7718 0.96080756 14614 0.9602424 8339 0.95895725 5407 0.95770913 5300 0.9572809 10910 0.9549311 14585 0.954322 7848 0.95276505 7874 0.9511898 950 0.95080996 11842 0.94797105 1701 0.9456496 5257 0.9455203 14611 0.9409571 13082 0.94069046 
2661 0.9563755 10211 0.95625335 5546 0.94827396 877 0.94682807 1818 0.94547844 1594 0.92272294 125 0.9142237 11000 0.88140786 7648 0.8783461 409 0.86715186 10212 0.8669731 5644 0.85576266 5300 0.79040104 6948 0.7745747 7393 0.7702244 7751 0.7663637 1340 0.7649266 2406 0.7531758 9973 0.7469523 8885 0.74465895 10227 0.7403944 1034 0.73618215 10213 0.73345155 1100 0.72739285 6046 0.72122175 7392 0.70637923 3750 0.70324755 1895 0.6994581 9653 0.6974103 8162 0.6930852 
1691 0.99908096 4306 0.99441683 14895 0.9929443 446 0.99289405 14666 0.9912199 6081 0.99043274 4250 0.99042326 646 0.98873144 13239 0.98731065 770 0.9865318 5875 0.9864839 13710 0.9838943 13198 0.9835288 4762 0.98262537 5558 0.9810624 5067 0.9807646 7260 0.9800144 1843 0.9788043 13831 0.97780985 3447 0.9771422 14458 0.97688043 14253 0.97645247 15037 0.9760585 13771 0.9748323 5502 0.9747044 6013 0.97435945 4516 0.97412896 12872 0.97392714 9581 0.97337776 12891 0.97219014 
217 0.99876314 530 0.99652094 5129 0.99470437 4404 0.99291575 1750 0.99075 1836 0.989907 1751 0.98929286 538 0.9880932 6112 0.9876808 3446 0.98751885 5464 0.98536664 4921 0.98425835 7173 0.98345876 529 0.9825665 12700 0.9823292 6074 0.98020715 1056 0.9798968 8926 0.9779539 915 0.97603405 3474 0.97420955 11447 0.9742093 4782 0.9718721 14836 0.9710458 9900 0.97010386 4228 0.965055 3699 0.9639841 402 0.9607221 588 0.95978653 5001 0.9570803 5665 0.955655 
2430 0.96035796 10412 0.9239679 10690 0.8813071 1326 0.83908063 6533 0.8303334 3024 0.7933926 10906 0.7933026 2930 0.78122014 322 0.77272177 14014 0.7692064 1965 0.75185835 13881 0.74733555 11506 0.7276274 9649 0.7205594 6164 0.72021717 13506 0.70886225 13605 0.7072367 10105 0.69922143 3551 0.6972155 12727 0.6909385 13899 0.6898859 14786 0.67276955 7181 0.66897434 3952 0.6647692 14024 0.6596888 7933 0.658628 9244 0.6357935 2925 0.6278371 6550 0.619727 13296 0.59132016 