0 11 11 11 11 11 11 11 11 11 11 11 11 11 11 11 
1 624 624 624 624 624 624 624 624 624 624 
2 558 558 558 558 558 558 558 
3 508 508 624 508 508 508 508 508 508 
4 51 558 558 558 558 558 558 558 558 558 1198 558 51 558 624 558 558 558 
5 558 5 5 5 5 5 5 5 5 5 5 5 5 5 5 380 5 
6 5 5 5 5 15 
7 558 558 558 558 44 558 558 558 558 53 558 558 558 558 558 558 40 558 
8 558 558 558 558 558 558 558 558 558 558 558 
9 190 508 190 190 190 190 190 146 76 190 232 190 640 190 190 190 
10 47 47 47 47 47 47 47 47 47 47 47 47 47 47 47 47 47 47 
11 558 558 558 558 558 558 558 558 558 558 558 558 558 249 558 558 558 558 558 558 
12 558 558 558 558 558 558 558 558 558 558 558 558 558 
13 11 624 232 11 11 11 11 11 
14 558 558 558 558 558 558 558 558 558 558 558 558 558 
15 11 11 65 880 11 11 11 11 11 11 11 11 167 
16 558 558 558 558 558 558 558 558 558 558 558 558 558 558 558 558 
17 47 19 47 47 47 47 
18 190 11 258 190 11 11 11 11 11 11 11 11 11 11 11 11 11 11 11 
19 558 558 171 558 558 190 558 558 8 558 558 558 558 558 558 
20 5 5 5 51 5 5 5 5 2038 5 5 91 38 5 5 5 5 5 5 
21 558 558 558 558 558 558 558 558 558 558 558 723 558 558 76 558 190 
22 11 11 11 11 11 11 11 11 11 11 11 11 11 11 11 11 11 
23 558 558 179 558 558 558 558 558 558 558 558 558 558 558 558 558 558 
24 558 558 558 558 558 558 558 558 558 558 558 232 
25 190 232 190 190 190 190 190 190 190 
26 47 47 47 47 47 1823 47 38 
27 47 523 47 47 2300 47 47 47 47 47 
28 11 11 11 11 11 508 11 11 62 11 11 624 11 11 1823 11 11 
29 40 40 40 40 40 40 40 40 76 40 40 40 40 40 40 40 40 53 40 558 
30 558 558 558 558 558 558 558 558 558 558 558 558 558 
31 690 558 558 558 558 558 558 1909 558 558 558 558 558 558 558 
32 76 76 76 76 76 91 76 76 76 76 76 76 76 76 76 32 76 146 76 2117 
33 558 558 2631 558 558 558 558 558 558 558 558 558 558 558 
34 47 11 91 11 11 11 11 11 11 11 11 11 32 11 11 11 76 
35 76 76 191 76 76 76 76 76 76 76 76 146 76 76 76 76 
36 1198 40 40 40 40 40 40 40 40 40 40 40 40 40 
37 558 558 558 558 558 558 558 558 558 558 232 558 558 558 
38 5 5 5 5 5 5 194 5 592 5 5 5 5 5 249 691 
39 2088 558 558 558 558 558 558 558 558 558 558 558 558 558 558 
40 558 558 51 558 741 558 558 558 558 558 558 558 558 558 558 
41 190 190 190 190 190 190 190 190 11 190 190 190 190 1198 190 190 190 190 190 190 
43 558 558 558 558 558 558 558 558 558 558 558 558 558 558 558 558 558 
44 558 558 558 558 128 558 558 558 558 558 558 558 558 558 558 76 558 558 558 558 
45 558 783 558 558 558 558 558 558 558 558 558 558 558 558 1198 558 558 
46 558 558 558 373 558 558 558 558 558 558 558 558 558 982 558 
47 558 558 558 558 558 558 558 177 558 558 558 558 
48 558 558 558 558 558 558 558 558 558 53 558 558 558 1934 558 558 558 558 
50 1320 558 232 558 91 558 558 558 558 558 558 558 558 558 558 558 
51 11 11 11 11 11 11 11 11 11 11 11 11 11 11 11 11 11 
52 27 191 5 5 5 5 5 5 5 508 5 8 5 5 5 
53 558 558 558 558 558 558 558 539 558 619 558 558 558 558 558 2716 558 
54 558 558 558 558 558 558 558 558 558 558 558 558 558 249 558 558 558 
56 558 558 558 558 558 558 558 558 558 558 558 558 876 558 
57 76 76 76 76 76 76 76 76 76 76 76 558 76 76 76 76 
58 558 558 558 558 558 558 558 558 558 558 558 558 249 558 558 558 
59 558 558 558 558 558 558 558 40 558 558 508 558 558 558 558 558 
60 558 558 558 558 558 558 558 558 558 558 558 558 1655 558 558 2631 558 232 
63 219 11 11 11 194 11 11 11 11 11 11 11 11 11 11 11 
64 489 558 558 558 558 558 2636 558 558 558 558 558 558 558 558 558 558 558 558 
65 47 205 76 47 47 38 47 47 47 1198 47 47 47 
66 47 47 47 51 47 47 47 47 47 47 47 47 47 47 47 47 
67 558 558 558 558 558 558 558 558 558 558 558 558 
68 558 558 558 558 558 558 1198 558 558 558 558 558 558 558 558 558 
69 870 47 47 47 47 47 47 47 47 47 47 47 47 47 47 47 47 47 
70 51 74 11 11 11 11 11 11 11 11 11 11 11 11 11 11 
71 11 11 11 11 11 11 11 11 11 11 11 11 11 
72 558 558 558 558 558 558 558 558 558 558 558 558 558 558 558 2636 
73 11 11 11 11 11 11 11 76 11 11 11 11 11 
74 558 558 558 558 558 558 558 558 558 558 558 558 558 558 
76 11 11 11 
77 558 558 558 558 558 558 558 558 558 558 558 558 558 558 558 558 
78 47 47 47 47 47 190 47 47 47 47 76 47 47 47 47 47 47 47 
79 11 11 11 11 11 11 91 11 380 11 11 47 11 228 228 228 11 
80 47 47 47 76 47 47 47 47 47 47 76 47 47 47 47 47 
81 558 558 1593 558 558 558 558 558 558 558 558 558 558 558 558 2459 558 558 558 
82 558 558 249 558 558 558 558 558 558 558 558 558 558 558 558 558 558 558 
83 558 558 558 558 558 558 558 558 558 558 558 558 558 558 558 558 
84 47 47 47 47 47 640 47 47 47 47 53 
86 5 5 5 5 5 5 5 5 5 5 
87 11 11 11 11 11 11 11 11 76 11 190 11 11 11 11 
88 373 11 11 11 11 11 11 11 11 11 11 11 11 11 11 
89 11 11 539 11 11 11 11 11 11 11 11 11 11 80 167 11 11 11 11 
90 523 1198 558 249 558 558 558 558 558 558 167 558 558 558 558 
91 76 76 76 76 76 76 76 76 76 76 76 76 
92 501 146 558 558 8 558 558 558 783 558 1198 558 558 558 558 558 558 
94 558 558 558 558 558 146 558 558 558 2631 358 960 558 558 558 558 558 558 558 
95 558 558 508 558 86 558 558 558 558 558 558 558 558 
96 558 558 558 2204 558 558 558 11 558 558 558 344 558 558 
97 558 558 558 558 558 558 558 558 558 558 558 558 558 558 558 
98 558 558 558 558 558 558 558 558 558 558 211 558 558 558 558 558 558 
99 558 8 558 558 558 558 558 302 558 558 558 558 558 558 558 558 
101 558 558 558 558 558 558 558 558 558 558 558 558 
103 558 558 558 558 558 558 558 508 558 1198 558 558 558 558 558 558 558 
104 558 558 558 558 558 558 558 558 558 558 558 558 558 558 558 558 558 
105 558 558 91 1788 558 558 558 558 558 558 5 558 558 
106 558 2109 558 558 558 558 2088 1198 558 558 558 40 151 558 558 558 558 558 558 
107 558 558 558 558 558 2873 558 558 40 558 1198 558 146 558 558 
108 47 47 47 47 47 975 47 47 47 47 47 47 205 47 47 47 
109 558 558 558 558 558 76 558 558 558 558 558 558 558 558 558 558 558 558 558 
110 1615 11 11 11 11 11 624 232 11 11 11 
111 558 558 1788 558 558 558 558 558 558 558 558 558 558 1598 558 558 558 
112 558 558 558 558 1198 558 558 558 558 558 558 558 558 624 558 232 558 
113 558 558 558 558 558 558 558 558 558 558 558 558 558 558 
114 5 5 5 5 194 5 5 5 5 5 5 5 5 5 5 5 5 
115 11 11 11 11 11 11 11 11 11 11 11 11 
116 558 558 558 1198 53 558 969 558 558 558 558 558 558 558 91 558 558 558 558 
117 558 168 558 558 558 558 51 558 558 558 558 558 1593 558 558 558 646 
118 75 5 5 5 5 5 205 5 5 558 5 5 5 5 5 5 691 
119 558 558 558 558 558 558 558 558 558 558 558 558 558 558 558 
120 1388 558 558 558 558 558 558 558 8 558 1262 558 558 558 558 523 205 
121 558 558 5 558 558 558 558 558 558 558 558 190 558 
122 76 558 558 558 558 91 558 558 558 558 558 558 8 558 
123 11 11 11 11 11 11 11 11 11 11 11 
124 11 76 76 76 76 47 76 76 
125 558 558 558 558 558 5 558 558 558 1220 558 558 558 558 8 558 558 
126 149 11 11 11 11 11 11 11 11 11 249 11 11 11 11 11 11 76 
127 146 146 146 146 146 146 146 146 146 146 146 146 146 190 1198 76 
128 539 11 11 11 11 11 11 11 190 276 11 11 11 11 11 
129 558 558 558 811 558 558 558 2204 558 558 558 558 232 
130 558 548 558 558 558 558 558 558 558 558 558 558 558 558 1788 558 
131 558 558 558 558 558 558 558 558 558 62 558 558 558 558 558 558 558 558 
132 558 558 558 558 558 558 76 558 558 558 558 558 558 558 
133 558 558 86 558 558 76 558 558 
134 558 558 558 558 558 558 558 558 558 2278 558 558 80 558 558 558 232 
135 558 558 558 558 558 558 558 47 558 80 558 558 5 558 
136 1320 558 558 558 558 558 558 558 558 558 1775 558 558 558 558 
137 47 47 47 47 1198 47 47 47 8 47 62 47 47 47 47 59 
138 539 167 167 167 167 167 167 167 
139 40 47 47 47 47 47 47 1593 47 47 1198 47 47 47 47 47 
140 558 558 558 2088 558 558 558 558 558 558 558 558 558 558 558 
141 558 558 558 558 558 558 558 558 558 558 1262 53 558 558 558 558 
142 558 8 167 558 558 558 558 558 558 
143 146 146 146 146 146 146 146 146 146 146 146 146 146 146 146 146 146 146 146 
144 558 558 558 
145 2397 558 558 558 558 1655 558 558 558 47 558 558 558 558 
146 190 190 190 190 146 190 1593 190 190 190 1823 190 190 190 
147 558 558 558 558 558 558 558 558 558 558 558 558 558 8 358 558 558 558 558 
148 558 558 991 558 558 558 8 558 558 558 558 558 2636 
149 558 558 558 558 558 558 2860 558 558 558 558 558 558 558 558 558 
150 558 324 558 558 558 558 558 558 558 558 558 558 558 558 558 558 558 40 
151 11 11 11 11 11 11 11 11 11 11 11 11 11 11 232 
152 40 40 40 40 40 40 40 1198 241 40 40 40 40 40 40 40 40 
153 558 558 249 558 558 558 558 558 558 558 558 558 47 558 558 558 
154 558 471 558 558 558 91 558 558 558 249 558 
155 558 558 558 558 558 558 2204 558 558 37 558 34 558 558 558 558 558 
156 558 558 558 558 558 783 8 558 558 558 558 558 558 558 558 558 
157 47 47 47 47 47 47 47 47 47 47 47 47 47 47 47 47 47 
159 1121 589 11 11 11 11 11 11 11 11 11 11 11 11 11 11 11 11 
160 232 558 558 558 558 558 558 558 558 558 558 558 232 558 558 558 232 558 
162 558 558 558 558 558 558 558 
163 5 5 5 5 5 5 5 493 5 5 5 5 5 249 5 
164 11 558 558 558 558 558 558 558 558 558 558 558 558 558 558 558 5 558 
165 167 167 167 167 167 167 167 167 167 167 167 960 167 
167 558 558 558 558 558 558 558 558 1934 558 558 1655 558 558 
168 11 11 11 11 11 23 11 11 11 171 11 11 146 11 
169 558 558 558 558 558 558 558 558 558 558 558 558 558 558 558 
170 47 47 47 47 8 47 508 47 47 47 47 47 47 47 47 47 1978 
171 558 508 558 558 558 558 558 558 558 558 558 723 508 558 558 558 
172 558 558 558 558 558 40 558 558 558 62 558 558 558 558 558 558 558 
173 558 80 558 558 558 558 558 558 558 558 558 1198 558 
174 558 558 558 558 558 91 558 558 558 991 558 558 
175 47 47 47 47 47 215 47 47 47 47 1220 80 47 47 47 
176 558 558 558 558 558 558 558 558 558 167 558 558 558 558 558 558 558 
177 5 10 86 5 5 23 5 5 5 5 5 5 5 11 5 5 5 5 5 5 
178 76 76 76 76 194 11 76 76 76 76 589 76 76 76 76 76 76 
179 558 558 558 558 558 558 53 558 558 783 558 558 558 558 558 
180 558 558 558 558 558 558 558 558 558 558 558 558 10 558 558 
181 558 558 558 558 558 558 558 508 558 558 558 558 558 558 47 558 558 179 
182 146 146 146 146 146 146 146 
183 76 11 76 76 589 76 76 76 76 
184 5 5 5 5 5 5 5 5 5 5 5 5 5 232 5 508 5 
185 5 5 5 5 194 5 91 5 5 5 5 5 5 5 5 5 
186 11 11 11 11 11 11 11 11 11 11 11 11 11 62 508 558 
187 11 11 11 11 76 11 76 11 11 11 11 11 
188 47 47 47 47 1769 47 47 47 47 47 32 624 47 47 47 47 27 
189 5 5 5 5 194 5 5 166 5 5 5 592 5 5 5 5 
190 558 806 558 5 558 2204 558 558 1788 232 558 558 558 2204 558 624 558 558 
191 539 205 205 205 146 249 205 205 205 205 205 205 205 205 205 205 205 
192 76 991 76 11 76 76 76 1121 76 76 76 76 76 76 76 
193 558 40 40 194 40 76 40 40 40 40 40 40 40 40 40 40 
194 558 1121 558 558 558 558 558 558 558 558 558 558 558 
195 558 558 558 558 558 558 558 558 558 558 558 558 558 558 558 558 558 558 
196 558 558 558 558 558 
197 558 558 558 1850 558 558 558 558 558 558 558 558 558 558 558 558 558 558 
198 558 558 558 558 558 558 558 558 558 558 558 558 558 558 
200 558 558 558 870 558 558 558 558 558 558 558 489 558 558 
201 558 558 558 558 558 558 
202 558 558 558 558 558 558 558 558 558 558 558 
203 40 40 40 40 40 40 40 40 1198 40 
204 558 558 558 558 558 558 558 558 558 558 558 558 558 558 
205 558 558 558 558 558 
206 870 558 558 558 558 558 558 558 558 558 249 558 558 690 558 558 
207 558 558 558 91 558 76 558 558 558 558 558 558 558 558 558 558 
208 1121 2109 682 558 558 558 558 558 558 558 558 558 558 558 558 558 558 558 558 
209 11 11 523 11 11 11 11 11 11 11 11 11 11 11 11 11 11 11 
210 2088 558 558 558 146 558 558 558 558 146 558 558 558 
211 558 558 558 558 558 558 558 558 558 
212 11 11 11 11 11 278 11 11 232 1220 11 669 11 76 
214 558 558 558 558 558 558 558 558 558 
215 1847 558 2567 558 558 558 373 558 558 558 
216 558 558 1909 235 558 558 558 558 558 558 558 558 558 558 558 558 
217 558 558 558 558 558 558 558 558 558 558 558 558 558 558 558 
218 558 558 558 558 558 558 558 783 558 558 558 558 558 558 
219 146 146 146 146 146 146 146 146 146 146 146 146 146 
220 558 558 91 558 558 558 558 558 558 558 
221 2088 373 558 558 558 1850 558 11 558 558 47 558 558 
222 558 65 508 2567 558 558 558 558 558 558 558 558 558 558 558 
223 11 11 11 11 11 11 11 11 11 11 11 11 11 11 11 380 
225 76 40 40 76 40 40 539 40 40 194 40 466 40 
226 11 11 11 11 11 11 11 11 47 11 11 11 11 11 
227 558 558 558 1788 558 558 558 558 558 2088 558 558 1593 558 
228 558 558 558 558 558 558 558 558 558 558 558 558 558 
229 1320 558 558 558 91 558 558 558 558 558 91 558 1788 558 558 558 312 
230 5 5 5 5 5 5 5 5 5 5 5 5 5 5 5 
231 558 558 1198 235 558 558 558 558 558 558 558 558 558 558 
232 558 558 232 558 558 558 558 558 558 558 558 1598 558 558 47 558 558 558 558 558 
233 558 558 558 558 558 558 558 558 558 40 558 558 1850 558 558 558 
234 558 146 558 558 558 558 624 558 528 558 558 
235 558 558 558 558 558 558 558 558 558 558 217 558 558 558 
236 558 558 558 558 558 194 558 51 558 558 558 558 558 558 558 558 624 558 
237 558 11 558 558 558 508 923 558 558 775 558 558 344 558 558 1198 
238 558 558 991 558 558 558 558 558 558 558 558 991 558 8 558 151 
239 11 11 11 11 11 11 11 11 11 11 11 91 11 11 11 
240 558 558 558 558 558 558 558 558 34 558 646 1198 558 558 558 
241 11 11 11 11 86 11 11 11 11 11 
243 146 146 861 146 86 146 146 146 146 558 146 146 146 146 146 146 146 146 
244 47 47 47 47 47 205 47 624 47 47 47 205 47 47 47 47 76 47 
245 11 11 11 11 11 11 11 11 11 11 11 11 11 47 11 
246 190 47 47 624 47 47 47 47 47 47 47 47 47 47 
247 76 11 11 11 11 11 11 11 11 11 76 11 11 11 11 11 
248 558 558 558 558 11 558 558 558 558 558 558 558 558 558 558 558 
249 558 558 558 558 558 558 558 558 558 558 558 558 558 558 558 558 558 558 
250 558 558 558 558 558 558 1198 558 558 558 558 558 558 558 558 558 558 
251 558 558 558 558 558 558 558 558 558 558 558 558 558 558 558 
252 146 146 146 146 146 146 146 146 
253 76 76 76 99 76 76 280 
254 32 11 11 11 11 11 11 11 11 11 11 11 
255 558 558 558 558 558 558 558 558 558 558 558 558 558 558 
256 558 1220 558 558 558 558 558 558 558 558 
257 232 558 558 558 558 1257 558 558 558 146 558 558 
258 5 5 5 5 5 86 5 5 5 5 5 5 8 5 
259 558 508 558 558 558 558 558 558 558 558 
260 47 47 624 508 47 47 47 47 47 47 47 47 47 47 47 47 
261 146 146 146 8 146 146 146 146 146 146 146 146 146 558 80 
262 558 558 1932 558 558 558 558 558 558 558 558 558 558 241 558 558 
263 167 167 167 167 167 167 167 167 167 167 
264 167 167 167 167 167 167 167 
265 146 146 146 146 146 146 146 146 146 146 146 146 146 146 146 146 146 146 
266 558 558 558 558 558 558 558 91 558 558 558 558 558 558 558 
267 558 558 558 558 558 558 167 40 558 558 558 558 558 558 
269 558 558 558 558 558 558 558 558 558 558 558 558 558 558 558 558 
270 558 558 558 558 558 558 558 558 558 558 558 558 558 558 558 558 
271 558 11 1198 558 558 558 558 558 508 558 558 558 558 558 558 558 
272 558 558 558 558 558 558 558 
273 558 558 558 558 558 558 558 558 558 558 558 40 558 558 558 
274 558 558 558 558 558 558 558 558 558 558 40 558 558 558 558 558 558 
275 11 76 11 11 11 11 11 167 508 11 11 11 33 380 11 
276 1058 558 558 558 194 558 558 558 558 558 558 558 558 
277 558 558 558 91 558 558 558 558 558 558 558 558 558 558 
278 76 76 146 76 76 76 76 51 76 76 76 76 76 76 76 76 
279 558 2300 558 558 558 558 558 558 558 558 558 558 558 558 558 558 
280 5 5 5 5 5 5 5 5 5 5 69 5 5 10 5 5 5 
281 558 558 558 1850 558 558 558 558 558 2631 558 558 558 249 558 
282 558 558 558 558 558 558 523 558 558 558 558 558 558 558 558 558 40 558 558 558 
283 47 47 47 47 47 47 47 624 47 47 47 47 
284 558 558 558 558 558 558 558 558 558 558 1655 558 558 
285 558 558 558 558 146 558 558 558 558 558 558 558 558 558 558 558 1738 
286 558 558 558 558 558 558 
287 76 40 40 40 40 40 40 40 40 40 40 40 40 40 40 40 
288 558 646 80 1262 558 1909 558 2088 558 558 558 8 558 558 558 558 558 982 
289 558 558 558 11 558 558 558 558 558 558 8 558 558 558 558 
290 558 558 558 558 558 177 558 558 558 558 
291 558 558 558 51 558 969 558 558 558 558 558 558 558 558 
292 558 558 558 1788 558 1909 558 146 558 558 558 1655 558 558 558 558 558 558 
293 2276 190 11 190 190 190 190 190 190 1716 190 190 
294 5 5 5 5 5 5 146 5 5 5 5 5 5 5 
295 5 558 1262 558 558 558 558 558 2088 558 558 558 558 558 558 
296 876 5 5 5 5 5 5 5 5 5 5 5 5 5 5 5 5 
297 558 558 558 558 558 558 558 558 558 558 558 558 558 558 558 
298 558 558 558 558 558 991 558 558 558 558 558 558 558 1788 558 558 558 
299 558 558 558 558 558 558 558 801 558 
300 558 558 558 558 558 558 558 558 558 558 232 558 558 558 558 558 558 558 558 558 
301 558 558 558 991 558 558 558 558 558 558 558 558 558 558 558 
303 5 5 5 5 5 5 5 5 5 5 5 5 5 5 5 5 5 
304 33 33 33 33 33 33 33 33 33 33 33 33 33 33 33 33 33 33 
305 11 76 76 76 2204 40 76 76 76 76 76 76 76 
306 11 558 558 558 558 558 558 558 558 558 558 558 558 558 558 558 
307 146 146 146 146 146 146 146 76 146 146 76 146 44 146 146 146 76 146 
308 11 11 11 11 11 11 11 86 
309 558 558 558 558 558 558 558 558 558 558 558 558 558 558 558 
310 558 558 558 558 1198 558 558 558 167 558 11 558 558 558 558 
311 1198 1198 1198 1198 1198 146 1198 1198 1198 1198 1198 
312 861 40 558 558 558 558 558 558 558 558 558 558 558 558 558 558 
313 558 524 558 558 558 558 558 558 558 558 558 558 558 
314 5 5 5 5 5 5 5 5 5 5 5 5 146 5 5 5 5 
315 11 11 539 11 11 11 11 11 11 11 76 11 11 11 11 
316 558 91 558 8 558 91 40 558 558 558 558 558 91 558 558 558 
317 11 11 11 11 11 11 11 11 11 11 11 11 11 
318 2109 558 558 558 558 558 558 558 558 558 558 558 558 558 558 
319 558 558 558 558 558 558 558 232 558 558 558 558 2204 558 1788 558 558 
321 11 276 11 11 11 11 11 11 11 11 11 13 11 11 11 11 11 11 11 
322 4 11 11 11 11 11 11 11 11 11 11 11 11 
323 558 558 558 558 11 
324 44 365 558 558 558 558 558 62 558 558 558 558 558 558 1909 
325 558 558 558 558 558 558 558 558 558 558 558 558 558 558 558 558 
326 76 76 76 76 76 76 146 76 76 
327 5 5 5 5 5 5 539 167 5 5 5 5 5 5 5 
329 558 558 558 558 558 558 558 558 558 558 558 558 558 558 558 558 
331 11 47 11 11 11 11 11 11 11 11 302 11 11 11 11 11 
333 146 146 146 1198 76 146 146 146 146 146 1198 146 146 76 146 489 146 146 146 
334 558 558 558 558 558 558 558 558 558 558 558 558 558 558 
335 558 558 558 558 558 558 558 558 558 558 558 558 558 558 558 
336 374 558 558 558 558 558 558 558 558 558 558 558 558 558 558 558 
337 558 558 558 558 558 558 558 558 558 558 558 5 558 558 558 558 2802 992 558 
338 558 558 870 558 558 558 558 558 558 558 558 558 690 558 558 
339 146 146 146 146 146 146 146 146 146 146 146 146 146 146 
340 558 558 558 558 558 558 558 558 558 558 558 558 558 558 558 558 558 
341 558 558 558 558 558 558 558 558 558 558 558 558 558 558 558 558 558 558 558 558 
342 558 558 558 558 558 1198 558 558 558 558 558 558 558 558 11 
343 11 76 373 76 76 76 76 76 76 76 76 76 76 76 11 76 76 
344 190 190 844 783 190 190 190 190 190 190 190 190 194 190 190 190 190 
346 558 558 558 558 558 558 558 558 146 558 47 150 558 558 558 558 558 
347 558 558 1198 558 558 558 558 558 558 558 558 558 558 558 558 
348 76 47 76 76 11 76 76 76 76 76 76 76 76 76 
349 146 146 146 923 146 146 146 8 146 146 146 76 146 146 146 146 146 
350 558 558 558 558 558 558 558 1788 558 558 558 558 558 558 558 558 558 558 232 558 
351 191 146 271 146 146 51 146 146 146 146 146 146 271 
352 33 33 33 33 76 33 33 33 33 33 33 33 33 33 33 33 
353 558 558 558 558 558 1595 593 558 558 558 558 558 558 558 
354 47 47 47 47 47 47 47 624 47 47 47 
356 558 558 558 558 558 1198 558 558 558 558 558 558 558 558 558 
358 870 558 558 558 558 558 558 558 1448 558 558 558 558 558 558 558 558 558 
359 558 558 558 2873 558 558 53 558 558 558 558 558 558 558 146 558 558 
361 558 941 558 558 558 558 558 3065 558 558 558 558 558 558 
362 558 558 558 558 1365 558 558 558 558 558 
363 558 558 558 593 558 558 558 1326 1788 558 558 558 558 558 
364 558 558 558 558 558 558 558 40 373 558 558 558 558 558 558 558 558 558 91 
365 205 205 205 205 205 205 205 205 205 205 167 205 205 249 205 205 205 205 
366 47 47 47 1682 47 47 47 47 47 47 47 150 47 47 47 563 624 47 47 
367 1320 558 558 5 558 558 624 558 1593 558 558 558 558 558 558 558 558 558 558 
369 191 5 5 5 11 5 5 539 5 5 5 5 5 5 5 
370 558 558 8 558 558 558 558 558 558 646 558 558 558 558 558 558 558 558 558 
371 558 558 558 558 8 558 558 558 558 558 558 558 558 558 558 558 
372 8 558 558 51 558 558 1787 558 558 558 558 558 47 558 508 558 
373 11 11 11 11 11 11 783 11 11 11 11 11 11 11 11 32 
375 558 558 558 558 558 146 53 558 558 558 558 558 558 558 558 558 558 558 
376 76 76 146 76 91 76 76 76 76 11 76 76 76 86 
377 11 76 76 76 76 76 76 76 76 11 76 
378 558 2300 558 558 558 558 2324 558 558 558 558 558 558 558 558 40 558 558 
379 558 558 558 558 558 558 558 558 558 558 1198 558 324 558 558 558 558 558 
380 558 960 558 558 558 558 558 558 558 558 558 
381 558 558 558 558 558 558 
382 558 558 558 558 558 558 558 558 558 558 558 558 558 558 91 
383 47 47 47 47 47 47 47 47 51 47 47 47 47 194 47 47 47 47 
384 5 5 5 5 5 5 5 146 5 149 5 539 5 5 5 
385 1276 558 40 558 11 558 558 558 558 558 558 558 558 1535 379 558 
386 11 11 11 11 11 11 11 11 53 11 11 76 11 11 11 11 11 11 11 
387 558 379 558 558 2608 558 558 558 558 558 558 558 
388 558 201 558 558 53 558 558 558 558 558 558 558 558 558 558 558 1198 
389 11 11 11 11 11 11 11 11 11 11 11 167 11 33 11 11 11 11 
390 558 558 558 558 558 558 558 558 558 558 558 558 558 558 558 558 
391 255 558 558 76 558 558 558 558 558 1058 558 558 558 558 558 558 2631 
392 558 558 558 2006 44 249 558 558 558 558 558 558 2608 558 249 249 558 
393 558 558 558 558 558 558 
394 11 11 11 53 11 11 11 167 11 150 11 11 11 11 11 11 11 11 11 
395 11 11 11 11 23 11 11 11 100 86 
396 8 2567 991 558 558 558 558 1058 558 1262 558 558 558 992 558 558 558 558 267 558 
397 558 558 508 558 558 558 558 558 558 558 558 558 558 558 558 558 558 
398 558 558 91 558 558 2088 558 558 558 558 558 558 1198 
399 1058 558 954 558 558 558 558 558 8 558 558 558 558 558 558 
400 47 47 47 47 2204 47 47 47 85 47 47 39 47 47 47 
401 5 5 5 493 5 5 5 493 5 5 5 5 5 5 5 5 38 5 
402 190 190 190 190 190 76 190 190 190 190 190 
403 11 11 11 11 11 11 249 11 11 150 11 11 11 11 11 11 
404 40 40 40 40 62 40 40 40 40 40 40 40 190 40 
405 558 1198 558 558 558 558 558 558 558 558 558 558 558 558 558 
406 558 558 558 558 558 558 528 558 
407 76 76 76 76 76 76 167 76 76 76 76 76 76 76 
408 558 558 558 558 558 558 558 558 558 91 558 558 558 8 558 558 558 
410 558 558 558 1595 558 558 558 558 558 558 558 558 
411 558 558 558 558 99 1198 558 558 558 558 558 558 558 558 
412 11 86 11 11 11 11 11 11 11 11 11 11 11 11 11 11 
413 11 11 76 11 11 11 11 11 104 11 11 523 11 11 349 11 
414 558 558 558 558 558 558 558 558 558 558 558 558 558 558 558 
415 80 558 558 558 558 558 249 558 558 558 558 558 558 558 558 558 558 
416 558 558 558 558 558 558 558 558 558 558 558 558 558 558 
417 558 2324 558 558 558 558 558 558 558 558 
418 40 40 40 489 40 40 40 40 40 263 40 558 40 10 40 
419 558 558 558 558 558 558 365 558 558 558 558 558 558 558 558 11 558 
420 11 11 11 11 80 11 11 11 62 11 11 1011 11 39 249 11 
421 167 194 167 167 167 167 167 167 167 167 167 167 167 167 167 
422 76 76 76 76 76 76 76 76 76 11 76 76 76 76 76 
423 558 558 558 558 558 558 190 558 558 558 558 558 558 558 558 
425 558 558 558 40 558 558 558 62 558 558 558 558 558 558 194 558 558 
426 5 194 199 5 5 5 5 5 5 5 5 5 5 146 5 5 
427 76 47 47 23 47 47 47 47 91 32 53 47 47 302 47 47 
428 11 11 539 11 11 11 11 11 11 11 11 11 
430 249 558 76 558 558 558 558 1220 558 558 558 558 558 558 558 558 558 
431 558 558 558 558 558 558 558 558 8 558 558 2088 558 558 558 558 558 558 558 
432 47 47 47 47 76 47 47 47 47 47 47 508 47 47 47 47 
433 558 558 11 859 558 558 558 558 558 558 558 558 558 558 558 558 
434 558 558 558 558 558 558 558 1655 558 558 558 
435 508 558 558 558 558 558 558 558 558 558 558 558 558 558 558 558 558 
436 76 76 76 76 76 76 76 76 76 76 76 
437 558 558 558 194 558 558 558 558 558 8 558 558 53 558 558 33 558 558 558 1198 
438 146 76 76 76 76 76 76 76 76 76 1121 76 76 76 
440 2088 40 11 190 190 190 167 190 190 190 190 190 190 190 1032 190 
441 558 558 558 558 558 558 558 558 558 558 558 558 558 558 558 558 11 558 
442 11 11 11 11 11 40 11 11 11 11 11 11 11 11 76 11 53 
443 558 558 558 558 558 11 558 558 558 558 558 558 558 40 558 558 558 558 558 
445 558 558 1198 558 558 960 558 558 558 558 558 558 146 558 558 558 558 558 558 
446 1438 47 47 47 47 80 47 47 47 47 47 47 47 91 2757 47 47 
447 558 558 558 558 558 558 558 558 558 558 558 558 558 558 558 558 558 
448 558 558 558 558 558 558 558 558 558 558 558 558 91 558 
449 558 558 558 558 558 558 558 558 1198 558 558 558 558 558 
451 146 146 146 146 146 146 146 146 146 146 
452 558 558 558 558 558 558 558 558 558 558 646 558 558 982 558 
453 32 76 76 876 76 76 76 76 76 76 76 76 76 76 76 11 76 76 76 
454 558 558 558 558 558 558 558 558 558 558 558 558 2088 558 558 558 
455 34 471 558 558 215 558 558 649 558 558 558 558 
457 558 558 558 558 558 558 558 558 558 762 2082 558 558 8 558 558 
458 194 558 558 558 558 558 91 558 558 558 558 558 558 558 558 558 
459 1193 558 558 558 558 558 558 558 558 558 558 558 558 10 
460 558 558 558 558 558 558 558 558 558 558 558 558 558 558 1646 558 558 8 
461 558 558 558 558 558 558 558 146 558 558 558 558 558 558 558 558 
462 558 558 11 558 558 558 558 558 558 558 558 
463 558 1257 558 558 558 558 558 558 558 558 558 558 558 558 
464 558 558 558 991 558 558 558 558 558 558 558 558 558 558 558 558 
465 558 558 558 558 558 558 558 558 558 558 558 558 558 558 558 558 558 
466 558 558 558 558 558 558 558 558 558 558 558 558 558 558 558 
467 76 76 76 47 76 76 76 76 76 76 76 76 76 76 76 
468 558 558 558 8 558 558 558 558 558 558 558 558 558 558 558 558 558 
469 1058 558 558 91 558 636 558 558 558 558 91 558 558 558 558 
470 558 558 558 558 558 558 558 558 558 558 558 558 558 558 558 
471 194 558 558 558 558 558 558 558 558 558 2204 1655 558 558 508 
473 76 10 146 146 146 146 146 146 146 146 146 146 146 146 
474 76 76 76 76 76 76 76 76 76 76 76 76 76 
475 11 11 76 11 11 11 11 11 11 62 11 11 11 11 11 
477 558 558 558 558 558 558 558 558 558 558 558 558 558 558 558 558 558 
478 558 558 558 558 508 558 558 558 558 558 558 358 558 558 558 558 
479 558 558 558 558 558 558 558 558 558 558 558 558 558 1198 558 558 
480 558 558 558 558 558 558 558 558 558 558 558 558 762 558 558 558 558 
481 558 5 211 558 558 128 558 558 558 558 558 558 
482 190 190 11 190 190 190 190 190 358 190 190 190 190 232 190 190 
483 76 446 76 76 76 76 76 76 76 76 76 76 76 76 
484 558 558 558 558 558 558 558 558 558 
485 558 558 1198 558 558 558 558 558 558 558 558 558 558 455 558 558 558 
486 558 558 558 558 558 558 558 558 558 558 558 558 558 558 
487 976 558 558 558 558 558 558 558 558 558 558 
488 558 558 558 558 558 558 558 558 
489 47 47 47 47 2757 76 190 47 47 62 
490 47 47 47 47 47 1198 47 47 47 47 
491 558 558 558 558 558 558 558 489 558 558 558 558 
492 775 558 558 8 558 47 558 558 217 558 558 558 558 558 558 592 
493 558 558 558 558 558 558 558 558 558 558 558 558 558 558 
494 558 558 558 558 558 558 558 558 558 558 
495 40 76 91 146 11 11 11 11 11 150 11 11 190 11 11 11 
496 539 11 82 11 11 11 151 47 33 11 336 11 76 11 11 11 
497 558 558 558 558 558 47 558 1320 558 558 558 558 558 558 558 558 558 558 
498 47 47 47 47 47 47 47 47 47 47 47 47 47 
499 558 558 558 558 558 558 558 2088 558 558 558 558 558 558 558 558 558 91 558 
500 558 558 558 558 558 558 558 558 558 558 558 558 558 558 558 558 
502 558 558 558 2625 558 558 558 558 2204 558 558 91 558 76 558 558 205 
503 53 11 11 11 11 11 11 11 11 276 11 11 11 11 11 11 11 
504 558 558 558 558 558 558 558 558 558 558 558 558 249 558 558 558 558 558 
506 558 558 558 558 558 558 558 
507 558 558 558 1595 558 1198 558 558 558 558 558 558 587 558 558 558 558 558 
508 558 558 558 558 558 558 558 558 1655 8 558 558 1788 558 558 558 558 558 
509 190 190 190 190 190 190 1909 190 190 190 190 190 190 190 190 
510 508 11 249 11 11 11 11 11 11 
511 11 11 11 11 11 11 11 11 11 11 80 558 11 11 11 11 11 
512 558 558 558 558 558 558 558 558 558 558 558 558 
513 190 190 190 190 190 190 190 508 190 190 190 190 190 190 11 190 190 190 190 190 
514 558 558 558 558 558 558 
515 8 146 2300 146 146 146 146 146 146 146 76 76 146 80 146 146 146 
516 558 558 558 558 53 558 558 558 558 558 558 558 558 558 558 558 558 
517 558 558 558 558 558 249 558 558 558 558 2088 558 558 558 558 558 558 558 558 
518 923 558 177 508 558 558 558 558 558 303 558 558 558 
519 1788 558 558 558 558 558 558 558 558 558 558 558 558 558 558 558 
520 558 558 558 558 558 558 558 86 558 558 86 558 47 624 558 558 
521 5 5 5 47 5 5 5 40 5 5 489 5 5 5 5 5 
522 558 558 558 558 558 558 558 558 558 558 558 558 558 
523 1198 1198 1969 1198 
524 40 40 40 40 40 40 232 40 40 40 
525 558 558 1198 558 558 558 558 558 558 558 558 
526 558 558 558 558 558 558 558 558 558 558 558 76 558 558 558 2631 508 
527 558 558 558 558 558 558 574 558 558 2088 558 558 558 558 558 558 558 
528 558 558 558 558 1058 558 1058 558 558 558 558 558 558 558 558 558 558 558 
529 47 194 194 194 5 194 47 190 194 194 194 194 194 
530 558 558 558 558 508 558 558 558 558 558 558 558 558 558 558 558 
531 558 558 40 558 558 558 558 558 558 1198 558 558 558 558 558 558 
532 11 11 11 11 11 11 276 11 11 11 11 11 11 
533 558 558 558 558 558 558 558 589 558 558 558 558 558 558 
534 558 558 558 558 558 558 558 558 558 
535 11 11 194 194 194 194 194 194 194 194 194 194 5 194 194 
536 190 558 558 249 558 558 40 558 558 558 558 558 558 558 86 558 558 
537 558 558 76 558 558 558 249 558 558 558 558 558 
538 11 11 11 11 51 11 11 11 167 11 40 11 11 11 11 11 
541 558 558 558 558 558 558 558 558 558 558 558 558 558 558 558 558 
543 558 558 558 558 558 558 558 558 558 558 558 558 558 
544 47 47 47 1198 47 47 150 8 47 47 47 47 47 47 
545 11 11 62 11 11 11 11 11 11 11 11 11 11 11 11 11 11 11 11 11 
546 558 558 558 558 1595 558 558 558 558 762 558 558 624 
547 558 558 558 558 558 558 558 558 558 558 558 558 558 558 558 558 
548 558 558 558 558 558 558 558 508 558 558 558 558 
549 558 632 558 558 558 558 
550 558 558 558 558 558 558 558 558 558 558 558 558 558 558 558 
551 558 558 558 1080 1058 558 558 558 558 558 558 1490 558 
552 2109 558 558 558 558 558 558 558 558 558 558 508 558 558 558 558 558 976 
553 558 558 558 1198 373 558 558 558 558 558 558 558 558 558 558 
554 47 47 47 280 47 47 47 47 1978 47 47 47 47 47 47 47 47 
555 11 11 11 11 11 11 11 11 53 11 11 11 11 11 11 11 11 11 
556 558 558 558 558 558 558 558 558 558 558 558 558 558 558 558 558 558 558 
557 1320 558 558 558 558 558 558 2226 558 558 558 558 558 558 558 558 558 53 558 
558 11 11 11 11 11 11 11 11 11 11 11 624 11 11 11 11 
559 76 976 91 76 76 76 76 76 76 11 76 76 76 76 76 76 76 76 
560 11 11 11 11 11 11 11 11 11 11 11 11 11 11 76 
561 76 76 76 76 76 76 76 33 76 76 76 190 76 146 
562 558 558 558 558 558 1655 558 558 558 558 558 558 
563 558 558 558 558 558 558 558 558 558 558 558 558 558 558 558 558 
564 146 146 146 146 146 146 146 146 51 146 146 146 146 146 146 146 
565 2204 558 558 558 558 558 558 558 558 558 
566 558 558 558 870 558 558 558 558 558 437 558 558 558 558 558 558 
567 47 47 47 47 47 47 47 47 47 47 47 47 47 47 47 47 47 47 47 
569 558 558 558 558 558 558 558 558 558 558 1220 558 558 232 
570 558 558 558 558 558 558 558 558 558 
571 190 190 190 190 190 190 190 190 190 624 190 190 190 190 194 
572 558 558 558 1198 558 373 168 558 558 558 558 558 558 558 558 
573 11 11 11 53 53 11 11 11 11 11 76 11 11 8 11 11 11 
574 558 558 558 558 558 2088 558 558 558 558 558 558 5 558 
575 558 558 558 558 558 558 558 558 558 558 91 558 558 558 558 558 
576 1458 146 146 146 146 146 146 146 146 146 146 146 146 146 146 146 146 
577 1593 508 2300 558 558 558 558 558 558 558 558 1788 558 558 1198 558 
578 190 190 190 190 190 190 190 190 190 190 190 190 190 11 190 190 
579 558 558 558 558 558 558 558 44 558 558 558 558 558 558 558 
581 558 558 558 558 8 558 558 558 558 558 558 558 558 558 1220 1494 558 
583 558 558 558 558 558 558 558 558 558 558 558 
584 558 558 558 558 558 558 558 2082 86 558 587 558 558 558 558 
585 558 558 558 558 558 558 91 558 2164 91 558 558 558 558 
586 558 558 558 558 558 558 558 558 558 558 558 558 558 1198 558 558 558 
587 11 11 11 11 76 11 33 11 508 249 11 11 11 11 11 11 11 11 
