0 232 1130 76 1130 76 232 4 15 232 27 232 76 7 4 27 
1 76 232 624 76 232 232 232 64 51 232 
2 1130 51 76 232 51 194 4 
3 1130 232 1572 51 27 1340 1130 1597 149 
4 51 232 232 232 232 76 1130 407 232 51 2388 149 51 76 624 4 232 205 
5 558 76 76 282 2757 51 906 1130 1130 205 51 51 51 76 76 378 149 
6 232 232 205 232 40 
7 508 232 232 4 44 205 76 1130 51 53 232 232 51 198 1130 232 232 27 
8 1597 232 558 11 232 1340 51 232 1340 1130 2834 
9 76 149 574 232 232 1130 51 146 76 76 232 232 640 232 232 232 
10 4 232 906 4 1130 232 1130 1130 51 232 232 1130 232 1130 232 76 232 76 
11 76 76 232 4 51 232 51 232 232 4 76 232 76 76 51 232 51 51 76 363 
12 232 1130 4 27 51 76 51 76 76 51 1130 51 36 
13 51 624 232 76 4 1130 27 76 
14 232 5 51 76 232 232 76 232 40 76 1130 76 76 
15 2834 232 117 76 232 49 232 232 232 11 232 205 149 
16 232 1340 5 51 232 76 4 2834 1130 232 76 51 1130 232 2834 4 
17 232 126 232 1130 76 232 
18 190 1130 258 27 1130 1130 232 1130 232 1130 232 232 232 232 11 4 1734 232 4 
19 2312 232 1311 51 232 1527 4 619 232 507 1130 290 232 76 232 
20 232 76 205 51 71 4 76 232 2038 51 5 358 40 27 232 232 1130 406 232 
21 205 51 4 194 76 508 76 4 76 51 76 1374 51 1130 76 76 190 
22 232 232 232 11 4 76 1130 906 1130 2327 232 51 232 1130 232 53 232 
23 2757 232 23 232 194 232 232 232 378 76 1130 76 232 232 232 232 232 
24 51 232 11 343 232 51 1130 51 1130 2915 232 232 
25 232 232 1130 190 1130 232 232 5 232 
26 51 47 51 232 232 1823 232 11 
27 29 508 76 232 2300 232 232 232 194 232 
28 302 232 232 51 232 508 232 232 62 232 232 194 76 76 1823 76 232 
29 51 232 232 194 40 232 232 76 76 51 194 76 1130 232 232 232 4 53 232 76 
30 3062 76 232 232 232 76 232 51 232 232 76 76 27 
31 34 378 232 4 232 232 937 1909 232 76 1130 5 232 232 194 
32 4 232 1130 76 51 91 76 4 76 1130 906 1130 706 27 1130 166 1130 53 407 2117 
33 232 232 190 4 51 1130 1130 232 232 51 232 2834 2757 40 
34 1257 76 91 76 76 51 232 76 947 40 232 76 166 232 194 1130 41 
35 76 76 191 76 232 232 1130 232 232 51 76 146 76 51 76 51 
36 232 232 194 1130 232 232 40 1130 290 232 1130 27 51 4 
37 76 508 205 906 232 76 76 51 232 51 232 232 232 76 
38 5 232 76 232 27 407 51 76 223 76 76 232 1130 232 205 27 
39 76 232 232 51 1340 76 232 558 2248 4 232 51 51 205 232 
40 1130 232 51 76 5 51 51 76 76 1025 232 51 76 4 51 
41 76 232 378 906 4 76 76 27 76 232 906 76 232 194 194 232 232 76 232 232 
43 358 40 232 558 76 1130 76 2327 51 4 4 627 194 232 232 378 76 
44 232 232 76 51 134 232 232 232 194 232 232 76 232 232 40 76 76 232 232 76 
45 232 41 40 232 51 1810 51 11 232 232 76 51 232 149 205 51 190 
46 76 51 232 194 232 1130 4 4 558 1130 51 51 76 76 51 
47 1130 232 1130 378 232 232 232 27 378 2655 232 906 
48 232 232 205 76 76 205 76 76 232 53 232 1597 232 11 508 51 627 232 
50 76 205 232 4 51 232 76 619 232 4 51 2581 232 232 51 232 
51 51 76 76 232 1340 76 232 232 76 76 1130 51 232 1130 232 51 76 
52 27 697 378 4 232 2248 76 76 205 508 232 8 2248 76 407 
53 232 4 937 232 232 232 232 539 1130 619 232 11 1130 232 232 2716 232 
54 232 3043 205 232 232 4 232 205 232 1130 232 232 232 893 51 232 51 
56 76 378 1130 2723 232 1340 194 51 51 76 4 232 876 76 
57 51 76 232 4 232 198 76 1340 51 76 76 558 76 232 232 2834 
58 51 27 232 232 232 2266 4 232 76 198 1340 558 76 76 232 232 
59 51 40 232 1340 232 4 205 40 232 232 508 194 232 232 232 2834 
60 51 1340 76 51 1130 232 4 76 76 232 76 232 2271 76 232 2844 76 232 
63 47 232 76 4 194 205 149 232 205 232 232 1130 76 232 51 232 
64 27 232 11 2248 76 232 76 4 76 51 76 232 76 2248 1130 190 489 1130 232 
65 232 205 51 4 2834 38 358 5 232 1198 40 232 4 
66 232 76 2834 51 51 11 232 1340 232 205 51 76 51 76 149 232 
67 232 4 76 232 232 2266 4 232 232 2897 232 232 
68 232 232 51 1130 232 1130 76 205 51 223 906 1130 363 76 1130 232 
69 508 40 205 232 232 232 232 232 1130 232 232 4 1130 232 2834 76 76 2834 
70 51 74 232 1130 1130 76 232 1130 11 205 232 1130 205 232 36 51 
71 4 232 76 906 51 1130 232 76 1130 76 232 205 1130 
72 51 232 4 2944 205 205 51 232 232 1130 1130 407 4 1448 407 2757 
73 51 232 11 524 11 4 27 290 1130 40 232 76 76 
74 1130 232 232 76 11 378 232 558 1130 76 51 76 232 232 
76 1130 194 232 
77 232 4 76 51 4 51 76 51 232 51 51 1025 51 53 51 51 
78 4 1130 76 1130 232 190 51 76 76 232 76 51 51 232 51 232 2834 51 
79 76 232 232 11 302 76 91 51 51 232 1130 47 232 302 302 232 51 
80 4 232 232 76 194 232 76 1130 76 51 76 232 1130 232 51 378 
81 51 232 1674 232 405 51 232 232 51 1130 51 232 1130 146 232 2459 51 4 51 
82 232 2723 76 286 76 1130 4 146 40 232 76 205 4 508 1130 1130 232 51 
83 232 232 1130 194 76 4 232 232 194 1130 1130 190 41 4 51 51 
84 51 232 76 4 232 640 232 205 4 232 53 
86 51 51 508 51 232 35 407 232 232 4 
87 11 76 1130 51 27 76 232 11 290 1130 6 76 1130 232 232 
88 259 232 232 4 343 51 232 232 232 205 1130 232 76 205 11 
89 2248 232 539 51 51 11 4 232 232 407 11 232 76 194 205 35 363 4 51 
90 76 508 1058 76 1597 232 232 232 35 27 167 76 76 232 232 
91 1130 1130 1130 1130 76 76 51 51 51 1810 1130 232 
92 501 76 76 4 146 232 232 407 76 232 508 407 205 194 232 258 76 
94 4 232 194 232 232 146 51 232 40 76 358 960 232 1130 1810 232 937 51 232 
95 232 574 508 232 86 51 76 76 76 76 232 44 232 
96 232 76 1130 40 4 4 76 11 51 1338 508 344 232 4 
97 51 76 1340 51 558 76 232 232 232 51 232 232 76 76 2834 
98 2723 51 76 51 1220 282 407 1130 51 76 2915 205 1130 198 232 76 76 
99 232 25 1130 1130 1340 76 232 302 2964 40 232 51 232 232 76 407 
101 232 76 378 2757 51 27 76 51 76 51 232 4 
103 40 76 232 232 194 1347 232 508 76 508 1130 51 1347 1130 27 232 232 
104 2248 232 558 51 27 2005 232 232 2005 232 232 558 232 1130 232 76 232 
105 232 51 91 76 232 232 232 198 76 508 5 232 1448 
106 1130 27 3062 76 232 232 40 11 76 11 76 40 37 290 232 76 4 40 232 
107 4 2196 232 232 1340 2757 232 51 76 76 2388 40 146 232 1130 
108 232 47 51 906 4 76 40 76 232 407 232 76 205 4 76 76 
109 232 232 232 378 2757 76 2834 232 1340 4 232 51 1130 1340 232 232 162 232 4 
110 344 232 232 232 232 1130 1601 232 232 232 205 
111 51 4 937 76 76 1130 11 51 40 232 51 507 290 76 232 378 407 
112 76 1130 232 558 1448 51 232 232 232 1130 76 232 232 530 2757 232 4 
113 232 232 76 232 232 51 232 51 76 76 232 232 76 190 
114 232 232 49 906 406 232 205 51 232 76 76 232 5 51 232 232 76 
115 11 232 76 1130 51 2757 232 232 51 232 1810 1130 
116 2834 558 232 1198 232 558 969 508 232 232 232 508 232 232 76 51 232 232 76 
117 232 153 51 232 232 76 51 232 232 232 232 1130 190 232 205 232 184 
118 2327 205 407 4 1130 76 205 40 76 76 51 194 232 76 232 232 27 
119 508 4 1340 51 4 1597 11 51 232 232 257 4 232 2834 1130 
120 1768 378 232 232 232 232 149 232 232 1130 40 558 51 51 378 1448 205 
121 1130 6 5 51 232 2327 1130 57 232 76 232 190 232 
122 76 508 232 1597 1130 76 51 937 1130 232 27 232 53 51 
123 194 76 1130 232 906 4 1130 76 232 1130 51 
124 294 76 76 51 76 997 76 232 
125 4 749 2327 232 232 5 232 51 693 960 232 232 232 232 53 232 51 
126 149 232 2543 76 76 1130 232 15 232 51 1130 232 51 11 76 1130 1130 232 
127 232 4 76 232 76 52 232 146 76 11 232 232 76 194 1847 76 
128 38 51 76 1130 11 205 232 51 2635 76 232 1130 76 232 232 
129 232 232 232 811 4 232 51 149 27 1130 51 232 232 
130 1130 194 232 232 232 1130 1130 4 51 232 1130 194 232 51 11 53 
131 51 76 76 558 1365 232 154 51 4 62 76 290 51 232 76 232 232 51 
132 232 76 76 232 232 232 76 232 693 51 44 1130 205 232 
133 302 205 86 76 232 76 232 232 
134 76 407 97 4 232 232 2327 35 232 11 205 232 80 76 4 232 232 
135 27 558 232 232 76 51 190 47 51 80 232 36 205 1597 
136 33 232 232 51 51 76 91 232 232 205 1775 232 146 232 76 
137 232 51 991 51 5 51 232 4 40 53 62 232 232 76 232 97 
138 149 232 1130 51 232 280 1130 4 
139 40 76 76 76 47 232 232 33 232 76 749 53 232 232 1130 2834 
140 232 2757 4 53 232 76 1810 232 378 76 76 76 205 1561 205 
141 232 2248 51 40 1130 40 407 51 232 232 624 184 5 232 232 76 
142 232 2672 167 1130 76 76 232 2005 76 
143 232 76 232 76 146 1130 51 11 232 205 146 76 1130 1130 232 1810 232 232 51 
144 232 51 76 
145 2941 76 232 76 232 1655 76 1130 76 76 76 40 194 232 
146 232 232 232 11 146 232 15 51 76 1130 1823 232 76 232 
147 232 194 232 76 4 232 232 76 232 76 232 232 232 205 358 1130 232 232 4 
148 232 4 991 76 11 232 51 232 76 1130 76 194 11 
149 76 51 51 51 76 52 1655 76 1130 51 232 258 1130 1130 232 232 
150 4 76 223 232 232 1130 4 1130 51 232 232 76 76 51 76 232 76 76 
151 205 76 4 232 232 4 76 232 76 232 232 51 232 4 232 
152 1130 40 232 1130 232 232 232 51 241 232 232 76 232 232 232 2834 232 
153 51 232 76 76 76 76 232 749 232 232 232 232 47 76 76 51 
154 51 243 232 76 1130 205 1130 76 51 71 232 
155 51 149 232 232 232 232 40 205 4 85 51 34 1130 27 232 232 232 
156 51 232 2695 76 194 76 232 906 194 194 51 1130 407 76 232 4 
157 232 232 232 232 1130 76 407 4 232 4 76 1130 232 76 76 1130 4 
159 1121 190 205 76 76 232 223 53 51 76 1130 76 232 906 76 232 2834 76 
160 232 232 378 162 232 76 232 232 232 51 232 51 232 194 1130 76 232 76 
162 232 51 76 937 205 232 1347 
163 51 51 407 4 1130 51 5 493 232 51 407 232 4 40 76 
164 11 232 1130 232 51 76 1340 51 232 76 51 76 232 1448 35 232 5 2834 
165 232 1130 4 51 51 232 76 232 76 487 205 960 51 
167 1130 232 76 232 40 232 232 232 11 76 1130 422 35 508 
168 76 232 2157 76 232 23 4 205 76 40 232 232 146 76 
169 232 232 76 232 232 232 76 232 558 232 4 232 44 407 232 
170 232 2866 51 1130 194 51 508 232 232 51 1130 1130 76 1130 4 51 1978 
171 232 508 232 1220 194 51 1130 407 232 232 51 1374 205 1130 2897 76 
172 205 51 205 76 232 40 232 76 4 62 232 76 1340 76 51 1448 190 
173 76 489 232 232 205 76 205 76 51 1130 76 1198 232 
174 51 232 76 1130 232 51 76 232 232 991 4 558 
175 51 76 64 232 232 44 1340 232 51 198 1220 80 232 47 2834 
176 76 76 4 1130 232 232 558 51 76 167 51 76 1130 76 232 40 76 
177 51 76 11 76 2327 76 51 205 76 232 205 378 1130 11 5 40 7 51 205 205 
178 76 232 232 4 194 194 232 4 4 51 149 1130 232 4 232 76 232 
179 1130 33 232 1130 205 706 232 232 232 524 1130 407 51 51 40 
180 232 51 232 1025 1340 1130 1130 232 27 76 205 1130 205 363 76 
181 205 51 232 232 232 407 51 508 232 1869 76 1130 27 76 47 232 232 27 
182 51 51 76 40 1810 1130 232 
183 232 27 4 232 487 76 232 4 76 
184 232 232 5 232 1340 76 51 1130 232 232 51 51 232 232 232 508 4 
185 76 232 76 76 76 1154 358 11 76 76 1130 76 524 51 232 232 
186 205 232 76 27 232 11 232 232 51 232 51 76 4 190 508 5 
187 51 223 194 232 76 1220 232 51 205 51 76 280 
188 3062 76 194 232 1769 232 232 51 232 76 166 558 1130 76 76 2834 27 
189 3062 232 51 1130 232 232 232 166 232 1130 76 35 51 232 232 5 
190 76 806 232 5 232 40 51 232 232 232 6 232 51 149 76 624 232 76 
191 5 76 232 2248 146 1172 232 76 76 205 1130 76 76 76 76 232 232 
192 232 991 51 194 232 232 76 1909 76 232 232 232 51 76 76 
193 343 40 76 194 76 76 232 1130 76 1130 35 51 1130 76 76 1130 
194 4 1121 232 205 76 232 40 232 40 232 1448 51 1130 
195 232 3062 76 232 1130 51 489 76 232 290 1130 76 232 76 51 149 76 960 
196 51 232 5 232 232 
197 205 558 51 997 558 232 232 76 587 76 232 51 4 232 76 76 232 11 
198 232 232 232 232 40 1130 51 232 232 2944 1130 1130 232 51 
200 232 232 51 232 51 1340 358 290 76 51 232 489 232 51 
201 232 2217 2944 232 232 232 
202 1130 378 232 1130 232 1130 232 76 1130 232 232 
203 76 164 232 4 76 302 232 76 146 232 
204 232 51 51 232 51 558 232 51 194 198 51 76 1130 51 
205 232 51 76 4 2392 
206 508 1130 906 4 232 76 1340 76 937 51 194 258 53 76 232 76 
207 232 76 232 91 51 76 76 194 11 1130 51 51 1130 232 4 76 
208 1121 27 2543 205 27 27 2802 76 33 1130 4 1130 1130 232 343 4 51 36 76 
209 76 232 53 76 76 205 4 232 76 1130 76 51 76 232 1130 232 1130 232 
210 76 205 232 232 146 232 232 232 257 146 232 76 76 
211 205 51 51 51 232 2834 232 205 232 
212 114 232 937 40 11 343 232 51 232 1220 51 674 232 76 
214 1130 1130 51 1130 232 51 205 232 27 
215 1847 1340 76 1130 232 51 194 4 76 232 
216 232 232 960 641 232 232 4 40 558 51 232 1130 1130 51 1428 76 
217 1130 76 232 4 232 76 4 27 1130 1130 76 232 76 4 27 
218 232 76 51 76 232 358 51 286 76 51 40 194 1130 51 
219 232 489 1130 198 76 1340 2581 51 1130 76 76 1130 232 
220 232 205 91 76 76 558 232 232 232 232 
221 76 259 97 5 1130 997 53 11 11 51 29 232 76 
222 40 117 508 1572 76 76 76 51 1130 1130 51 937 232 232 232 
223 1025 232 232 51 76 76 1340 232 51 232 232 194 232 149 232 232 
225 76 232 40 232 76 232 539 51 40 194 232 344 76 
226 232 194 232 232 2834 232 232 1340 2724 1130 232 11 51 232 
227 1845 232 232 232 51 25 1130 232 1130 2802 407 232 886 232 
228 232 232 232 1340 232 508 51 51 76 232 76 407 232 
229 76 76 232 4 75 40 190 1130 232 76 91 232 11 232 232 76 149 
230 76 51 5 51 232 232 4 51 76 40 232 232 232 76 232 
231 4 232 619 35 232 76 76 232 508 232 51 232 232 205 
232 232 2312 232 97 51 232 51 232 4 232 51 33 232 344 47 4 232 76 232 4 
233 232 76 51 997 2327 76 76 146 232 407 1130 232 1674 51 51 232 
234 76 205 40 558 4 51 624 4 194 558 76 
235 4 232 3011 1130 378 1130 232 232 232 1130 907 1734 76 232 
236 76 232 232 51 1130 194 51 51 205 232 1130 232 232 232 232 1130 624 194 
237 232 11 232 40 194 194 40 1246 232 775 53 232 344 194 76 1198 
238 4 205 991 1130 1130 232 232 232 194 232 1130 344 44 40 232 74 
239 27 1130 51 1130 51 76 407 51 205 906 407 76 76 407 76 
240 76 76 232 76 232 906 76 44 35 407 190 1198 406 232 76 
241 232 1340 1340 2327 86 11 232 407 232 1130 
243 146 51 11 1130 2164 51 232 232 51 558 1130 1130 232 232 76 76 146 76 
244 205 149 232 232 232 205 76 194 1130 76 51 205 232 51 407 76 406 1198 
245 1130 232 76 51 76 232 27 232 232 76 232 194 51 47 27 
246 302 3062 47 52 76 232 1130 232 232 232 232 205 1130 232 
247 76 76 1130 205 76 1130 205 76 76 2581 2723 11 232 232 1130 51 
248 378 232 232 40 11 149 76 232 232 558 51 232 1130 76 232 232 
249 4 232 11 2757 4 76 51 205 232 489 232 1130 232 232 4 205 205 57 
250 232 51 51 51 232 40 149 51 232 232 51 1130 232 76 358 1130 232 
251 290 558 1054 232 1130 51 2668 76 232 232 1130 232 232 232 232 
252 232 998 1130 205 232 76 76 76 
253 232 1130 232 99 232 232 280 
254 32 51 1597 76 232 76 1130 76 232 232 51 4 
255 1130 232 76 3011 558 4 1340 76 232 232 232 76 232 232 
256 4 960 232 76 1340 232 40 1130 76 4 
257 232 76 232 76 11 1257 232 592 232 146 1990 51 
258 4 232 232 1130 7 76 1130 76 1130 27 51 232 53 489 
259 76 290 407 51 378 1130 76 11 232 51 
260 76 76 76 149 76 205 232 232 76 232 76 1130 232 51 232 194 
261 2757 232 76 282 76 76 51 76 11 146 232 76 205 5 80 
262 51 51 76 232 51 76 1130 76 1130 232 149 51 194 241 51 205 
263 232 167 232 1130 2266 4 232 76 407 232 
264 167 232 232 232 232 76 232 
265 51 232 232 232 205 232 232 232 76 232 76 232 232 4 205 51 1130 2757 
266 232 1130 232 97 232 508 232 75 232 1130 51 232 232 51 194 
267 194 232 1130 232 76 40 194 205 232 1130 40 51 53 27 
269 4 232 558 344 232 232 232 232 232 76 232 232 76 232 232 232 
270 232 4 232 232 2000 51 2005 232 232 1130 51 232 198 76 194 232 
271 558 11 49 2635 406 232 76 232 76 76 302 27 76 76 232 194 
272 51 232 205 51 1340 232 149 
273 2834 232 76 2266 194 232 76 149 1597 232 76 194 232 76 232 
274 4 232 194 76 1130 76 51 1130 232 4 40 232 257 53 508 76 27 
275 51 76 51 51 205 51 706 167 508 15 2327 51 33 378 205 
276 76 232 232 558 194 627 40 232 232 51 232 232 4 
277 1130 870 2005 75 232 1130 407 1130 232 232 232 232 205 76 
278 232 232 194 76 76 4 1130 51 27 76 232 76 76 1130 232 76 
279 76 2300 232 1130 574 489 51 33 232 1130 51 1130 76 41 76 76 
280 51 5 232 76 51 232 76 1130 5 407 1769 76 71 1025 76 205 4 
281 2834 1130 1597 11 11 232 232 2248 51 2693 51 232 232 76 2834 
282 1130 205 51 232 422 40 194 76 76 51 232 76 232 1340 1597 76 194 232 232 51 
283 232 1130 4 51 232 1130 51 624 76 51 51 1130 
284 232 51 232 232 1340 1597 1130 76 232 1130 422 232 4 
285 51 4 232 76 146 51 232 4 51 232 76 1130 1130 41 205 76 232 
286 194 232 35 205 51 76 
287 76 76 4 1130 232 4 205 40 232 1130 232 1130 51 76 1130 2834 
288 232 76 205 47 51 1909 232 194 4 232 232 41 1130 232 422 190 51 2051 
289 40 232 51 11 906 232 558 232 507 232 40 194 149 76 232 
290 232 51 51 149 51 27 4 407 232 232 
291 378 1340 232 51 232 969 232 51 51 232 205 232 232 76 
292 232 51 51 232 11 960 232 146 4 232 51 1655 1246 205 11 232 76 406 
293 194 76 76 232 1130 76 1130 76 11 1560 51 25 
294 2248 232 51 5 5 232 146 232 76 1340 1130 51 232 76 
295 5 232 47 232 76 1130 1130 232 76 53 1428 51 508 1130 2834 
296 876 76 232 4 1340 232 27 2327 51 232 1340 232 232 146 76 114 2834 
297 1340 64 51 11 5 51 51 76 194 4 232 358 76 232 149 
298 558 232 51 51 232 991 232 76 51 558 51 1130 232 76 232 1130 146 
299 232 232 232 76 232 232 51 190 232 
300 232 51 232 76 51 232 2757 232 232 232 232 51 232 232 51 232 76 4 164 232 
301 232 51 2248 991 1130 51 76 1130 232 232 149 51 51 843 2834 
303 194 232 1130 205 232 1130 1130 51 407 51 1130 4 51 407 232 232 232 
304 232 76 232 1130 51 2248 232 232 1130 232 1130 232 232 906 149 76 51 1130 
305 205 232 232 76 40 205 76 1130 51 76 1810 1130 76 
306 11 232 76 53 1130 76 232 1130 558 232 190 51 232 558 51 232 
307 76 232 76 232 205 4 1130 76 51 11 76 194 44 1130 205 1130 232 2834 
308 51 76 76 52 76 906 1130 205 
309 1130 2944 232 232 4 232 205 508 232 205 232 51 194 232 232 
310 232 2944 232 232 51 232 76 232 167 232 11 232 76 205 232 
311 51 51 51 205 76 960 232 76 76 1130 1198 
312 2815 40 76 2757 232 1130 232 906 76 51 76 232 232 76 4 205 
313 232 524 906 1130 4 232 232 27 1340 76 232 51 232 
314 27 232 194 51 906 40 4 27 51 407 76 508 146 1130 51 4 4 
315 51 51 539 232 232 232 1130 205 232 232 76 11 2834 51 4 
316 149 91 232 286 1130 0 40 232 76 51 232 76 76 2431 149 51 
317 76 1130 51 232 1130 51 232 51 51 205 53 1130 2834 
318 27 232 286 76 97 232 27 27 343 232 27 232 51 4 232 
319 51 232 232 343 51 232 51 232 232 76 1130 76 149 76 1788 51 232 
321 76 3062 205 232 960 149 4 76 1130 76 76 407 232 194 232 76 232 223 36 
322 4 76 76 51 76 1130 232 1597 76 76 232 232 76 
323 1130 76 76 558 11 
324 44 205 2164 53 51 76 232 62 1130 1130 27 232 51 1130 205 
325 232 232 27 205 232 1130 232 76 1130 232 1810 232 2581 149 51 1130 
326 1130 1130 51 232 76 51 146 1130 51 
327 3062 76 232 1130 232 232 51 167 1130 51 205 194 232 232 232 
329 232 1130 76 232 76 1130 508 51 51 51 76 1366 76 232 76 2834 
331 232 2978 4 1340 11 1340 232 232 76 51 302 6 232 27 232 407 
333 232 76 232 1198 2944 76 4 1130 76 205 11 76 205 76 205 489 1130 1130 76 
334 51 51 232 232 232 232 4 51 51 51 232 51 232 232 
335 3043 76 76 232 232 51 232 53 194 51 76 343 2248 4 76 
336 76 76 232 232 4 558 76 232 232 232 1130 1130 407 76 232 190 
337 2834 205 2723 232 232 4 76 407 76 232 40 5 76 232 232 232 2802 992 2834 
338 51 51 508 232 76 232 51 11 76 76 76 76 76 232 2834 
339 232 76 1130 51 1130 1130 1130 51 1130 1932 51 51 194 76 
340 232 508 232 40 558 53 76 407 4 149 51 558 76 232 232 232 4 
341 232 232 4 51 232 232 1130 232 232 4 232 27 232 232 76 232 51 1130 4 2834 
342 232 76 1054 51 205 1198 2248 2327 232 51 232 232 40 51 286 
343 40 76 194 1130 906 76 76 1130 4 407 76 1130 76 51 11 232 232 
344 4 232 25 41 1130 1130 25 232 51 1130 232 422 194 232 407 190 232 
346 232 76 232 1130 5 906 76 1130 146 4 33 149 232 4 51 407 4 
347 1130 4 1198 1130 1340 232 2944 232 693 52 190 1054 232 4 51 
348 76 986 4 232 11 232 51 232 51 76 4 232 76 2834 
349 489 51 146 40 51 1130 1340 558 76 1130 1130 232 232 232 76 76 2834 
350 232 232 53 76 76 232 407 2757 1130 11 76 232 232 232 205 4 76 76 232 27 
351 697 286 365 146 76 51 76 232 232 76 76 194 365 
352 2834 232 232 51 76 4 232 232 232 508 76 232 51 76 232 2834 
353 51 232 232 232 1448 76 958 4 1130 1130 76 407 2327 232 
354 232 51 232 1597 232 232 232 624 232 232 4 
356 76 508 51 51 378 40 76 947 149 51 194 51 232 51 232 
358 76 51 906 76 574 4 1130 76 1448 232 223 149 1130 76 51 232 2834 76 
359 232 76 76 2873 232 1130 53 558 205 51 76 407 232 51 146 232 2834 
361 1130 986 232 1130 2196 1130 1130 3065 51 232 232 1130 2834 4 
362 1130 886 806 51 205 232 205 232 232 4 
363 76 232 232 76 51 51 619 1326 2757 232 232 378 76 232 
364 51 232 1130 205 76 232 232 465 194 205 51 4 232 290 1130 76 1130 232 205 
365 51 4 27 205 76 205 76 232 4 51 76 51 76 76 232 232 232 51 
366 51 508 76 1130 4 1130 232 76 40 232 4 149 51 2005 232 489 624 76 232 
367 76 232 232 5 51 205 624 51 64 51 1340 232 1340 53 76 76 232 232 4 
369 697 76 76 232 11 232 407 51 51 508 76 1130 4 1130 194 
370 2834 27 2672 232 558 2266 1810 232 232 76 992 232 76 232 232 232 1130 4 2834 
371 40 51 51 76 51 1130 76 51 76 232 232 232 149 51 76 76 
372 8 2757 1130 51 76 51 2757 106 290 40 76 407 76 232 508 1130 
373 232 194 232 76 232 232 146 40 76 51 232 378 232 232 76 32 
375 51 232 5 232 232 205 184 290 1130 232 232 76 232 232 232 960 232 51 
376 232 4 146 76 205 2944 51 76 4 51 1130 2327 51 205 
377 11 76 76 4 76 232 1130 76 232 53 76 
378 76 2300 4 51 232 27 2862 232 76 232 232 1130 51 406 15 76 76 76 
379 232 51 76 232 232 1130 2327 4 40 232 51 194 325 232 40 232 76 1597 
380 232 1449 232 1130 76 1130 232 4 51 2834 194 
381 232 232 51 76 232 232 
382 51 51 406 232 205 91 232 232 232 194 51 11 198 1130 205 
383 232 232 232 1340 51 194 51 232 51 76 947 232 40 194 232 4 149 232 
384 232 76 232 76 1130 4 51 146 232 149 232 1449 51 76 1130 
385 1276 76 194 558 11 232 51 1130 232 1810 194 205 232 76 378 51 
386 76 76 232 76 232 1130 4 232 53 1130 51 76 51 27 1220 205 232 51 232 
387 232 378 232 232 232 232 378 1130 4 1130 706 53 
388 232 201 1130 232 53 232 4 232 194 1130 76 76 232 508 51 205 3024 
389 11 205 232 1340 232 232 1130 76 232 76 198 508 76 33 232 232 232 4 
390 232 232 232 76 2944 11 51 1130 1597 1130 232 232 76 1130 843 2834 
391 255 1845 232 76 302 53 35 51 407 194 1025 232 232 76 51 407 47 
392 51 11 51 27 44 2251 4 51 51 232 1130 76 76 76 619 76 51 
393 232 232 232 508 232 232 
394 51 508 205 53 1130 906 1130 167 232 149 232 51 1130 232 1810 232 149 232 2834 
395 51 100 51 76 23 960 4 76 205 76 
396 76 76 991 76 76 1130 76 76 76 40 76 232 76 992 258 232 232 76 463 5 
397 1130 232 508 232 76 232 232 1130 232 886 232 232 51 76 232 232 407 
398 51 232 91 51 232 205 1130 1130 558 53 194 76 205 
399 1935 76 36 232 1130 4 1130 232 205 232 1130 407 4 2248 27 
400 232 232 232 1130 40 232 232 4 85 194 290 358 1130 51 51 
401 51 51 51 493 1130 232 232 223 51 205 205 508 76 40 232 76 1847 205 
402 76 232 194 76 1130 97 232 41 11 232 232 
403 76 232 4 76 76 51 71 232 4 149 232 1130 51 1130 960 27 
404 1130 232 232 35 62 232 76 232 1130 1130 489 76 190 4 
405 51 1198 232 149 76 232 232 232 51 232 1130 4 232 232 232 
406 194 232 232 906 2757 51 194 198 
407 2248 76 232 232 51 232 167 51 1130 232 76 290 232 1130 
408 232 232 76 232 232 232 558 232 232 76 232 51 76 53 76 4 232 
410 232 76 232 232 558 232 232 76 76 232 232 232 
411 232 76 27 232 99 194 76 194 1130 232 232 232 232 232 
412 232 937 51 232 232 2944 232 232 1734 11 232 232 232 232 11 232 
413 11 232 76 76 232 76 232 11 558 1597 11 257 51 232 15 232 
414 51 232 232 51 205 232 51 51 232 290 1130 51 76 1130 232 
415 40 76 232 4 76 2327 1172 232 51 232 76 1130 76 232 51 407 4 
416 3062 76 232 4 407 232 146 1130 51 27 232 232 36 4 
417 232 2862 76 558 205 2327 1130 51 232 51 
418 1130 40 232 205 205 40 27 1130 51 149 232 194 76 205 232 
419 4 232 76 906 4 1130 365 27 232 290 51 51 4 76 4 11 27 
420 205 76 232 232 693 51 40 232 62 1130 76 1011 232 5 893 232 
421 51 232 167 1130 76 76 232 1130 51 76 76 76 146 232 51 
422 76 232 51 76 51 76 1130 51 76 194 232 76 51 232 76 
423 2834 232 1130 41 11 2266 190 232 232 51 76 1130 232 232 2834 
425 232 76 2248 40 4 232 232 62 76 51 232 1130 232 232 194 76 2834 
426 76 194 991 906 407 407 4 1130 205 76 11 1130 51 146 205 232 
427 51 232 76 23 232 232 194 232 91 558 53 232 232 302 232 1198 
428 1130 51 2757 198 1130 51 76 51 232 1810 363 76 
430 694 51 76 232 232 4 232 205 35 558 51 508 508 51 232 2834 232 
431 558 76 232 232 205 4 5 232 51 1130 4 194 1130 2757 76 1130 232 2834 76 
432 232 1130 1340 76 76 51 508 232 232 76 232 205 1130 232 232 2834 
433 51 558 2157 937 76 407 51 51 1130 51 232 2327 232 407 51 4 
434 76 232 232 508 51 4 232 2271 51 2834 51 
435 508 2944 1597 232 40 51 232 4 232 508 35 232 232 76 76 76 232 
436 1130 1130 1130 51 232 232 1810 1130 1130 2248 76 
437 1130 302 51 194 232 232 558 4 4 232 76 76 184 1130 76 33 53 51 4 205 
438 146 76 232 76 51 27 232 232 51 1130 2579 1130 232 232 
440 2088 40 51 232 232 194 167 76 190 76 190 232 232 41 1246 2604 
441 1130 76 149 232 232 232 76 232 232 51 232 76 76 232 232 232 11 4 
442 51 51 2724 76 51 40 232 205 4 1130 4 51 1130 76 290 489 53 
443 4 937 232 1130 27 11 232 232 2248 76 51 1130 1810 194 1130 51 51 76 2834 
445 290 232 232 232 232 507 51 76 4 149 205 1130 146 1130 232 194 51 232 232 
446 40 558 76 232 1130 76 4 1130 51 232 232 232 11 76 2757 232 4 
447 232 51 11 232 76 232 1130 906 1130 11 51 76 1130 198 205 232 2834 
448 4 51 232 194 378 76 1130 232 232 232 232 51 2604 76 
449 232 76 51 232 76 35 51 1130 1198 51 51 76 4 76 
451 232 198 232 146 51 232 51 194 1130 2834 
452 232 76 232 76 232 51 76 960 232 76 44 558 76 76 4 
453 8 2248 232 876 232 76 232 4 76 76 76 232 1130 76 232 489 232 232 76 
454 232 232 1130 232 2266 2005 232 2834 51 1130 1130 232 2406 232 51 1130 
455 34 243 232 232 215 51 33 418 51 76 232 1130 
457 1130 205 2248 232 4 1130 4 232 76 422 6 2248 1130 406 1130 51 
458 194 51 51 76 149 232 149 232 290 1130 1130 232 53 232 149 51 
459 1193 76 1130 76 76 232 4 1130 76 232 1810 35 149 531 
460 232 232 76 76 4 1130 51 232 558 232 76 76 232 232 2200 232 51 406 
461 232 232 162 232 1130 76 2327 205 194 76 1130 558 232 76 11 232 
462 232 232 11 2196 76 76 232 53 407 232 76 
463 232 2066 232 51 76 937 378 51 194 1130 76 1130 558 4 
464 232 51 11 991 76 407 1130 4 232 749 76 232 76 558 51 36 
465 232 205 76 27 194 619 51 76 232 4 232 1810 76 4 232 51 76 
466 51 51 232 4 1130 76 232 232 51 76 76 40 76 205 51 
467 2834 232 76 290 4 232 232 1130 232 1340 1597 76 232 232 232 
468 51 232 51 232 232 232 76 1130 205 76 232 1025 76 4 232 232 4 
469 3024 232 232 51 51 76 232 40 282 2005 75 194 232 232 51 
470 76 232 51 232 51 4 232 232 51 51 1130 51 232 358 76 
471 194 190 232 232 76 76 76 232 76 558 232 422 558 1130 508 
473 76 2723 76 286 232 232 76 232 11 232 76 232 51 4 
474 1130 232 27 1130 1340 1130 76 51 76 232 232 1130 232 
475 232 4 51 232 1130 232 232 232 489 62 1130 51 198 232 232 
477 76 232 35 1340 407 4 1130 76 76 198 1130 232 205 51 232 76 4 
478 190 232 232 232 508 40 51 232 2944 51 232 358 232 1130 232 41 
479 232 162 1130 232 76 232 232 1130 232 358 232 1130 76 76 205 232 
480 232 4 1340 232 1340 1130 4 1130 232 33 1025 198 422 76 232 1130 51 
481 76 5 2447 232 5 134 407 194 407 232 149 2944 
482 51 232 232 76 2604 76 232 76 358 1734 51 407 232 232 190 232 
483 232 205 51 76 1130 232 1130 51 1130 51 2248 407 1130 232 
484 2345 1130 232 232 232 205 407 51 2834 
485 232 232 508 232 232 508 232 76 51 232 232 232 2757 624 232 76 51 
486 232 232 232 232 232 51 232 232 76 232 232 51 1130 2834 
487 2852 3011 76 232 232 232 1130 76 51 2834 1130 
488 76 35 1130 27 1340 51 232 1597 
489 1130 290 232 51 2757 76 422 51 232 62 
490 1130 1130 290 232 1130 194 232 232 205 232 
491 205 33 558 4 1130 2248 194 407 232 232 76 149 
492 114 76 76 232 1340 47 1130 232 217 27 232 76 205 232 558 592 
493 232 232 194 232 51 4 51 232 1130 232 198 76 2834 53 
494 51 232 232 232 1130 232 232 232 76 4 
495 40 76 89 146 1130 4 232 51 4 149 11 51 190 232 11 51 
496 5 76 1198 11 232 40 37 5 33 232 937 489 232 232 4 1130 
497 1130 223 232 5 1130 33 4 1570 4 76 2760 1130 1130 51 232 232 4 15 
498 76 232 232 232 991 232 1340 232 76 232 51 232 232 
499 51 76 2196 51 232 76 232 194 51 947 76 290 76 232 76 51 232 194 2834 
500 76 76 76 1130 232 51 508 232 76 27 1130 51 232 232 232 407 
502 232 232 290 2625 51 232 232 76 40 634 2964 76 232 76 232 194 205 
503 205 205 1340 205 232 232 51 198 51 508 1130 232 232 205 76 2834 149 
504 4 205 76 232 205 407 4 76 1130 76 1130 232 76 51 1130 76 76 232 
506 205 51 232 51 4 149 232 
507 51 232 1130 76 232 2730 508 76 232 232 51 51 587 1130 232 76 232 232 
508 51 232 232 205 508 232 1130 51 1655 5 290 1130 76 1130 232 1130 232 2834 
509 2834 232 232 378 232 51 1909 232 1130 41 1130 232 232 2834 76 
510 508 51 249 4 960 11 205 2248 27 
511 508 232 1340 76 51 51 2944 232 4 232 76 587 51 11 205 2834 1597 
512 232 76 232 232 232 190 232 232 232 232 232 76 
513 51 232 41 232 378 4 4 290 51 232 232 232 232 76 51 232 232 232 76 76 
514 232 1130 76 1810 76 1130 
515 76 232 2300 1130 76 205 76 1130 1130 1449 76 76 76 232 205 40 232 
516 40 232 232 76 232 4 76 232 1130 76 232 232 40 407 149 232 76 
517 232 232 232 4 232 1172 232 232 232 1130 2757 232 508 51 51 232 232 76 76 
518 923 2757 27 508 76 76 40 232 76 302 258 76 205 
519 76 51 232 1130 4 91 232 51 76 232 232 232 51 232 232 232 
520 4 232 149 2248 194 232 53 386 51 4 86 76 76 624 232 164 
521 76 51 1130 997 407 4 1130 40 76 232 489 232 5 76 232 51 
522 232 76 232 51 51 205 232 51 51 1130 51 1130 1130 
523 194 194 1497 232 
524 57 51 1130 4 1130 194 232 232 1130 232 
525 1130 33 1198 232 232 232 1130 232 232 40 232 
526 1130 4 194 1130 3011 232 232 97 232 558 51 76 76 76 232 232 232 
527 1130 1130 51 232 51 5 574 4 1130 2088 232 1130 51 51 1130 51 76 
528 232 76 232 194 1058 4 205 51 4 232 1130 51 1130 232 232 51 232 4 
529 91 194 232 232 5 194 76 232 194 1130 232 232 232 
530 232 40 232 232 508 33 51 205 378 232 40 51 232 51 27 508 
531 558 76 40 232 232 232 76 232 51 51 76 232 947 2327 290 1130 
532 194 232 76 11 4 886 76 232 232 232 4 232 232 
533 378 205 232 232 5 76 232 1260 232 4 76 232 232 508 
534 27 232 1340 232 232 51 1130 232 76 
535 0 149 1597 232 257 1340 1340 51 1340 378 232 76 5 162 232 
536 190 232 76 205 76 1597 76 190 4 2944 1130 2581 126 76 205 1130 232 
537 11 232 76 1130 378 558 2251 1130 51 164 15 558 
538 51 51 76 76 51 1130 232 1340 40 4 40 205 1130 1130 232 2834 
541 1130 76 4 76 1810 51 51 76 232 232 558 76 2581 51 232 232 
543 232 232 232 232 4 51 627 51 232 51 232 51 4 
544 51 232 1130 5 4 76 205 11 508 194 232 1130 232 232 
545 76 4 465 1340 53 232 76 40 51 232 1810 232 76 11 4 1130 232 232 232 4 
546 232 232 232 4 76 11 489 4 1130 422 27 232 624 
547 76 4 1130 76 41 51 2802 232 27 1130 76 40 53 232 489 2757 
548 76 232 4 51 51 232 1810 508 40 2834 2723 2834 
549 51 2757 232 4 4 51 
550 205 232 76 378 4 76 51 76 1130 76 232 232 363 51 232 
551 232 4 51 2554 194 232 1130 290 51 76 51 1503 194 
552 27 232 76 232 194 1130 51 205 232 2757 232 508 1130 232 232 232 51 232 
553 4 2248 232 1198 407 232 232 232 76 51 232 4 51 149 4 
554 770 232 232 27 51 232 232 232 2866 76 1130 232 76 232 232 47 232 
555 76 232 232 1130 407 4 508 205 53 4 27 232 1130 51 232 1130 232 51 
556 51 1340 232 76 76 4 27 51 1130 149 232 194 51 407 40 232 2834 4 
557 76 51 232 232 2824 232 51 232 51 1130 407 232 51 232 53 232 232 76 232 
558 40 51 232 51 4 2327 51 51 205 76 51 76 51 1130 51 51 
559 76 194 91 906 232 232 1347 51 232 11 232 1130 76 4 1130 2834 76 76 
560 232 51 232 1130 232 232 149 76 51 232 6 40 51 51 76 
561 232 1130 232 1340 2944 51 4 33 76 76 76 35 232 3024 
562 232 76 194 232 232 76 51 51 232 232 232 232 
563 232 3011 1130 232 1597 76 232 4 76 76 51 232 51 1130 205 1130 
564 1130 2757 232 232 1130 51 76 407 51 232 407 232 51 76 2757 4 
565 1260 205 1130 41 149 51 232 4 4 407 
566 232 76 76 508 162 232 232 51 51 76 2944 232 1810 558 76 2757 
567 76 232 1597 4 232 232 1340 76 51 1597 40 232 51 27 51 76 1130 232 4 
569 51 51 232 40 76 232 51 223 76 51 1220 51 205 232 
570 1130 1340 232 76 232 1597 76 4 232 
571 190 232 232 51 232 76 4 76 232 624 232 232 76 76 205 
572 51 1845 51 49 51 407 153 76 51 232 232 232 40 1734 76 
573 4 232 27 205 53 232 232 232 232 232 76 51 232 149 232 149 76 
574 232 76 51 232 51 205 232 76 1130 507 1130 232 5 194 
575 232 51 1130 2312 232 232 223 232 1340 51 2385 76 51 1130 232 232 
576 44 1130 76 51 51 1130 1130 4 232 4 232 4 232 232 232 76 406 
577 2211 508 2300 27 2944 76 232 76 232 76 232 1788 232 164 53 15 
578 232 232 302 1130 232 232 76 76 51 232 232 76 302 302 149 232 
579 76 378 232 1448 1130 232 232 146 378 232 76 232 1130 1810 232 
581 232 51 194 508 51 232 232 232 4 232 51 1130 40 1130 1220 194 76 
583 4 76 1130 51 76 232 76 205 76 2834 232 
584 76 76 232 40 76 40 232 6 86 232 232 76 205 232 27 
585 4 232 232 27 76 232 91 232 2164 5 76 76 619 232 
586 2248 232 378 232 4 232 194 76 4 76 51 11 232 489 407 51 76 
587 232 11 76 232 76 76 33 149 149 71 232 232 223 232 11 232 1130 205 
