0 558 2541 558 558 11 558 558 2662 558 558 558 558 558 558 222 
1 418 558 624 558 644 1593 1498 1593 222 558 
2 558 222 558 558 558 558 558 
3 558 558 1572 558 1593 558 558 558 508 
4 51 558 558 558 558 558 558 558 558 558 1198 558 51 558 624 558 558 558 
5 558 558 146 282 558 558 558 2541 558 2455 558 558 558 11 172 558 276 
6 5 2970 558 922 11 
7 558 558 2541 558 44 558 91 558 558 53 558 558 558 558 558 264 11 558 
8 558 558 558 558 558 558 120 558 558 2819 2819 
9 1934 508 574 264 558 558 558 146 39 558 3018 558 640 1531 558 2819 
10 558 558 558 558 2541 558 558 558 222 558 558 558 558 558 558 558 11 558 
11 558 276 558 558 228 558 558 558 558 558 1284 558 558 249 558 558 558 558 1934 276 
12 558 2541 558 222 2541 276 558 558 558 558 558 558 558 
13 558 624 232 558 558 2541 276 433 
14 558 558 558 558 558 558 2278 558 2670 558 558 558 558 
15 558 558 117 1198 558 1198 558 2541 558 558 558 558 1476 
16 1429 558 558 2541 2011 120 558 558 558 2161 558 558 2819 558 2819 558 
17 558 19 558 558 558 558 
18 190 1429 258 1826 558 558 558 558 558 558 558 558 1593 558 11 558 1733 558 558 
19 558 558 171 558 2541 1527 558 558 8 558 558 558 558 558 558 
20 558 558 558 1198 249 558 31 558 2038 558 5 91 558 249 558 558 558 276 222 
21 120 558 558 558 91 558 558 558 558 558 558 1402 1593 558 76 558 190 
22 558 558 2541 558 558 2011 558 558 2541 558 2541 276 558 2819 558 1198 558 
23 558 2541 179 558 1058 558 1344 558 228 558 558 558 558 558 558 558 558 
24 558 558 558 558 558 558 558 558 558 558 558 380 
25 2541 8 558 1197 558 558 2541 558 558 
26 1344 47 276 558 558 1823 558 558 
27 47 1473 558 558 2300 558 558 558 1198 558 
28 11 2541 558 2541 558 1198 1344 558 62 222 1344 558 558 558 1823 558 558 
29 51 558 558 2771 146 558 558 558 47 276 1198 558 558 558 558 558 558 8 558 558 
30 276 558 222 558 558 558 558 222 558 558 1884 558 558 
31 690 558 558 558 558 228 91 1909 558 120 558 2515 558 558 558 
32 558 558 2541 558 1934 91 558 558 11 558 558 2541 228 91 558 166 558 558 558 2117 
33 558 2541 190 558 228 558 558 558 558 222 264 558 558 558 
34 1257 558 91 558 558 558 558 558 558 558 558 558 166 558 1198 558 558 
35 558 91 191 558 558 558 264 558 558 222 558 146 558 558 249 558 
36 1198 558 11 558 558 558 11 558 558 558 558 702 91 558 
37 558 1198 558 558 558 558 558 2541 558 558 1978 558 264 558 
38 5 558 276 2541 228 373 558 558 558 276 558 558 558 2161 558 1006 
39 2088 558 2541 2541 558 558 1934 558 558 558 558 222 558 558 558 
40 558 558 51 558 741 120 558 1234 558 1234 558 558 558 558 558 
41 76 558 558 558 558 91 11 558 558 558 558 1490 558 1198 558 558 558 558 228 558 
43 558 1593 2541 558 558 558 91 558 558 558 1498 276 558 558 558 558 558 
44 264 1034 2115 1344 63 2541 1593 558 558 558 558 1593 558 2541 558 76 1884 558 558 558 
45 558 41 558 558 222 558 558 558 558 558 558 222 558 1593 1198 558 91 
46 558 1593 558 373 558 558 558 558 558 558 558 228 558 2460 558 
47 558 558 558 558 558 558 558 574 558 2541 558 558 
48 2541 558 1198 558 558 1934 558 1531 91 11 2541 2670 558 1934 558 558 558 558 
50 418 558 916 558 91 558 558 91 558 1498 558 558 2541 558 91 2871 
51 558 1198 558 558 558 558 1498 558 558 558 558 558 558 450 558 222 11 
52 922 241 558 558 558 558 558 328 558 508 558 8 558 558 558 
53 558 558 558 1593 644 558 558 539 558 619 1594 558 558 558 558 2716 558 
54 558 558 558 558 558 558 558 120 2541 558 558 222 2161 249 558 1593 558 
56 558 558 558 558 558 558 558 558 558 558 558 558 876 558 
57 558 558 558 1498 558 2541 558 558 558 249 249 558 558 558 558 2819 
58 558 558 2541 2541 558 1826 1498 558 558 2541 558 558 249 558 558 558 
59 558 558 1498 558 558 558 558 47 1207 558 508 558 558 2541 558 2819 
60 558 558 558 558 558 558 1498 558 558 2541 558 558 2268 558 558 2844 558 380 
63 47 2541 91 558 194 558 558 497 558 558 558 558 558 558 222 558 
64 922 2541 1198 558 558 558 11 1498 558 558 2541 558 1344 558 558 558 558 2541 228 
65 558 5 1934 558 558 38 91 47 558 1198 47 11 558 
66 558 2278 1593 51 558 11 558 558 558 276 558 558 91 558 1593 222 
67 558 558 558 558 558 1826 558 558 1498 558 558 558 
68 558 558 558 558 2541 558 1198 558 558 558 558 222 1934 558 558 228 
69 5 1934 558 558 558 558 558 558 558 558 222 558 558 558 558 222 146 2819 
70 558 47 558 558 558 508 558 264 11 11 1593 558 558 558 558 228 
71 558 1498 2987 558 228 2541 558 1234 558 558 558 11 558 
72 558 2541 558 558 558 558 558 558 558 558 558 276 558 558 1934 2757 
73 558 558 1198 1198 241 1498 558 558 558 558 558 558 558 
74 558 558 222 558 1198 228 264 558 558 558 558 2541 558 558 
76 558 1978 508 
77 558 558 2987 1344 558 2541 558 558 558 558 228 1234 922 558 558 558 
78 558 2541 558 558 1934 190 558 558 558 558 249 91 222 558 558 922 2819 228 
79 249 2541 558 11 228 558 91 558 558 558 558 47 558 228 228 228 228 
80 558 558 2541 1512 1058 558 91 558 328 558 11 558 558 558 91 558 
81 2541 558 1593 558 558 2670 558 558 1934 558 558 558 558 558 558 2459 222 222 558 
82 1234 1826 249 558 558 2541 558 1900 558 91 2541 1934 1498 558 558 558 558 558 
83 558 558 558 558 558 558 2541 558 558 558 558 558 1429 558 222 228 
84 558 2541 558 558 228 640 558 91 1498 228 558 
86 558 558 558 2541 558 172 373 558 558 558 
87 249 558 558 558 91 1593 558 11 558 558 6 558 558 558 222 
88 373 2541 558 558 558 558 558 558 558 558 558 558 558 91 11 
89 558 558 539 241 558 11 558 558 558 558 11 558 558 80 167 558 276 558 228 
90 523 1198 1058 249 1593 558 558 558 558 1593 167 228 558 558 558 
91 558 558 558 558 558 558 558 2541 975 558 2819 558 
92 501 146 558 558 8 558 558 1234 11 558 1198 558 558 558 558 558 91 
94 558 558 558 2541 558 146 558 558 558 2584 39 619 558 558 558 558 1198 558 558 
95 558 574 508 558 86 558 222 558 558 558 222 558 558 
96 558 558 558 2320 1498 558 558 276 558 558 558 344 558 558 
97 558 1934 558 558 558 558 2541 558 558 558 558 264 558 222 2819 
98 1826 558 558 222 558 282 558 558 558 1934 2907 558 558 558 222 558 558 
99 558 8 558 558 558 2278 558 477 558 2670 2541 222 2161 558 558 228 
101 558 558 558 558 228 91 558 558 558 558 264 558 
103 558 558 558 558 1198 558 558 508 91 1198 558 558 1429 558 558 558 558 
104 558 1593 558 558 558 558 558 558 558 1344 558 558 558 558 558 558 558 
105 558 558 91 1832 558 558 558 2161 222 558 5 558 558 
106 558 702 276 558 2541 558 2088 1198 558 120 558 11 151 558 2541 558 558 558 222 
107 558 558 558 558 558 2757 1498 1593 100 1058 1198 558 146 558 558 
108 558 47 558 558 558 1284 1198 2541 558 558 558 276 167 558 558 328 
109 558 558 558 558 91 39 1593 558 558 558 558 228 558 558 558 1593 558 558 558 
110 1978 558 264 222 558 558 1601 232 558 2541 558 
111 558 558 11 558 2011 2541 558 558 558 558 558 558 558 11 558 558 558 
112 558 558 2541 558 1198 558 558 558 558 450 558 558 558 624 558 380 558 
113 558 558 91 558 558 558 1429 558 1934 1934 558 558 558 91 
114 222 558 1198 558 558 558 558 558 558 1284 228 1934 39 558 558 2161 558 
115 2682 558 249 558 558 2757 558 558 1561 558 558 2819 
116 558 558 2541 1198 53 558 969 558 558 558 558 1058 558 1034 91 558 558 558 558 
117 2541 153 558 558 558 558 51 558 558 558 558 558 1593 558 558 558 646 
118 75 2335 373 558 2541 558 100 1058 558 558 276 1934 222 558 558 380 1006 
119 1198 558 558 558 1498 558 558 558 558 558 437 222 558 2819 558 
120 1388 558 558 558 558 558 558 558 8 558 47 558 1593 558 558 523 205 
121 558 558 5 1593 558 558 558 222 558 558 558 190 558 
122 76 558 558 1593 558 91 558 1593 558 558 1593 558 8 558 
123 11 558 558 558 558 558 2541 558 558 558 276 
124 1356 558 276 276 558 47 11 558 
125 558 91 558 558 558 276 558 228 558 1220 558 558 558 558 8 558 558 
126 429 558 11 558 558 558 558 2662 558 558 1934 558 558 11 558 2541 2819 558 
127 558 558 1593 2541 1934 558 558 146 558 558 558 558 2541 1500 1198 11 
128 38 1593 2541 558 11 276 558 558 1198 276 558 558 558 264 558 
129 2541 222 558 811 558 558 558 11 91 558 558 558 380 
130 222 1325 558 558 222 558 558 558 558 222 558 558 558 222 11 558 
131 558 1934 2541 558 2588 558 558 558 558 62 558 558 558 558 558 222 264 558 
132 558 558 276 558 558 558 76 558 558 1593 558 1934 558 558 
133 228 558 86 558 558 76 558 558 
134 228 558 558 558 558 558 558 664 558 2278 558 558 151 558 558 228 380 
135 558 558 2541 558 276 558 558 47 558 151 2161 558 5 558 
136 1572 558 558 228 2670 558 91 558 222 558 1775 558 276 558 558 
137 558 558 991 558 1198 558 558 1498 558 282 62 222 1593 558 11 100 
138 1934 558 558 558 558 167 558 558 
139 40 8 558 558 47 558 558 1593 558 558 1198 282 558 558 558 2819 
140 1034 558 558 2088 2541 1934 558 91 264 558 558 120 2987 1561 1428 
141 558 558 222 558 558 1934 558 558 558 558 624 53 558 558 1593 558 
142 558 2672 167 558 91 558 558 558 558 
143 558 276 558 558 146 2541 558 151 558 558 558 558 558 222 558 558 558 558 558 
144 558 2541 558 
145 2397 276 558 558 558 33 558 558 558 786 558 558 91 558 
146 558 558 558 8 558 1344 1593 1593 558 558 1823 2161 558 558 
147 558 574 558 558 558 222 558 91 2541 1198 558 558 558 8 39 558 558 558 558 
148 2541 558 991 558 558 558 8 1344 276 558 558 91 11 
149 558 558 558 558 558 558 1325 2541 558 558 558 558 2541 558 558 558 
150 558 323 558 558 558 558 558 2541 558 222 558 433 228 558 644 558 558 11 
151 558 558 558 558 558 558 644 558 1198 558 558 222 2541 558 558 
152 2541 40 558 558 1498 264 558 1198 241 558 558 558 2541 558 1593 2819 222 
153 276 2541 249 558 558 558 558 1198 558 2541 264 558 47 558 558 228 
154 1593 471 558 2278 558 91 558 558 558 249 558 
155 1344 558 558 558 558 497 2320 558 558 85 228 34 558 91 558 558 558 
156 558 2541 558 558 558 11 228 558 558 91 228 558 558 558 1531 558 
157 558 558 2541 558 558 558 797 558 558 2541 276 558 558 11 558 2819 558 
159 1121 1234 2335 2541 2278 558 558 558 558 558 558 558 2541 558 2460 558 558 558 
160 11 558 558 558 558 1934 2541 558 558 558 558 558 1070 558 558 558 3018 222 
162 2541 558 558 558 558 558 558 
163 558 558 558 558 2541 264 5 493 558 558 558 264 558 249 558 
164 11 2541 2541 558 276 558 558 558 2541 1593 558 558 1593 558 558 558 5 2819 
165 558 2541 558 558 1198 558 558 558 558 487 558 146 228 
167 558 558 2278 558 558 1344 2819 558 1934 558 558 1070 558 558 
168 1058 558 2157 2541 558 692 558 11 558 558 558 222 146 558 
169 558 558 558 558 2161 558 228 1498 558 558 558 558 558 558 558 
170 1034 558 1593 558 8 558 508 558 2541 228 558 558 558 2541 558 558 1978 
171 558 508 558 558 558 558 558 276 558 558 228 1402 508 558 558 228 
172 558 558 558 2541 558 47 1344 120 558 62 1344 558 558 1344 558 558 558 
173 558 146 2541 558 558 558 276 558 1593 558 558 1198 222 
174 558 558 558 558 2541 91 558 558 1498 991 558 558 
175 1344 558 1593 1498 558 558 1593 558 558 558 558 151 558 47 2819 
176 558 558 558 2541 558 558 558 264 558 167 558 558 558 558 2161 558 558 
177 558 228 11 558 558 11 264 558 558 558 976 558 222 2278 5 1593 7 558 558 558 
178 76 2541 558 558 194 1934 1498 1498 558 558 508 558 558 558 558 558 558 
179 2541 558 558 558 558 228 11 2541 558 493 558 276 222 558 558 
180 558 1344 2161 1344 558 558 2541 558 558 2588 558 558 276 276 558 
181 558 1593 2541 222 222 276 558 508 558 1934 558 558 91 558 47 558 558 179 
182 51 558 195 146 558 2819 558 
183 558 702 558 2161 487 249 558 558 276 
184 2541 558 5 558 558 558 558 558 1498 558 276 558 558 11 222 508 558 
185 558 2161 558 558 558 1154 91 1934 644 558 558 1990 493 558 558 558 
186 91 558 11 558 1593 11 264 222 558 558 558 558 558 558 508 558 
187 558 91 1069 558 76 558 76 222 276 228 120 11 
188 276 276 1058 558 1769 558 558 1593 558 91 166 558 558 558 558 2819 1006 
189 276 558 1934 558 558 558 222 166 558 558 558 558 558 2161 558 5 
190 2515 806 558 5 558 2320 558 558 1207 1070 558 558 558 2204 558 624 558 558 
191 558 2541 2541 558 146 249 222 558 558 129 558 558 558 558 91 558 558 
192 558 991 558 1561 1498 222 558 1909 558 228 558 558 558 558 11 
193 558 11 558 836 100 1223 558 558 558 222 558 558 2541 11 558 2819 
194 558 1121 558 558 1325 558 558 558 1593 1344 558 228 2819 
195 558 276 922 558 558 1344 1198 558 558 558 558 558 558 558 558 91 558 1234 
196 558 2541 558 558 558 
197 1058 558 228 47 558 558 558 558 587 1058 558 91 558 264 558 558 558 558 
198 558 558 644 558 558 558 558 558 558 558 558 558 558 558 
200 558 558 558 11 558 558 91 558 558 558 558 11 558 228 
201 558 558 222 2541 558 558 
202 558 558 558 558 558 558 558 558 558 558 558 
203 558 164 558 558 558 228 2926 1884 1198 558 
204 558 558 2541 1498 558 558 558 264 558 558 558 558 558 558 
205 222 558 558 558 558 
206 5 558 558 558 558 558 558 558 1198 558 1500 558 558 146 222 558 
207 558 558 558 91 558 76 1593 558 558 558 558 558 558 558 558 91 
208 1121 702 11 558 558 558 558 2278 558 558 1498 264 558 558 276 558 276 558 558 
209 558 558 523 558 11 558 558 558 558 558 558 558 558 558 558 558 558 558 
210 2088 558 222 558 146 558 558 558 437 146 558 558 558 
211 558 228 558 558 558 558 264 558 558 
212 775 558 11 1934 558 143 558 222 3018 1220 222 674 2161 47 
214 558 558 558 558 558 558 558 558 558 
215 1847 558 1512 558 558 558 373 558 558 558 
216 558 558 11 47 1498 558 2541 558 558 558 558 558 558 558 1428 558 
217 2541 558 2161 558 558 558 1498 558 558 1934 558 558 558 558 558 
218 558 558 558 558 558 558 222 11 558 558 558 558 2819 1593 
219 558 146 558 2541 558 558 558 558 558 249 2460 558 558 
220 558 558 91 558 2011 558 558 558 558 558 
221 2088 373 558 558 558 47 558 11 558 558 47 558 91 
222 1593 117 508 1572 558 558 1593 558 558 558 558 558 264 558 558 
223 1344 2161 558 241 91 1531 1593 558 276 558 558 11 558 1593 558 380 
225 418 558 2320 1521 558 558 539 276 47 374 558 667 558 
226 1593 11 558 1344 1593 1498 1521 558 47 558 558 11 558 558 
227 91 2161 558 1207 558 558 558 558 558 2811 558 558 1593 558 
228 558 558 558 558 558 558 558 558 2515 558 228 1934 2819 
229 418 558 558 1498 91 1593 2670 558 558 222 91 558 11 2161 558 91 312 
230 558 222 558 558 558 558 558 558 558 2670 558 2541 558 558 380 
231 558 558 1198 624 558 558 558 228 558 558 558 558 558 558 
232 558 558 232 558 222 558 558 558 1498 558 558 1598 558 558 47 558 558 558 558 558 
233 558 276 228 1601 558 558 558 558 2541 11 558 558 810 558 558 558 
234 558 146 1593 558 558 558 624 558 11 558 1593 
235 558 558 1593 558 558 558 2541 222 1207 558 2099 1733 558 558 
236 558 2541 558 228 558 194 558 51 558 558 558 558 558 558 558 558 624 558 
237 2011 11 558 558 1198 684 923 558 558 775 558 558 344 1934 558 1198 
238 558 558 991 558 558 558 558 558 558 2541 558 667 558 8 1934 151 
239 702 2541 558 558 558 1234 558 558 976 558 558 91 1498 558 558 
240 558 558 2541 276 558 558 558 558 172 558 646 1198 276 558 558 
241 558 558 558 558 86 11 11 1934 558 2819 
243 146 558 2278 558 558 222 2541 558 558 558 264 1934 558 2541 249 558 146 558 
244 558 975 2541 558 558 146 1934 558 558 222 702 205 558 558 1934 558 276 1198 
245 558 558 11 558 558 558 702 91 558 11 222 91 558 47 222 
246 11 276 47 749 558 2926 558 2541 2541 558 558 558 558 558 
247 558 558 558 558 2541 2819 11 2815 558 558 558 11 558 264 2819 558 
248 558 2541 558 91 11 558 558 558 558 558 558 558 558 558 558 558 
249 558 558 558 91 558 558 264 276 2541 1198 558 222 558 558 558 1932 558 558 
250 2541 228 222 558 558 558 1198 558 558 2541 222 558 1034 558 558 558 558 
251 228 558 1198 558 558 558 558 1934 558 558 558 558 558 558 222 
252 558 558 558 276 1593 195 11 558 
253 558 558 558 99 228 558 280 
254 32 1344 558 228 558 558 2541 558 558 2011 558 558 
255 2541 558 2278 1593 558 558 558 558 558 558 558 1593 558 222 
256 2541 1220 558 2011 558 558 558 2541 558 558 
257 11 558 558 558 1198 1257 2541 558 558 146 558 558 
258 558 558 2541 558 1826 433 558 558 558 558 91 558 8 11 
259 2278 290 558 2541 558 558 558 558 558 558 
260 558 91 558 558 11 558 222 558 2541 467 558 558 558 558 2541 11 
261 2541 558 2541 282 1934 558 2541 558 151 146 558 2541 558 558 151 
262 558 558 1932 2541 558 558 558 558 2541 558 558 2541 558 241 558 2987 
263 2541 167 558 558 1826 558 558 558 558 558 
264 167 2541 222 558 558 558 2541 
265 558 558 558 558 558 1344 2541 558 558 558 558 2541 558 558 1325 922 558 2757 
266 558 2541 558 558 558 558 558 91 558 558 558 558 558 323 558 
267 558 558 558 558 558 558 167 11 558 558 1593 558 558 558 
269 558 558 558 228 558 2541 558 558 558 222 558 558 558 558 558 558 
270 222 558 1593 558 558 558 558 558 1884 558 558 558 558 222 1934 558 
271 558 11 1198 558 558 558 558 558 508 558 1344 1593 228 558 264 558 
272 558 558 1058 228 558 558 1593 
273 558 1498 91 1826 558 2011 558 558 558 222 558 11 558 558 558 
274 558 2541 558 558 558 558 558 558 558 1498 47 1344 1429 1593 1198 558 558 
275 558 2088 1344 1593 558 2541 228 167 558 276 91 91 33 558 91 
276 1058 558 2541 558 194 276 2670 2541 558 558 558 222 558 
277 1429 558 558 91 222 558 558 558 558 558 558 558 558 222 
278 558 558 146 558 558 558 2541 1198 558 276 558 558 558 558 558 558 
279 558 2300 2926 558 574 1198 558 558 558 558 222 558 558 558 1884 558 
280 558 558 558 558 558 558 558 558 1198 373 1769 1934 249 1234 558 276 558 
281 558 222 558 11 558 558 2541 558 558 2631 558 558 558 249 2819 
282 558 558 276 558 558 558 523 2987 558 558 558 558 558 558 558 558 11 558 2541 558 
283 558 558 558 558 222 558 558 624 558 558 264 2819 
284 222 2541 558 91 558 558 558 558 558 558 1070 558 222 
285 558 558 2926 558 146 558 222 558 264 558 222 222 558 1593 558 558 228 
286 558 558 558 91 558 558 
287 8 558 558 558 558 558 1356 1207 558 558 558 558 558 558 2819 2819 
288 222 146 2335 47 228 1909 558 2088 1498 2541 558 8 558 558 558 558 91 2051 
289 558 558 2541 11 558 558 558 1344 558 558 241 558 91 558 558 
290 558 558 558 558 120 574 558 1934 558 558 
291 558 558 558 51 558 969 558 1593 558 558 558 558 558 558 
292 558 558 1593 5 558 11 558 146 558 558 558 33 558 558 558 2541 558 276 
293 2276 558 228 558 558 558 558 558 11 1716 558 558 
294 558 558 558 1593 558 558 146 558 558 558 558 558 558 558 
295 5 2278 47 558 558 558 558 558 172 558 1428 558 558 558 2819 
296 876 558 1498 558 558 558 558 558 558 1593 558 558 2161 276 222 114 2819 
297 558 558 222 558 558 558 228 558 558 558 1344 558 228 558 1593 
298 558 558 558 1934 558 991 558 558 558 558 264 558 222 2948 2161 558 558 
299 222 558 1593 558 2541 558 558 801 1290 
300 558 1593 2541 2278 558 558 558 558 558 558 1070 558 558 558 558 2541 91 222 1934 558 
301 558 1344 558 991 558 558 558 558 1344 558 558 1593 558 558 2819 
303 146 558 558 558 2541 558 558 558 558 222 558 558 558 558 2541 2819 380 
304 558 558 558 558 51 558 558 558 558 558 558 558 2541 558 558 558 228 558 
305 558 558 222 76 2320 558 558 558 558 558 558 2819 11 
306 11 2541 1593 1593 558 558 558 558 558 558 2670 558 558 558 558 558 
307 1932 558 249 222 100 1498 2819 276 276 11 558 1934 44 558 276 558 558 2819 
308 558 276 558 749 558 558 2541 86 
309 2541 558 558 222 558 558 558 558 558 120 558 558 587 558 558 
310 558 558 558 558 1198 558 1284 1344 167 558 241 2161 91 558 558 
311 558 558 558 749 558 11 2541 1344 558 2819 1198 
312 2815 40 558 558 558 558 2926 558 558 558 264 1593 2541 558 558 276 
313 558 524 558 2541 558 558 558 1284 558 558 558 276 264 
314 702 222 558 558 558 1934 558 222 558 558 558 558 146 1934 558 558 558 
315 558 1344 539 558 558 1344 558 11 2541 558 558 558 558 558 558 
316 558 91 644 8 558 91 40 558 558 558 1593 1593 91 558 276 558 
317 249 558 558 1498 2819 558 558 558 922 276 1198 2819 2819 
318 702 558 558 558 558 558 558 558 276 2541 228 264 1198 558 558 
319 276 558 558 558 558 2541 558 1070 558 558 558 558 2204 558 1788 558 558 
321 1932 276 2335 2161 11 558 558 558 2541 558 558 797 558 11 558 249 558 2183 558 
322 4 249 2757 241 1531 558 558 558 558 1593 558 558 558 
323 558 558 1934 558 11 
324 44 146 558 558 558 558 558 62 558 558 228 558 1344 558 11 
325 558 558 558 1058 2541 558 2541 120 264 558 558 558 558 558 558 2819 
326 558 558 11 222 558 558 146 2819 558 
327 276 558 558 2541 558 558 558 167 264 558 47 1934 558 2161 380 
329 558 558 558 558 558 2819 558 558 558 558 91 558 558 558 222 2819 
331 558 2978 558 1593 91 558 558 558 558 228 477 558 558 91 558 558 
333 558 1932 222 1198 222 558 558 2541 1284 2455 1198 120 1732 47 1356 489 450 558 558 
334 558 1344 558 558 558 558 1498 558 558 91 558 558 558 558 
335 558 558 276 2541 558 228 558 558 558 558 558 276 558 558 558 
336 374 558 2541 558 558 558 558 558 558 222 558 558 558 558 558 558 
337 558 558 1826 2541 558 558 1934 558 558 558 1058 5 558 1601 1593 587 2802 2539 2819 
338 558 1344 5 558 558 558 558 558 558 558 558 558 146 558 2819 
339 222 1325 558 558 264 558 450 558 558 1932 558 228 558 11 
340 2011 558 558 558 558 558 558 1593 558 558 558 558 558 558 558 558 558 
341 558 2541 558 2541 558 558 558 558 264 558 558 558 558 2541 222 2541 558 558 558 2819 
342 558 558 1198 222 120 1198 558 558 558 558 558 1344 558 558 11 
343 558 558 373 558 558 558 91 558 558 558 31 558 558 558 1198 558 558 
344 558 222 8 41 558 558 558 558 558 558 558 558 2419 558 228 91 558 
346 222 558 2444 558 558 558 558 558 146 558 47 150 558 558 558 558 558 
347 222 558 1198 558 558 558 558 2819 558 558 558 558 558 558 222 
348 1058 986 1498 558 8 558 222 558 558 558 558 558 558 2819 
349 11 558 146 923 558 558 558 558 276 450 558 558 558 558 558 222 2819 
350 558 2161 558 2541 558 558 558 2757 558 1198 558 1934 2541 1593 558 558 1884 558 380 558 
351 241 558 365 146 558 51 558 2541 558 558 558 1934 249 
352 558 558 558 558 5 1498 558 558 1034 558 276 558 558 558 264 2819 
353 558 558 558 558 558 11 593 1498 558 558 558 558 91 558 
354 2541 558 558 1593 558 558 558 624 558 558 558 
356 2115 558 558 558 558 1198 558 558 558 276 558 558 558 558 558 
358 11 228 558 1934 574 558 2541 558 1448 558 558 558 558 222 558 558 2819 558 
359 558 558 558 344 558 558 11 558 558 2541 222 276 558 558 146 558 2819 
361 558 986 558 2541 558 558 2541 3065 276 558 558 558 558 558 
362 558 558 558 222 1365 558 1561 558 2970 558 
363 558 558 558 11 558 264 558 1396 2757 558 558 558 558 558 
364 558 558 2541 558 1198 558 558 467 373 558 558 558 558 558 558 276 558 264 91 
365 558 558 558 205 558 11 11 264 558 558 558 558 558 249 264 558 558 228 
366 558 1198 558 558 558 2541 558 11 1198 558 558 150 558 276 558 558 624 558 558 
367 418 558 222 5 2541 1934 624 228 1593 558 1593 558 558 558 558 558 558 558 558 
369 241 8 146 558 11 222 797 558 1593 558 644 558 558 558 1934 
370 558 558 2672 558 558 1826 558 228 558 11 558 558 558 558 558 2541 558 558 2819 
371 558 558 222 2278 241 558 558 558 558 1593 558 558 91 558 587 558 
372 8 558 1429 51 91 558 2757 106 558 558 558 558 786 558 508 558 
373 2541 1058 558 120 558 558 1198 1198 558 1593 558 2541 222 2161 558 32 
375 558 558 1198 558 264 146 53 558 558 558 558 91 558 558 558 1234 228 228 
376 558 558 146 76 91 222 558 558 558 228 558 91 558 86 
377 249 558 558 558 558 558 558 249 558 558 31 
378 276 2300 558 558 1498 558 2862 558 558 2541 558 558 91 276 558 11 558 276 
379 558 1593 558 558 558 2541 558 558 1198 558 1198 558 323 558 558 922 558 558 
380 264 1449 558 558 2541 558 558 558 264 2819 91 
381 2541 558 558 558 264 558 
382 558 558 558 558 558 91 558 558 558 1593 558 558 558 558 91 
383 2541 558 2541 558 222 558 2541 558 51 558 558 2541 47 2849 558 558 1593 558 
384 558 1932 2161 558 2541 558 558 146 558 149 558 1449 222 1990 558 
385 2500 558 2771 558 11 558 558 558 558 558 558 558 558 47 381 558 
386 558 11 558 558 222 2541 558 558 53 558 558 690 558 91 558 276 264 1593 558 
387 558 381 558 558 2565 558 558 558 558 558 228 558 
388 558 158 558 558 11 558 1498 558 558 558 558 558 558 558 558 558 1530 
389 11 1594 558 558 2541 558 558 558 558 1344 558 558 558 33 558 558 558 558 
390 558 558 558 558 558 558 558 558 558 558 558 1344 558 2819 558 2819 
391 255 91 558 530 228 558 558 558 558 1058 1234 1593 558 558 558 1934 47 
392 558 249 1593 276 44 328 558 558 2541 558 558 558 276 222 249 249 558 
393 558 558 2541 558 558 558 
394 558 1198 558 2088 558 558 2541 167 558 150 222 558 450 1034 558 558 558 1344 2819 
395 1593 2815 558 558 692 376 558 276 100 558 
396 8 1512 991 558 1934 558 222 1058 558 47 558 558 558 2539 558 558 1593 228 344 558 
397 558 2541 508 558 558 1498 558 558 558 558 558 558 222 558 558 558 228 
398 1593 2541 91 558 558 11 558 558 558 558 91 558 1198 
399 1058 558 562 2541 558 558 558 558 8 558 558 558 558 558 222 
400 2541 558 558 558 2320 558 558 558 85 558 558 39 558 323 922 
401 51 558 558 2088 2541 558 558 1601 558 558 976 558 558 1593 222 558 1198 91 
402 558 558 558 558 558 558 558 1058 437 558 558 
403 276 222 558 11 558 558 249 264 558 150 558 558 558 558 376 222 
404 558 558 2541 2161 62 1429 558 222 558 558 558 558 190 558 
405 558 1198 558 558 558 558 558 558 558 222 558 558 558 2819 558 
406 558 558 558 558 558 558 11 2161 
407 558 558 558 558 558 558 167 558 558 558 558 558 558 2819 
408 558 2541 558 558 558 558 558 558 558 91 558 558 2515 8 558 558 558 
410 2011 558 1593 624 558 558 558 558 558 558 558 558 
411 558 276 228 558 99 1198 558 558 558 558 558 2541 558 558 
412 558 558 558 558 558 558 558 11 1733 91 558 558 558 558 11 558 
413 276 2011 558 558 558 11 558 11 558 558 11 437 558 558 558 558 
414 558 558 558 222 558 2541 558 228 558 558 558 558 228 558 558 
415 418 558 558 558 558 558 249 558 558 2541 558 558 558 558 558 1934 558 
416 276 2278 558 558 1234 558 558 558 558 228 558 558 558 558 
417 222 2862 1934 558 558 91 558 558 558 558 
418 558 558 558 100 276 558 558 558 276 263 558 1934 558 276 380 
419 558 558 558 558 558 2541 222 91 558 558 558 558 558 222 558 11 558 
420 558 558 558 2541 558 558 558 558 62 558 558 1011 1934 39 249 228 
421 558 558 167 558 1284 1234 558 558 558 558 276 1344 146 222 922 
422 1198 1498 558 1284 558 558 558 558 558 558 558 222 2757 558 2460 
423 558 558 1429 558 558 1826 190 1207 558 91 558 558 558 558 2819 
425 264 2115 558 1402 558 2541 558 62 91 228 2541 2541 558 264 554 558 2819 
426 8 1198 991 558 558 276 558 2541 558 1934 1198 558 558 146 558 558 
427 558 558 558 179 2541 558 1058 558 91 558 53 558 558 477 558 1198 
428 264 51 2541 2541 558 558 558 11 222 558 276 11 
430 694 558 76 558 558 558 264 129 664 558 558 558 1198 222 2541 558 558 
431 558 558 558 558 120 558 558 558 241 558 558 2088 558 91 222 558 558 558 558 
432 558 558 558 1531 11 558 1198 1594 558 558 558 508 558 558 558 2819 
433 558 558 2157 1633 558 558 558 558 558 558 558 91 558 1934 1198 558 
434 558 558 264 558 222 558 558 2268 558 2819 558 
435 508 558 558 558 558 222 558 558 264 558 558 1034 558 558 558 558 558 
436 264 558 558 558 222 1344 558 558 2819 558 11 
437 558 228 558 194 558 558 558 558 558 228 558 558 53 558 228 33 558 323 222 1198 
438 146 1932 644 1344 558 558 2541 558 558 558 1121 222 558 558 
440 2088 40 222 644 2541 91 167 558 558 558 190 558 558 1429 2636 91 
441 558 558 558 558 2541 2541 558 2541 1593 558 558 558 558 2970 2819 558 11 558 
442 558 1344 558 249 558 40 558 558 558 2541 1498 264 558 558 558 11 7 
443 558 558 558 558 1826 11 558 558 558 1058 558 558 558 11 222 558 222 558 2819 
445 2541 558 1198 2541 558 506 2541 558 558 558 558 558 146 450 558 558 558 558 558 
446 558 558 8 2541 558 146 558 2541 276 558 558 558 11 91 2757 558 558 
447 2541 558 558 222 558 2541 558 558 558 558 558 558 558 558 276 558 2819 
448 558 1344 1593 1198 558 558 2819 558 558 558 558 558 91 558 
449 558 558 558 558 1593 558 1934 264 1198 558 558 558 558 558 
451 558 2541 558 146 558 558 558 1058 2819 2819 
452 558 558 558 1934 558 558 276 558 558 558 646 558 1344 2460 558 
453 8 558 558 558 222 558 558 558 1223 558 76 558 558 558 558 11 1593 558 11 
454 558 558 1429 558 1826 558 558 558 558 558 558 558 1050 558 558 558 
455 34 471 2541 558 215 558 558 418 558 228 558 558 
457 558 558 558 558 558 2541 558 1344 558 1363 6 558 558 8 558 228 
458 2276 558 1344 2278 558 558 91 558 276 558 558 558 558 558 558 558 
459 1193 558 558 558 558 1884 558 264 558 558 558 558 558 10 
460 558 558 558 2970 558 2541 2541 558 558 558 558 276 558 558 1646 558 558 8 
461 558 558 558 1498 558 558 558 146 558 558 450 558 228 558 558 558 
462 558 222 11 558 2278 558 558 558 558 558 558 
463 558 2066 558 2541 2011 558 228 558 558 558 558 558 558 558 
464 558 558 558 991 558 558 2541 558 2541 1198 558 558 558 558 323 558 
465 264 120 558 1826 558 91 558 558 558 1498 558 558 558 558 558 558 222 
466 558 2541 558 558 558 558 558 558 558 558 558 1593 558 558 558 
467 558 558 5 251 558 558 558 558 558 558 558 644 558 558 2161 
468 558 558 2541 114 1498 558 558 558 558 558 558 1234 558 558 558 558 558 
469 1058 558 2161 91 1934 11 558 1198 282 558 91 558 558 558 558 
470 558 2541 2541 228 558 558 558 1593 228 558 558 922 558 558 228 
471 2276 558 558 2541 1593 558 276 558 558 558 932 1070 558 558 508 
473 2099 1826 558 558 558 558 558 264 276 558 558 558 558 558 
474 558 558 558 558 558 558 5 558 1198 558 264 558 558 
475 2541 558 1531 222 558 1498 2541 558 523 62 558 558 558 558 558 
477 558 2541 558 558 558 558 558 558 558 2161 558 558 91 91 558 558 558 
478 558 558 222 558 508 558 1593 2541 222 558 558 39 558 558 558 558 
479 2541 558 558 558 558 264 558 558 222 91 558 558 91 1198 558 558 
480 558 558 558 1498 558 558 558 2819 2541 1593 1234 2541 1363 2541 558 558 558 
481 558 5 1283 558 558 63 558 1934 558 558 1476 558 
482 558 558 558 558 2592 91 228 558 39 1733 558 558 558 479 190 558 
483 558 872 51 120 558 1344 558 558 558 558 558 1934 2819 558 
484 558 558 558 558 558 558 558 558 2819 
485 264 558 1198 558 2161 558 558 558 2541 558 558 1429 558 624 558 91 558 
486 558 558 558 2541 558 558 558 558 1344 558 558 922 2819 2819 
487 2541 2819 558 558 1498 558 558 558 558 2819 2819 
488 1198 558 450 1593 558 558 1934 558 
489 558 558 558 228 2757 76 1070 558 558 62 
490 264 558 558 2541 558 1198 558 558 1198 558 
491 558 558 558 558 558 558 91 797 558 558 558 558 
492 775 558 558 114 558 47 558 1593 217 91 558 91 558 558 558 1305 
493 222 558 558 558 558 558 558 558 450 1034 558 558 2819 558 
494 228 558 558 558 558 558 558 558 558 558 
495 40 558 91 146 558 558 558 1198 558 150 11 558 190 558 2189 228 
496 558 558 1198 1198 222 11 151 47 1572 558 336 11 922 558 558 558 
497 558 558 558 558 558 47 1498 1570 558 558 91 558 558 222 2541 558 558 558 
498 1198 558 558 558 991 558 558 1498 558 558 91 558 558 
499 558 558 558 2541 558 558 558 1051 1593 558 558 276 558 228 1934 558 558 91 2819 
500 558 558 2011 2541 558 558 558 2541 558 91 558 558 558 558 558 228 
502 2541 558 228 2625 1593 558 558 2278 2320 558 558 91 558 76 558 558 205 
503 53 558 558 11 558 558 558 558 91 276 558 558 558 2987 558 558 1593 
504 558 558 558 558 558 558 558 120 264 558 558 558 249 558 558 558 558 558 
506 1198 228 558 222 1498 1593 558 
507 558 558 558 11 558 1198 558 558 558 558 558 558 587 2541 558 228 558 558 
508 276 222 558 558 1058 558 558 558 33 8 558 222 5 558 264 2819 558 2819 
509 558 222 558 558 264 558 1909 1429 558 8 558 2541 558 558 558 
510 508 222 249 558 376 11 276 558 222 
511 508 558 558 11 558 558 558 558 558 558 558 587 558 558 11 2819 558 
512 558 1934 2541 558 558 437 558 558 1593 558 558 558 
513 558 222 558 558 558 1498 558 290 558 264 558 558 558 976 222 1978 558 558 558 11 
514 558 558 558 558 91 2819 
515 8 558 2300 558 558 146 558 558 558 1449 558 47 558 558 276 558 558 
516 1593 558 228 558 11 558 91 558 558 222 558 558 587 1934 1593 558 558 
517 558 558 2541 558 558 249 558 558 558 558 2757 558 558 558 558 558 2161 587 228 
518 923 558 574 508 558 2541 558 1389 558 228 558 558 558 
519 5 558 222 2541 558 91 558 558 558 558 558 558 558 558 1593 558 
520 558 264 558 558 558 558 558 86 558 558 86 558 786 624 558 1934 
521 558 558 558 47 373 558 2541 11 276 558 489 558 5 558 558 558 
522 264 2515 558 558 558 558 558 264 558 558 558 558 558 
523 1198 558 1497 1344 
524 222 1593 558 558 558 558 232 558 558 558 
525 558 558 1198 558 558 558 558 558 558 558 558 
526 558 558 558 558 1593 1593 558 558 558 558 276 76 558 2880 1601 1785 1594 
527 558 2541 1593 222 558 1198 574 558 558 2088 228 558 222 558 2541 558 558 
528 222 558 2541 558 1058 558 1058 2541 558 2541 558 558 1934 558 558 558 558 558 
529 91 47 2444 1344 5 194 47 1389 11 558 558 558 1344 
530 558 558 558 558 508 558 558 276 558 1934 91 558 558 558 558 558 
531 558 558 40 558 558 2541 558 1934 558 1198 558 558 558 558 558 558 
532 1934 1498 558 8 2541 558 276 558 2541 558 558 558 2541 
533 558 558 2541 558 558 558 558 1613 558 558 558 558 558 1198 
534 558 558 558 558 558 558 558 264 558 
535 8 558 1593 558 257 558 558 558 1593 228 558 222 5 558 558 
536 190 222 558 276 558 558 644 558 558 558 558 558 558 558 86 558 558 
537 558 558 530 558 558 558 328 558 558 1934 558 558 
538 558 558 558 1198 558 558 558 558 167 558 1207 11 558 2819 558 2819 
541 558 2515 558 228 558 558 558 558 558 558 558 1593 558 558 222 2819 
543 558 2541 558 558 1498 558 276 558 2541 558 558 558 558 
544 558 558 2541 1198 558 148 276 8 1198 587 558 558 558 2541 
545 558 558 467 558 558 1498 558 276 1593 558 558 2541 2541 11 558 558 264 558 558 558 
546 558 228 2541 558 11 558 276 558 450 1363 91 558 624 
547 558 558 558 558 558 558 558 558 1284 1934 2541 558 558 558 558 558 
548 120 264 2541 558 558 1593 558 508 558 558 558 2819 
549 558 2541 558 558 558 2541 
550 120 558 1934 228 558 558 558 558 558 558 558 558 1934 228 558 
551 558 558 558 1080 1058 558 558 558 558 558 558 1490 558 
552 702 558 922 558 558 558 558 558 558 91 558 508 558 2541 558 558 323 976 
553 558 558 558 1198 373 264 2011 558 1429 558 222 558 922 558 558 
554 1528 2541 2541 1826 558 558 558 2541 1978 558 558 558 558 558 222 47 558 
555 249 2541 2541 558 558 558 558 558 53 1498 558 1593 558 276 558 2541 558 558 
556 2541 558 558 558 558 558 558 222 558 558 558 91 558 1934 558 228 2819 558 
557 418 558 558 558 558 558 558 2161 558 558 558 558 558 558 558 558 558 53 558 
558 558 51 558 558 558 558 558 1198 976 222 558 8 558 2541 558 228 
559 558 1198 91 558 1498 558 1347 222 2541 558 558 558 172 558 558 2819 11 276 
560 558 558 558 558 558 558 558 11 558 1344 558 11 558 558 558 
561 1593 2541 222 558 222 558 558 33 100 1490 558 558 558 1530 
562 558 558 1058 558 558 76 558 558 558 558 558 558 
563 558 2819 558 558 558 558 558 2541 558 1934 558 558 922 558 276 558 
564 558 2541 558 558 558 2541 222 558 558 2541 558 558 2757 558 2757 558 
565 2210 1198 558 558 558 558 1593 558 1498 228 
566 264 558 558 5 558 558 558 558 264 437 558 1593 558 558 1593 558 
567 558 558 1593 558 558 558 558 558 558 2670 47 558 228 1593 558 228 558 558 558 
569 558 2541 222 91 276 558 558 558 558 558 1220 222 558 380 
570 222 558 558 558 558 558 558 1498 558 
571 1234 558 558 558 558 558 558 558 558 624 558 558 120 558 91 
572 558 91 1531 1198 2670 373 1040 558 558 558 1593 558 1593 1733 558 
573 558 558 558 53 1198 558 558 558 2541 2541 1223 51 558 2455 558 558 558 
574 558 558 1593 558 558 11 558 558 558 558 558 558 5 558 
575 2011 558 222 558 558 558 558 558 558 1154 91 558 558 558 2541 558 
576 1458 2541 558 2541 558 558 558 558 558 1498 2541 558 558 558 11 146 276 
577 574 508 2300 558 222 558 558 120 264 558 558 1788 558 1934 1198 558 
578 558 558 228 558 558 264 1429 558 228 558 558 558 228 228 276 228 
579 558 558 558 558 558 558 558 146 2460 558 558 1034 558 558 1531 
581 558 558 558 558 8 558 558 558 558 558 1593 450 558 558 1220 146 558 
583 558 558 558 1934 558 558 558 91 558 558 558 
584 558 558 276 558 558 91 1344 6 86 558 2970 1884 558 558 558 
585 558 558 558 558 1934 1934 91 558 2086 91 1058 222 558 2970 
586 558 558 558 558 558 558 558 558 558 2541 558 1198 2541 1198 558 91 558 
587 558 11 558 2541 558 558 1593 558 558 249 558 558 558 558 2278 558 558 276 
