62 4 88 4
191 2 23 2
874 2 20 2
1581 5 63 5
653 8 516 7
11 3 52 3
102 4 47 4
532 3 38 3
16 2 34 2
264 3 19 3
54 2 15 2
5 3 68 3
433 3 34 3
220 2 26 2
787 3 35 3
45 4 61 4
570 2 23 2
788 3 48 3
330 4 57 4
162 2 50 2
1492 2 38 2
1993 2 19 2
1021 4 37 4
100 3 17 3
461 2 15 2
1994 3 28 3
2565 4 76 4
183 7 107 6
256 2 24 2
370 3 40 3
2734 2 20 2
164 4 77 4
41 2 19 2
14 3 58 3
92 4 27 4
122 5 50 5
1211 6 74 5
130 3 34 3
21 2 24 2
61 2 14 2
10 4 45 4
667 6 422 6
2078 2 32 2
1249 2 35 2
19 3 38 3
505 2 30 2
535 2 19 2
3 2 111 2
615 3 47 3
2079 6 113 6
1199 2 28 2
28 8 188 6
494 4 182 4
50 4 171 4
1 10 195 8
237 3 19 3
430 3 30 3
235 5 81 5
249 2 29 2
376 4 76 4
125 3 39 3
419 2 52 2
90 2 14 2
755 2 14 2
141 4 79 4
605 2 12 2
1330 2 14 2
1331 10 552 7
574 2 40 2
108 2 22 2
1083 2 25 2
496 4 50 4
678 3 23 3
2552 3 21 3
149 4 43 4
195 4 51 4
4 7 98 5
1084 3 33 3
380 2 10 2
416 2 18 2
39 3 38 3
382 4 45 4
71 2 19 2
209 2 11 2
1332 3 30 3
650 3 49 3
22 2 31 2
425 3 59 3
792 4 60 4
793 6 91 5
794 2 18 2
25 2 11 2
795 2 21 2
400 4 99 4
454 2 27 2
1035 3 22 3
378 2 27 2
707 7 75 6
518 4 139 4
46 2 18 2
479 4 28 4
200 2 25 2
2081 2 11 2
190 14 674 9
40 2 37 2
96 2 55 2
1333 6 98 5
58 21 276 10
602 2 27 2
839 2 42 2
304 3 53 3
1653 3 122 3
1250 3 25 3
2738 4 60 4
1654 4 49 4
373 2 17 2
996 2 17 2
2739 2 13 2
69 9 130 6
636 2 12 2
161 2 37 2
634 3 138 3
635 3 23 3
771 2 32 2
823 2 41 2
2082 3 33 3
840 3 29 3
673 4 34 4
862 2 60 2
241 2 18 2
919 2 41 2
165 2 17 2
918 6 87 5
129 2 13 2
2083 3 59 3
412 2 20 2
2084 3 38 3
2085 2 32 2
1085 2 13 2
1086 2 12 2
1087 2 24 2
2740 2 22 2
2741 4 50 4
389 2 12 2
297 3 59 3
772 2 24 2
7 3 27 3
1441 2 18 2
207 2 16 2
42 5 67 5
104 2 16 2
136 2 32 2
424 2 13 2
354 4 50 4
355 4 47 4
1991 2 30 2
420 2 13 2
768 2 22 2
569 2 26 2
341 3 96 3
336 3 25 3
337 3 34 3
338 5 99 5
339 2 13 2
210 4 56 4
340 5 89 5
277 2 11 2
8 2 10 2
1266 2 36 2
1443 2 13 2
1444 2 28 2
362 2 16 2
647 3 24 3
648 2 13 2
261 3 54 3
1876 5 69 5
2507 2 31 2
363 5 99 5
1877 2 15 2
83 2 12 2
567 2 16 2
2509 3 94 3
969 2 13 2
970 2 15 2
971 5 172 5
1186 2 27 2
174 3 34 3
483 2 24 2
2512 2 21 2
1445 2 22 2
6 3 47 3
232 2 71 2
1173 2 15 2
2514 6 130 5
9 4 44 4
1446 2 17 2
333 2 22 2
1481 3 29 3
1882 8 319 7
290 2 24 2
1174 2 13 2
323 3 20 3
421 2 30 2
1175 2 30 2
1176 3 245 3
18 6 88 5
1177 2 11 2
1885 2 34 2
2521 2 31 2
403 4 27 4
1178 2 14 2
238 2 20 2
266 2 28 2
1886 3 23 3
2523 3 23 3
115 2 17 2
974 2 11 2
306 2 16 2
975 2 18 2
206 2 25 2
718 2 12 2
260 3 69 3
360 2 12 2
32 4 71 4
562 4 32 4
320 2 21 2
2630 2 19 2
1069 2 17 2
154 2 12 2
229 2 61 2
2631 2 30 2
644 2 11 2
23 6 270 6
2634 2 19 2
1909 3 41 3
386 2 78 2
1619 3 62 3
832 3 41 3
516 2 14 2
1910 3 66 3
1073 3 44 3
282 2 12 2
572 2 15 2
715 3 37 3
2026 2 10 2
118 2 50 2
2029 3 48 3
2030 3 31 3
2031 4 101 4
110 2 13 2
881 3 25 3
546 2 29 2
426 3 42 3
1310 3 38 3
599 2 22 2
201 2 18 2
1233 2 15 2
329 5 89 5
830 5 92 5
824 3 112 3
2033 2 19 2
703 2 34 2
704 2 15 2
242 2 12 2
1201 3 192 3
272 3 25 3
1312 3 84 3
325 2 15 2
560 2 20 2
1313 2 12 2
231 2 23 2
137 3 33 3
1521 2 19 2
2068 2 11 2
2719 2 29 2
2721 2 13 2
98 2 16 2
1469 3 29 3
109 2 81 2
170 10 83 6
255 4 101 4
587 2 13 2
563 3 37 3
2076 2 11 2
825 2 35 2
2727 2 39 2
392 5 240 5
604 3 86 3
335 3 30 3
770 3 20 3
251 5 89 5
1650 4 61 4
2077 2 20 2
432 2 32 2
857 4 50 4
982 2 11 2
1651 2 14 2
1652 2 19 2
2735 3 35 3
738 5 39 5
437 2 19 2
438 4 49 4
234 6 119 5
179 2 24 2
439 2 21 2
440 3 46 3
441 2 19 2
442 2 16 2
443 2 16 2
444 4 36 4
436 2 38 2
1329 4 42 4
1082 3 31 3
2080 2 12 2
1002 2 52 2
77 2 16 2
1524 2 17 2
2736 2 19 2
2737 2 18 2
2829 4 32 4
1351 2 29 2
1091 3 121 3
556 3 54 3
1092 3 26 3
163 2 13 2
882 4 70 4
1093 3 28 3
2123 4 67 4
199 3 46 3
710 2 15 2
708 3 62 3
709 2 12 2
328 2 35 2
617 2 19 2
521 2 44 2
925 2 15 2
316 2 63 2
1941 3 114 3
774 2 13 2
1095 2 23 2
1096 2 10 2
1094 2 14 2
1943 2 15 2
359 7 47 5
106 3 45 3
467 4 22 4
893 2 10 2
2842 2 18 2
1006 3 39 3
741 2 15 2
463 3 20 3
1263 2 20 2
1678 3 32 3
2848 4 49 4
2849 3 60 3
2850 2 23 2
2136 3 19 3
1264 6 67 5
188 4 48 4
1680 3 18 3
1681 2 23 2
894 2 71 2
423 2 14 2
1683 5 53 5
2853 3 40 3
89 3 39 3
1476 3 39 3
2138 4 63 4
2855 2 75 2
2856 2 16 2
1684 2 24 2
1508 4 37 4
2908 2 15 2
72 2 15 2
29 2 13 2
1370 14 1331 12
2913 2 21 2
450 5 81 5
451 6 242 6
202 3 53 3
156 3 47 3
445 3 28 3
446 2 20 2
447 3 33 3
448 2 15 2
449 2 29 2
407 3 29 3
2915 3 39 3
731 2 14 2
1700 2 20 2
1371 2 13 2
343 3 36 3
1100 2 21 2
983 2 16 2
864 2 26 2
127 3 40 3
1701 2 31 2
2918 2 17 2
285 2 18 2
2919 2 22 2
390 2 11 2
2183 2 37 2
2921 2 14 2
319 3 19 3
1704 2 13 2
1705 5 42 5
1515 6 50 6
374 6 99 6
1552 3 40 3
677 2 39 2
1280 9 90 6
1937 2 14 2
2187 3 27 3
1281 9 113 6
2927 3 78 3
2928 2 45 2
981 2 35 2
2929 3 41 3
968 2 10 2
2930 2 19 2
1904 2 11 2
2931 3 23 3
346 6 74 5
506 2 20 2
298 2 43 2
1008 2 36 2
843 3 19 3
499 2 21 2
2974 3 31 3
1485 2 14 2
827 2 24 2
2214 6 88 5
2979 2 14 2
2215 3 78 3
1244 2 13 2
2980 2 26 2
1376 4 59 4
116 2 16 2
274 2 20 2
566 3 48 3
2984 2 18 2
744 2 49 2
1957 3 32 3
2991 3 50 3
503 2 13 2
548 2 18 2
300 2 19 2
1952 3 35 3
784 2 13 2
1723 2 21 2
1724 2 23 2
2992 2 17 2
218 2 21 2
1958 2 55 2
2993 2 18 2
65 2 18 2
844 2 11 2
2225 2 43 2
1725 3 26 3
2999 2 17 2
3003 2 12 2
1961 2 47 2
670 2 15 2
1925 4 59 4
3004 2 23 2
597 4 77 4
286 2 10 2
1377 2 14 2
3005 3 36 3
1217 3 73 3
3006 2 16 2
498 2 18 2
2256 2 29 2
2254 2 30 2
2255 2 15 2
3049 3 48 3
747 4 96 4
3050 3 24 3
2261 2 28 2
3056 3 58 3
3059 2 12 2
3062 4 58 4
3063 2 37 2
1966 3 42 3
3065 3 29 3
2267 2 16 2
3066 2 12 2
646 3 39 3
1488 2 18 2
31 4 41 4
2275 3 23 3
1293 2 17 2
1753 3 73 3
196 3 29 3
1291 2 31 2
2278 2 18 2
987 2 12 2
2279 4 37 4
2280 2 14 2
1295 2 66 2
837 2 14 2
47 3 22 3
1245 3 23 3
168 2 13 2
3088 2 10 2
1897 2 20 2
1385 3 63 3
1386 5 122 5
17 4 77 4
1121 2 13 2
2285 2 13 2
2286 3 33 3
3090 2 23 2
3093 2 26 2
1971 14 531 10
3099 2 37 2
1972 3 16 3
1973 2 19 2
3102 2 16 2
1565 2 16 2
713 2 83 2
1205 2 15 2
3104 2 14 2
66 2 13 2
91 4 78 4
1206 5 82 5
3105 2 29 2
3106 6 70 5
466 2 62 2
2342 3 48 3
1553 3 27 3
2345 3 25 3
2348 2 21 2
1791 4 58 4
2352 2 40 2
2353 2 17 2
2354 3 33 3
1569 2 10 2
1136 2 17 2
12 2 22 2
1135 3 25 3
327 3 33 3
2361 2 16 2
868 2 22 2
1571 2 22 2
1222 2 16 2
1803 2 15 2
652 2 15 2
182 2 17 2
1410 4 125 4
2377 3 49 3
1299 2 14 2
1411 2 51 2
1412 2 28 2
1986 2 12 2
1184 3 101 3
2379 3 26 3
1567 2 17 2
2 2 17 2
568 2 13 2
910 2 19 2
900 2 39 2
418 3 62 3
145 2 16 2
533 2 23 2
1809 2 16 2
2388 3 51 3
1811 2 13 2
1572 3 25 3
1813 3 20 3
757 2 17 2
1013 2 11 2
2396 3 31 3
2398 2 16 2
80 3 30 3
1835 2 16 2
2433 3 51 3
962 2 16 2
963 2 30 2
1421 2 105 2
2438 2 41 2
2439 2 17 2
2440 2 18 2
1837 2 11 2
495 2 35 2
1838 2 14 2
1839 2 25 2
51 2 19 2
2445 2 13 2
53 2 23 2
2451 2 57 2
2452 2 39 2
111 3 29 3
212 2 22 2
1158 2 22 2
1004 2 18 2
2462 2 13 2
995 3 89 3
265 2 17 2
293 2 10 2
1431 2 22 2
1432 2 22 2
1161 3 66 3
2468 2 22 2
2470 2 16 2
558 2 14 2
1162 3 50 3
1163 2 74 2
1164 2 13 2
637 2 44 2
1852 2 17 2
514 2 32 2
833 2 31 2
1947 2 18 2
1854 2 15 2
1855 2 15 2
2474 3 30 3
2475 2 12 2
1857 2 11 2
139 3 46 3
531 2 20 2
2477 2 16 2
2478 2 27 2
1546 2 11 2
24 2 12 2
991 2 16 2
1436 2 29 2
1226 5 105 5
1495 3 43 3
2582 2 23 2
1898 2 19 2
1996 2 12 2
1227 3 25 3
1592 2 24 2
1593 5 165 5
1899 4 38 4
361 3 16 3
1998 2 20 2
1591 2 11 2
2595 4 64 4
1457 2 16 2
2597 5 65 5
848 2 89 2
589 2 12 2
1498 2 14 2
581 2 16 2
43 2 19 2
2002 2 13 2
422 2 16 2
315 2 23 2
299 2 12 2
2005 2 17 2
2602 2 12 2
829 2 13 2
2601 2 18 2
2600 2 13 2
821 2 18 2
1597 2 22 2
1596 3 26 3
2550 2 24 2
2609 2 16 2
2607 4 33 4
2606 2 16 2
2013 2 22 2
806 3 49 3
1604 4 246 4
2618 2 21 2
1894 2 14 2
489 2 13 2
1906 2 22 2
173 2 22 2
543 3 69 3
1921 2 17 2
114 2 22 2
2672 2 36 2
1923 4 62 4
2676 2 27 2
1315 3 22 3
2049 2 29 2
789 2 15 2
790 2 19 2
791 3 25 3
79 2 21 2
1031 2 25 2
2688 2 13 2
1321 2 19 2
1322 3 54 3
2687 3 24 3
175 2 11 2
2053 3 74 3
453 2 18 2
469 2 16 2
1516 2 14 2
1637 5 169 5
856 3 31 3
1243 2 30 2
2697 2 22 2
722 4 44 4
1928 2 10 2
1323 4 37 4
1517 2 16 2
732 3 28 3
322 2 13 2
2701 2 26 2
1520 2 11 2
1644 2 18 2
2063 6 116 6
2707 5 167 5
2097 2 20 2
641 2 20 2
1658 2 14 2
2770 2 12 2
2768 2 12 2
1337 2 17 2
278 2 14 2
1338 3 22 3
2767 2 13 2
2766 2 28 2
2779 2 20 2
2780 2 12 2
2778 2 12 2
2777 2 14 2
2776 3 75 3
1257 2 27 2
2551 2 17 2
2787 2 10 2
2103 3 46 3
2786 2 10 2
2784 3 63 3
2783 2 50 2
2108 2 14 2
1344 3 63 3
575 2 12 2
2795 2 47 2
2792 2 77 2
2793 3 140 3
2105 2 10 2
923 2 20 2
465 2 47 2
924 2 19 2
922 3 47 3
287 2 20 2
2802 2 16 2
99 2 25 2
347 4 56 4
1938 4 116 4
1533 2 87 2
2110 3 48 3
2111 2 38 2
87 3 25 3
2809 3 16 3
2810 3 17 3
2114 4 54 4
2807 3 25 3
155 2 22 2
2806 2 10 2
2805 2 15 2
537 2 25 2
2816 2 12 2
2815 2 28 2
2116 2 14 2
1535 2 28 2
303 2 12 2
1939 2 16 2
2820 2 75 2
2872 3 52 3
828 2 20 2
552 2 14 2
1543 3 31 3
717 2 23 2
2873 5 135 5
2876 6 116 5
2157 2 29 2
2874 3 81 3
2878 3 36 3
488 2 13 2
2877 3 24 3
758 2 15 2
1692 2 12 2
1364 2 22 2
1365 2 40 2
898 2 10 2
1363 2 50 2
56 2 15 2
656 2 36 2
2882 2 12 2
743 2 15 2
2891 2 15 2
2889 2 31 2
2887 2 34 2
2888 2 13 2
2886 2 69 2
2885 2 58 2
2884 2 34 2
686 2 13 2
1368 2 14 2
1042 2 25 2
781 2 19 2
1274 3 97 3
1693 2 12 2
2892 2 17 2
585 2 54 2
2896 2 12 2
258 2 20 2
1940 2 40 2
841 3 51 3
211 3 31 3
1478 2 31 2
2194 3 18 3
2192 2 11 2
189 2 17 2
779 2 13 2
2195 3 47 3
2942 2 17 2
2196 2 22 2
2197 2 24 2
2944 3 28 3
2945 2 32 2
1483 2 16 2
222 2 27 2
782 2 17 2
937 4 36 4
938 2 17 2
939 3 20 3
940 2 10 2
941 2 23 2
1010 2 25 2
2950 2 43 2
2948 2 13 2
2953 2 50 2
1105 2 25 2
595 5 140 5
1106 2 56 2
513 2 35 2
1046 2 41 2
2952 2 22 2
723 2 16 2
2198 2 13 2
2956 2 11 2
972 2 16 2
1267 2 21 2
2203 4 132 4
1374 3 23 3
344 3 49 3
144 2 16 2
2201 2 14 2
2958 3 38 3
391 2 11 2
2962 4 38 4
2961 2 45 2
1554 2 17 2
2967 4 53 4
2964 2 21 2
477 2 13 2
2206 2 13 2
2969 2 13 2
660 2 49 2
1484 2 18 2
1953 3 26 3
289 3 32 3
1954 2 13 2
30 2 13 2
1555 2 91 2
2240 2 14 2
2241 2 10 2
1290 2 29 2
1739 3 47 3
3022 6 93 6
2242 3 28 3
3021 2 13 2
35 3 22 3
3023 2 27 2
1210 2 27 2
1562 2 17 2
1740 2 24 2
1109 2 26 2
64 3 23 3
3028 3 34 3
3027 2 26 2
2243 2 12 2
131 2 11 2
1741 3 46 3
1742 2 14 2
3031 2 35 2
3030 2 25 2
275 2 28 2
367 5 59 5
1743 2 19 2
143 2 15 2
3038 2 31 2
198 2 26 2
2244 2 17 2
1744 2 22 2
3036 3 30 3
2245 2 18 2
3034 2 14 2
2247 4 74 4
739 2 38 2
2246 2 11 2
3039 3 29 3
375 2 30 2
2250 3 33 3
3041 3 22 3
716 2 14 2
1745 2 13 2
1746 3 40 3
517 6 268 6
1110 4 71 4
1111 2 75 2
1112 2 16 2
1113 2 18 2
3042 2 13 2
1012 2 33 2
944 3 18 3
3046 2 13 2
1189 2 49 2
1932 2 20 2
1778 2 17 2
1401 3 33 3
2314 3 43 3
1777 3 39 3
583 4 107 4
1776 3 37 3
84 3 35 3
1563 2 13 2
1780 2 18 2
1779 2 15 2
951 3 30 3
1404 2 13 2
1403 3 23 3
762 2 17 2
1460 3 87 3
834 2 11 2
2316 2 14 2
2320 2 85 2
2319 2 21 2
1975 2 27 2
37 4 42 4
2321 2 16 2
1976 2 17 2
1783 2 21 2
817 2 26 2
1405 2 25 2
259 2 21 2
1977 2 19 2
2323 2 15 2
301 2 14 2
1218 4 39 4
2328 6 121 5
2327 4 109 4
2329 2 18 2
1978 2 22 2
624 2 13 2
508 2 20 2
169 2 46 2
1979 4 49 4
2335 3 36 3
2333 2 25 2
676 3 31 3
1980 3 75 3
38 4 38 4
2331 5 81 5
1917 2 12 2
2337 2 13 2
2336 2 20 2
727 2 33 2
1417 3 48 3
2412 2 14 2
1539 5 47 5
2411 2 19 2
674 3 39 3
990 2 13 2
2413 2 13 2
1825 3 32 3
1418 2 11 2
348 2 21 2
68 2 20 2
726 3 24 3
1827 2 19 2
2415 3 38 3
2414 2 11 2
1826 2 12 2
148 2 26 2
1828 2 15 2
1059 2 27 2
913 2 17 2
2417 2 29 2
2416 3 24 3
213 2 43 2
2418 2 13 2
1503 2 43 2
142 2 14 2
121 3 21 3
961 2 14 2
2419 2 32 2
2420 2 24 2
2421 2 56 2
540 3 27 3
1490 4 30 4
1829 2 12 2
1147 3 46 3
1146 2 27 2
311 2 12 2
1547 2 21 2
2422 2 11 2
542 2 18 2
580 2 62 2
1914 3 19 3
2427 2 39 2
471 2 16 2
270 3 63 3
457 2 25 2
1988 2 28 2
1969 3 27 3
2428 4 43 4
593 2 27 2
2423 2 10 2
547 2 14 2
1296 2 46 2
1989 2 19 2
714 2 13 2
1833 3 54 3
1221 4 153 4
1915 2 20 2
618 2 16 2
845 6 128 6
1878 2 11 2
2513 2 52 2
973 3 43 3
902 2 58 2
2515 2 12 2
1566 2 27 2
203 2 14 2
2518 2 15 2
1945 2 13 2
1883 2 17 2
2517 3 21 3
2516 2 36 2
1884 2 21 2
1985 3 22 3
2520 2 26 2
2519 2 12 2
135 2 11 2
1551 2 25 2
1179 3 59 3
2522 2 16 2
2525 2 13 2
2524 2 15 2
2527 2 16 2
2526 3 31 3
590 2 20 2
2528 2 32 2
1447 3 58 3
760 2 15 2
192 4 45 4
2530 4 58 4
2529 2 19 2
592 2 25 2
85 2 18 2
302 2 17 2
1964 2 27 2
1548 2 13 2
1452 2 24 2
1451 2 24 2
2536 2 29 2
2535 2 36 2
1913 2 18 2
1022 3 25 3
885 2 21 2
1253 2 21 2
247 2 16 2
2533 2 12 2
95 2 12 2
2539 3 16 3
1534 4 71 4
2537 2 18 2
1912 2 20 2
26 2 51 2
2028 2 24 2
2027 2 28 2
158 2 11 2
2032 2 14 2
308 2 20 2
633 2 38 2
525 2 13 2
381 2 13 2
2646 2 13 2
1911 2 23 2
120 2 15 2
2648 3 27 3
1505 2 14 2
998 2 56 2
2647 2 14 2
147 2 20 2
600 2 21 2
1311 2 21 2
252 2 12 2
1234 2 15 2
582 3 20 3
2649 2 44 2
2650 2 27 2
501 2 19 2
1916 2 10 2
317 2 14 2
1235 2 59 2
2651 2 12 2
2652 2 20 2
2034 2 14 2
2656 4 39 4
2655 2 12 2
854 2 12 2
2654 2 24 2
2653 2 16 2
728 2 15 2
1314 2 11 2
1202 2 14 2
2657 5 65 5
1506 3 35 3
485 2 21 2
2035 2 13 2
1918 2 18 2
59 2 34 2
749 2 28 2
721 3 22 3
1507 2 20 2
1382 2 26 2
1381 2 21 2
1384 2 28 2
549 2 29 2
1383 3 55 3
387 8 178 7
3067 2 29 2
1496 3 45 3
578 2 14 2
434 2 21 2
2276 2 26 2
3083 2 16 2
2281 2 29 2
980 2 22 2
557 2 33 2
1756 2 31 2
1755 3 76 3
1754 2 15 2
281 2 12 2
181 2 23 2
1946 2 11 2
3085 2 21 2
3084 5 40 5
3089 2 10 2
1040 2 18 2
1758 2 32 2
1757 3 26 3
1272 2 23 2
985 3 27 3
455 3 25 3
1219 2 11 2
3101 2 15 2
3100 2 22 2
3098 3 45 3
3096 4 35 4
3097 2 13 2
3095 3 40 3
3107 2 14 2
2291 2 13 2
3103 2 53 2
3108 3 51 3
2293 2 15 2
625 3 20 3
1766 2 15 2
1764 2 19 2
1765 3 31 3
1459 2 26 2
665 5 52 5
2297 2 29 2
2296 2 19 2
1185 3 24 3
1052 2 15 2
1570 2 24 2
2360 2 32 2
2364 2 21 2
2358 2 27 2
1466 2 28 2
1800 2 17 2
2368 2 14 2
879 2 14 2
1048 4 40 4
2375 3 48 3
497 2 20 2
2383 2 19 2
487 2 17 2
1807 2 11 2
819 3 53 3
519 4 113 4
1187 2 16 2
2390 2 28 2
2389 3 48 3
1810 2 23 2
2385 2 15 2
15 2 18 2
909 3 41 3
1814 2 35 2
1489 4 40 4
2393 3 22 3
2392 5 56 5
2391 2 24 2
204 2 29 2
729 4 168 4
912 3 68 3
1815 5 41 5
1817 4 67 4
1139 2 15 2
720 2 26 2
2399 2 14 2
1558 2 23 2
1143 2 13 2
1142 5 65 5
2401 2 11 2
2449 2 21 2
2450 2 20 2
1842 3 48 3
119 3 24 3
1844 2 48 2
1061 2 18 2
1472 2 44 2
452 2 16 2
2457 2 14 2
1462 2 16 2
1575 3 74 3
2458 3 27 3
2456 2 26 2
979 2 13 2
2463 2 59 2
292 2 26 2
2460 2 13 2
659 2 17 2
1845 3 55 3
2467 3 70 3
1527 2 18 2
1849 2 17 2
1848 2 25 2
2465 2 41 2
491 2 20 2
1853 2 22 2
812 2 42 2
811 3 20 3
810 2 34 2
809 5 103 5
808 2 23 2
776 5 63 5
807 3 102 3
753 3 22 3
93 2 61 2
966 3 28 3
1166 7 68 5
1165 2 16 2
321 2 19 2
2480 2 13 2
81 2 19 2
2479 2 10 2
1435 2 16 2
236 3 27 3
2476 2 25 2
67 2 11 2
140 3 34 3
2482 3 55 3
702 2 19 2
1858 2 22 2
639 2 26 2
638 2 16 2
429 3 33 3
1246 2 19 2
2485 2 28 2
2484 2 48 2
268 2 12 2
2487 2 47 2
1580 2 23 2
208 3 38 3
2559 3 54 3
171 3 26 3
1582 2 12 2
1583 2 36 2
1588 2 28 2
1587 2 88 2
620 2 14 2
493 2 10 2
1586 2 15 2
1064 3 19 3
745 3 18 3
661 2 17 2
2583 2 37 2
1997 2 14 2
2581 2 33 2
2580 2 46 2
2579 2 14 2
2578 2 17 2
2577 2 23 2
1900 2 37 2
1999 2 15 2
820 3 43 3
1595 2 17 2
1594 2 25 2
2588 2 18 2
1192 2 16 2
134 2 21 2
1497 2 17 2
1901 2 26 2
2594 2 17 2
2593 2 43 2
2001 2 16 2
2592 3 38 3
994 2 20 2
1023 3 56 3
2598 2 29 2
630 2 25 2
629 2 17 2
628 2 26 2
627 2 14 2
250 2 20 2
632 3 49 3
631 2 15 2
456 2 20 2
2596 2 21 2
1903 2 15 2
1902 2 11 2
1194 2 11 2
662 2 16 2
719 3 17 3
2603 3 24 3
2004 2 18 2
2003 2 12 2
1599 2 22 2
1598 2 12 2
2608 4 90 4
1600 2 11 2
1195 5 62 5
2008 3 23 3
2605 2 19 2
2041 2 51 2
2662 3 33 3
601 2 12 2
2039 8 127 8
883 2 13 2
1076 2 30 2
1075 3 40 3
1074 2 14 2
2663 2 13 2
1509 2 21 2
2043 5 123 5
730 2 14 2
2044 2 15 2
2668 2 14 2
1237 2 23 2
331 3 27 3
2667 2 12 2
2666 3 23 3
2671 2 42 2
1920 2 16 2
1511 2 12 2
1628 2 31 2
1029 2 26 2
2046 2 20 2
1238 2 11 2
1627 2 10 2
752 2 22 2
113 2 11 2
82 3 18 3
1924 5 122 5
2677 6 75 5
1239 2 15 2
623 4 55 4
2048 2 11 2
2047 2 11 2
2675 2 12 2
2674 4 47 4
1922 5 44 5
1240 2 16 2
2684 3 19 3
1513 2 15 2
2683 2 16 2
2682 2 54 2
490 2 13 2
1633 3 17 3
2681 2 39 2
1635 2 24 2
2051 2 28 2
1634 2 21 2
2686 2 18 2
2689 2 19 2
132 2 26 2
2055 3 21 3
584 2 21 2
1927 3 22 3
855 2 19 2
2054 2 19 2
1926 2 26 2
2691 2 12 2
364 2 11 2
2057 3 41 3
836 4 110 4
1636 2 33 2
2061 2 20 2
2746 3 57 3
227 3 31 3
2092 2 13 2
309 2 12 2
2750 3 45 3
2749 2 31 2
2748 2 17 2
2747 2 24 2
1254 3 28 3
554 2 15 2
1334 2 19 2
2095 2 21 2
2094 2 32 2
1656 3 50 3
2752 2 15 2
2755 2 65 2
2754 2 20 2
2757 2 10 2
1935 2 29 2
2762 3 28 3
2760 2 17 2
2764 2 19 2
2763 2 13 2
2759 7 171 6
2769 2 24 2
1339 2 19 2
1340 2 14 2
269 2 25 2
180 3 36 3
2099 2 18 2
1255 6 58 5
1024 2 16 2
1343 2 11 2
1342 5 175 5
1341 2 12 2
480 2 15 2
1531 3 44 3
76 2 24 2
1530 2 23 2
1659 3 15 3
978 2 19 2
2775 2 13 2
2774 2 32 2
2102 2 14 2
1936 2 11 2
1258 2 58 2
2785 3 38 3
73 5 104 5
1003 4 54 4
2797 2 22 2
2796 3 23 3
764 2 15 2
2106 2 44 2
2794 2 67 2
398 2 45 2
889 2 14 2
1345 2 28 2
643 2 19 2
863 2 19 2
2112 2 10 2
2801 2 25 2
2800 2 15 2
2799 3 31 3
596 2 23 2
1895 2 12 2
2808 2 13 2
230 2 18 2
865 3 28 3
2146 2 17 2
2147 2 16 2
1098 2 10 2
1097 2 13 2
2145 2 30 2
1687 2 10 2
2868 2 33 2
1007 2 16 2
2150 2 15 2
2149 3 19 3
756 2 20 2
2870 2 22 2
2151 3 44 3
2153 2 17 2
1689 3 32 3
1688 2 20 2
1216 3 23 3
2871 2 34 2
2155 2 38 2
1271 2 14 2
2156 2 13 2
1544 3 26 3
2875 2 11 2
2879 3 57 3
1362 2 13 2
152 2 17 2
886 3 46 3
866 2 45 2
613 2 12 2
2158 2 21 2
565 2 17 2
522 3 19 3
2162 2 17 2
1256 3 16 3
2883 4 81 4
1041 2 10 2
1269 2 16 2
2881 2 16 2
2880 3 35 3
2890 2 34 2
126 3 34 3
606 2 17 2
1273 2 13 2
1099 2 13 2
609 2 11 2
2894 2 18 2
511 3 25 3
2163 2 26 2
2893 2 20 2
2936 4 52 4
2935 3 28 3
2934 6 126 6
2188 2 13 2
254 3 55 3
2933 2 37 2
1482 3 58 3
2932 2 40 2
1045 2 33 2
986 3 33 3
538 2 17 2
1709 2 17 2
1282 3 68 3
586 3 33 3
2938 3 23 3
2937 4 80 4
1283 2 11 2
366 2 25 2
2939 2 16 2
1103 4 41 4
1102 3 33 3
901 2 16 2
1101 3 24 3
1710 2 22 2
2191 2 25 2
1529 2 26 2
2190 3 25 3
2189 4 46 4
2940 2 19 2
1104 2 11 2
2193 2 16 2
2941 3 79 3
695 2 20 2
694 2 12 2
936 2 42 2
935 2 21 2
2943 2 11 2
742 3 21 3
1711 3 37 3
988 2 13 2
2947 2 15 2
2946 2 10 2
492 3 27 3
869 2 14 2
1712 2 11 2
649 2 27 2
2951 2 17 2
2949 2 14 2
1461 2 11 2
579 2 31 2
1231 2 25 2
2199 2 13 2
2200 2 27 2
1284 3 24 3
52 2 20 2
2957 2 17 2
2955 2 13 2
2202 2 24 2
2954 2 28 2
1471 2 36 2
2960 2 12 2
2959 3 23 3
2204 2 14 2
1951 2 51 2
2963 4 50 4
2205 2 15 2
2238 2 15 2
1734 2 26 2
3018 6 229 5
1289 3 22 3
1037 2 29 2
3020 2 28 2
669 2 29 2
2239 2 16 2
310 2 11 2
138 2 18 2
1738 2 20 2
117 2 15 2
223 2 14 2
564 7 143 6
460 2 18 2
800 2 18 2
3024 2 31 2
515 2 16 2
750 2 31 2
3026 3 27 3
3025 4 83 4
1965 2 15 2
1379 3 28 3
1108 2 23 2
1107 3 22 3
3029 5 109 5
3032 2 17 2
1279 2 18 2
245 2 14 2
698 2 13 2
3033 3 22 3
428 2 11 2
3037 4 46 4
3035 3 33 3
2249 4 28 4
2248 6 127 5
1287 2 10 2
746 4 37 4
3040 2 24 2
458 2 31 2
1051 4 38 4
243 2 16 2
153 2 19 2
2307 2 13 2
1773 2 21 2
2310 2 52 2
1215 2 50 2
2311 2 10 2
1774 2 20 2
342 2 16 2
2312 2 30 2
1054 2 13 2
194 2 17 2
948 2 16 2
947 2 36 2
658 2 19 2
1775 2 14 2
1402 2 19 2
2315 2 19 2
2313 2 18 2
759 2 13 2
1974 2 20 2
897 2 17 2
950 2 11 2
405 3 36 3
949 3 99 3
1130 2 47 2
908 2 11 2
1463 2 37 2
1781 2 25 2
1260 2 27 2
49 4 90 4
2318 2 17 2
2317 2 29 2
2322 2 15 2
1782 2 19 2
675 3 29 3
645 2 28 2
2326 3 23 3
1406 2 37 2
1784 3 32 3
1055 2 17 2
2325 4 120 4
2324 2 20 2
1786 2 14 2
1213 2 13 2
1785 2 10 2
1479 2 22 2
2120 3 28 3
555 2 20 2
267 3 22 3
413 9 126 7
1350 2 13 2
1349 2 35 2
1348 2 18 2
473 2 22 2
2834 2 43 2
2833 3 33 3
371 2 17 2
777 2 21 2
2835 2 14 2
1942 2 17 2
2129 2 10 2
2128 2 11 2
394 2 20 2
1676 2 13 2
2130 2 17 2
1356 2 10 2
1355 2 98 2
197 2 19 2
2133 2 16 2
2841 2 15 2
2840 2 29 2
2839 2 15 2
2132 2 17 2
2838 2 16 2
1929 2 47 2
2134 4 42 4
78 2 18 2
2137 2 26 2
2844 3 38 3
751 2 20 2
2847 2 17 2
778 3 35 3
1358 4 109 4
1357 2 13 2
740 2 43 2
2846 4 39 4
2845 2 12 2
1679 2 32 2
240 2 36 2
2851 2 15 2
326 2 12 2
2852 3 39 3
1682 2 32 2
395 2 13 2
2854 2 11 2
406 4 39 4
1696 2 17 2
1695 2 12 2
2907 4 120 4
2906 2 37 2
2905 3 27 3
2904 2 22 2
1276 2 64 2
1694 3 28 3
780 2 19 2
775 2 20 2
1697 3 22 3
2170 3 21 3
2169 5 55 5
2912 2 10 2
2911 2 23 2
2910 2 18 2
737 2 18 2
2914 2 24 2
934 2 14 2
933 2 18 2
1699 2 23 2
1933 2 22 2
539 2 14 2
1702 2 43 2
1703 2 18 2
2178 3 26 3
2177 6 139 5
842 2 17 2
2922 2 15 2
1930 2 40 2
2184 2 17 2
2182 3 27 3
2181 2 21 2
2180 3 23 3
2185 2 10 2
1373 2 12 2
1372 2 34 2
899 2 67 2
2923 3 87 3
464 2 12 2
2186 5 61 5
847 2 20 2
1708 3 40 3
1044 3 62 3
1707 2 24 2
1480 2 19 2
356 3 31 3
1514 3 20 3
462 2 30 2
2924 2 12 2
2926 2 28 2
2925 2 50 2
1541 2 11 2
97 2 29 2
2973 2 15 2
1047 2 19 2
984 2 44 2
2977 2 82 2
2976 2 14 2
2213 2 61 2
2212 2 11 2
2211 2 19 2
1285 2 32 2
2217 2 12 2
681 2 15 2
27 2 20 2
13 2 16 2
2983 2 11 2
1955 3 34 3
151 2 20 2
1718 2 11 2
2218 2 26 2
1011 2 19 2
2220 3 17 3
524 3 24 3
799 3 24 3
798 2 38 2
2990 3 78 3
2989 2 14 2
1956 2 48 2
651 4 105 4
2223 4 89 4
1286 3 20 3
2222 2 26 2
1722 2 36 2
1721 3 28 3
3000 2 56 2
1960 2 21 2
2224 6 129 6
1919 2 37 2
536 2 32 2
2998 2 22 2
2997 2 13 2
307 4 80 4
2996 4 35 4
2995 2 47 2
2994 2 17 2
2226 2 26 2
642 2 19 2
3002 2 20 2
3001 4 68 4
193 2 14 2
761 2 14 2
523 2 36 2
3048 2 26 2
3047 3 22 3
1225 2 22 2
2257 2 17 2
588 2 20 2
1749 2 25 2
475 3 24 3
294 2 15 2
2260 2 14 2
3052 3 122 3
1014 2 14 2
3051 3 26 3
1053 2 48 2
507 2 17 2
3061 2 23 2
3060 2 25 2
2263 2 12 2
851 2 61 2
2262 3 23 3
699 5 112 5
2270 2 12 2
248 3 26 3
992 2 16 2
2269 2 15 2
94 2 38 2
2268 2 70 2
1564 2 18 2
2277 2 10 2
3074 2 15 2
408 2 30 2
3073 2 20 2
3072 2 16 2
3071 2 16 2
2274 2 14 2
2273 2 12 2
1557 4 83 4
3082 3 32 3
3081 2 14 2
3080 2 10 2
3079 2 16 2
3078 2 10 2
1118 2 11 2
1117 3 58 3
350 4 28 4
1116 2 18 2
1115 2 25 2
3077 2 17 2
3087 2 24 2
3086 2 12 2
3094 4 78 4
3092 2 17 2
3091 2 19 2
1015 2 15 2
1030 2 36 2
1970 2 41 2
2284 2 14 2
2283 2 67 2
2282 3 25 3
1016 2 14 2
372 2 14 2
2287 4 78 4
700 2 22 2
1759 2 16 2
1760 2 17 2
2289 2 24 2
2288 2 14 2
187 3 28 3
1981 2 81 2
2341 2 31 2
2340 2 41 2
2339 2 22 2
2338 2 17 2
1982 2 23 2
2344 2 14 2
838 2 14 2
687 4 78 4
1789 4 113 4
1788 3 80 3
2349 2 20 2
2351 2 18 2
357 3 22 3
1794 2 13 2
1477 2 21 2
55 2 20 2
2357 2 32 2
2350 3 50 3
1138 2 55 2
1137 10 148 8
1526 2 26 2
1799 3 21 3
1798 2 15 2
1797 2 18 2
1532 2 21 2
2359 2 11 2
1983 2 12 2
1802 2 24 2
2370 3 27 3
1801 2 46 2
2369 2 17 2
612 2 12 2
2367 3 38 3
1209 2 40 2
2378 3 50 3
368 2 19 2
1806 2 17 2
835 2 21 2
388 4 30 4
2376 5 52 5
44 2 22 2
2374 5 170 5
1058 3 27 3
1057 2 15 2
2382 2 23 2
1413 3 20 3
2387 2 12 2
1251 2 15 2
2386 2 17 2
1908 2 11 2
2395 2 38 2
2394 2 16 2
1812 3 53 3
1223 2 15 2
402 2 17 2
911 2 12 2
1816 2 14 2
1491 2 44 2
2432 2 57 2
657 3 47 3
914 2 29 2
1152 2 18 2
291 2 22 2
2434 2 33 2
2436 4 60 4
2435 2 41 2
1153 3 120 3
965 2 15 2
611 2 15 2
964 2 19 2
2442 4 100 4
2441 2 23 2
1422 3 22 3
2447 2 14 2
873 2 21 2
616 2 19 2
1843 3 40 3
2448 2 17 2
1236 2 30 2
1426 3 29 3
884 2 18 2
1425 2 12 2
2455 2 16 2
1968 2 19 2
101 2 11 2
2461 2 21 2
1160 2 16 2
1159 2 24 2
1062 2 24 2
1846 2 13 2
1962 2 15 2
2459 5 97 5
1576 2 22 2
2466 2 16 2
1847 2 16 2
1434 2 17 2
534 3 48 3
1470 2 26 2
399 2 16 2
349 2 22 2
2472 4 110 4
1851 2 38 2
1850 2 13 2
2471 2 41 2
1856 2 19 2
2473 3 33 3
993 5 109 5
1892 3 23 3
2541 2 12 2
1453 2 52 2
1465 2 28 2
608 5 74 5
219 2 14 2
2547 2 13 2
2546 2 59 2
2545 2 14 2
763 3 48 3
1193 2 32 2
167 11 429 10
2543 2 21 2
1000 2 25 2
2555 3 62 3
2560 2 10 2
2561 3 60 3
263 3 30 3
2554 2 25 2
1992 3 38 3
2567 2 15 2
2568 2 40 2
2569 2 11 2
1191 2 43 2
1494 2 14 2
345 3 60 3
2574 4 77 4
1589 2 20 2
1995 2 25 2
1224 2 15 2
2572 2 28 2
1585 2 33 2
221 2 15 2
2584 4 78 4
2576 3 43 3
877 2 16 2
2589 2 46 2
184 2 17 2
2585 2 21 2
2587 2 69 2
2586 2 11 2
1067 4 74 4
1066 2 11 2
1065 2 16 2
415 2 15 2
2590 2 14 2
2591 2 14 2
2000 2 14 2
2599 3 39 3
1624 2 12 2
2659 4 138 4
295 2 18 2
2658 2 11 2
999 3 24 3
1623 2 11 2
2660 2 23 2
2036 2 21 2
512 3 23 3
1625 2 12 2
476 2 12 2
2038 2 15 2
1464 2 14 2
2661 2 11 2
1203 2 21 2
2037 2 15 2
655 2 24 2
2042 2 15 2
2664 2 13 2
2665 3 46 3
225 2 13 2
2040 2 43 2
1626 2 16 2
296 2 30 2
273 2 17 2
917 2 22 2
1510 2 24 2
1204 2 23 2
2670 2 38 2
2669 2 35 2
706 2 21 2
705 2 12 2
351 2 12 2
352 2 16 2
527 3 37 3
384 2 20 2
178 2 59 2
2045 2 16 2
20 2 15 2
767 2 20 2
1512 3 20 3
2673 3 24 3
561 2 19 2
1631 3 18 3
2678 3 67 3
1632 2 34 2
666 3 27 3
1630 5 82 5
1629 2 12 2
123 2 22 2
2050 2 23 2
822 2 17 2
160 2 24 2
1316 2 24 2
1318 2 25 2
1317 2 16 2
2685 2 18 2
2680 2 18 2
2679 2 47 2
217 2 15 2
404 2 17 2
2052 2 23 2
1032 3 60 3
2742 3 39 3
1525 2 11 2
1252 2 13 2
2086 2 15 2
33 3 90 3
2743 3 39 3
353 2 24 2
2744 3 32 3
2088 2 12 2
2087 2 11 2
1655 2 17 2
887 2 15 2
691 2 25 2
1088 2 12 2
2090 2 101 2
2089 2 22 2
2745 2 11 2
2091 2 16 2
2093 2 12 2
2751 2 15 2
1336 2 14 2
1335 2 23 2
2753 2 93 2
318 2 14 2
1657 2 10 2
2096 2 11 2
414 2 17 2
1934 3 28 3
692 2 29 2
2756 2 20 2
2758 2 34 2
128 2 17 2
1090 2 13 2
1089 2 17 2
888 3 36 3
607 3 25 3
60 2 14 2
977 2 33 2
1528 2 27 2
773 2 20 2
2761 2 15 2
2772 2 19 2
2771 2 17 2
2100 2 13 2
2773 3 32 3
2101 3 84 3
668 2 12 2
921 2 20 2
920 2 16 2
2765 4 35 4
2098 2 44 2
176 3 29 3
689 2 59 2
2781 2 14 2
2782 2 19 2
224 2 19 2
796 2 16 2
2788 4 102 4
2104 2 10 2
2789 2 13 2
526 3 20 3
2790 2 28 2
2791 2 18 2
2140 3 87 3
2860 3 35 3
1538 2 20 2
2139 3 103 3
2857 2 19 2
2858 5 68 5
1265 2 10 2
332 2 19 2
2859 2 11 2
2141 2 40 2
2861 2 114 2
253 2 14 2
895 2 27 2
313 2 19 2
2863 2 14 2
1359 3 26 3
896 2 13 2
2862 3 43 3
2142 2 18 2
2865 3 30 3
1686 5 286 5
1247 2 10 2
2144 2 26 2
2143 2 22 2
2866 3 21 3
736 2 31 2
1685 2 21 2
2864 3 41 3
75 2 22 2
283 2 22 2
2148 2 11 2
1270 2 11 2
1540 3 30 3
1268 2 19 2
1360 2 11 2
1026 5 70 5
826 2 15 2
1361 2 27 2
2867 2 19 2
2869 2 43 2
2154 3 65 3
1690 5 164 5
288 2 20 2
1691 2 13 2
1542 2 26 2
1039 2 15 2
1467 3 34 3
754 2 18 2
2152 2 12 2
482 2 19 2
401 2 14 2
262 2 19 2
867 2 22 2
2159 2 47 2
1545 2 22 2
166 2 20 2
2161 3 117 3
2160 2 24 2
1196 2 12 2
1038 3 30 3
594 2 18 2
1367 2 14 2
1366 2 22 2
1905 3 26 3
2491 3 102 3
1214 2 12 2
1861 2 13 2
1862 2 19 2
1438 2 23 2
915 3 22 3
1439 2 13 2
1170 2 23 2
541 7 191 6
1169 3 36 3
312 2 13 2
1867 7 500 6
1865 2 10 2
2493 2 15 2
1228 2 20 2
603 2 15 2
2499 2 26 2
1870 6 43 5
1871 2 39 2
1303 2 14 2
2503 2 14 2
2504 5 197 5
2508 2 78 2
2506 2 13 2
1873 2 20 2
735 2 14 2
1043 5 136 5
205 2 15 2
814 2 26 2
813 2 152 2
816 2 26 2
815 4 137 4
690 2 12 2
2511 2 12 2
1487 2 14 2
1907 2 19 2
591 2 12 2
2510 2 11 2
105 2 19 2
1881 2 11 2
664 2 12 2
1879 2 30 2
1880 3 70 3
1603 2 25 2
1025 2 21 2
2613 9 199 7
831 3 18 3
2615 2 11 2
2616 2 15 2
1306 2 21 2
2622 2 14 2
976 2 17 2
2620 2 13 2
685 2 10 2
559 2 12 2
1610 2 15 2
1609 2 42 2
1608 2 35 2
1611 2 22 2
1607 2 27 2
70 2 28 2
2626 5 58 5
545 2 10 2
509 2 14 2
2629 4 35 4
765 2 13 2
2635 2 17 2
2636 2 23 2
2632 3 128 3
880 2 10 2
1072 2 30 2
997 4 53 4
1618 7 76 6
2637 2 16 2
1200 3 16 3
1230 2 20 2
1616 2 10 2
1615 2 10 2
1617 3 34 3
2021 2 11 2
2640 3 84 3
2023 2 13 2
1620 4 101 4
2641 2 15 2
246 3 45 3
2642 4 42 4
2024 4 88 4
431 6 112 6
853 2 14 2
2025 3 20 3
766 3 38 3
1504 2 12 2
1232 2 11 2
2645 3 34 3
2643 3 28 3
2644 2 10 2
1028 2 16 2
1622 2 17 2
1621 2 12 2
2695 2 13 2
1642 2 45 2
1641 2 15 2
172 2 13 2
688 2 10 2
858 3 41 3
2703 4 94 4
2704 2 27 2
2699 3 23 3
486 2 13 2
550 2 21 2
1324 2 12 2
2708 2 11 2
2064 2 16 2
859 2 68 2
2711 2 34 2
1519 2 84 2
2706 2 19 2
733 2 19 2
2066 2 35 2
2065 2 24 2
2713 3 206 3
2712 2 10 2
860 2 16 2
1081 3 27 3
1080 2 18 2
2718 2 31 2
2069 10 372 9
2714 2 16 2
2715 3 26 3
1645 2 18 2
1468 2 13 2
2722 2 20 2
1931 2 24 2
2072 2 16 2
2071 2 46 2
1326 2 19 2
1325 2 22 2
470 2 206 2
1248 2 14 2
2074 2 19 2
88 2 21 2
2726 3 41 3
2725 2 17 2
2075 2 42 2
2728 2 21 2
459 4 77 4
1649 2 12 2
1648 3 28 3
63 3 94 3
2732 2 44 2
2733 2 23 2
1328 2 11 2
2729 4 156 4
2731 2 33 2
2730 3 17 3
2818 2 24 2
890 3 48 3
271 2 33 2
1474 3 33 3
2817 2 40 2
2821 3 21 3
2822 2 21 2
1670 3 42 3
1669 2 31 2
2824 2 13 2
2823 3 38 3
1347 6 246 5
1346 2 10 2
1536 2 16 2
2825 2 10 2
1005 2 21 2
2119 2 21 2
2124 2 15 2
1198 3 36 3
2125 2 24 2
2828 3 71 3
2121 2 14 2
1537 2 26 2
2126 3 30 3
146 2 14 2
2831 2 39 2
57 2 10 2
2832 2 11 2
1352 3 20 3
891 2 19 2
474 2 18 2
926 2 10 2
226 2 10 2
928 2 12 2
927 2 18 2
1673 2 12 2
365 3 67 3
892 4 155 4
2127 3 28 3
481 3 31 3
1353 3 81 3
2131 2 35 2
2837 2 17 2
2836 2 12 2
215 2 10 2
1261 2 19 2
1675 4 44 4
1674 2 22 2
239 2 23 2
1354 3 26 3
930 3 40 3
929 3 57 3
693 4 133 4
1944 2 15 2
1677 2 13 2
1262 2 20 2
2135 4 118 4
2843 2 15 2
1948 3 54 3
2897 2 15 2
150 2 22 2
1369 2 24 2
2898 2 16 2
2895 2 34 2
112 2 16 2
379 4 186 4
2164 2 20 2
2165 3 23 3
2899 2 15 2
1275 4 29 4
2901 3 108 3
2167 3 26 3
2166 4 46 4
2168 2 14 2
279 2 14 2
2900 2 24 2
385 3 75 3
797 2 22 2
2909 2 18 2
86 2 59 2
1277 2 22 2
280 3 48 3
576 2 38 2
2902 3 86 3
2903 3 47 3
932 2 19 2
931 2 17 2
1698 2 30 2
2171 3 29 3
1278 2 23 2
680 2 22 2
2173 2 28 2
214 3 71 3
1549 2 15 2
324 2 28 2
2172 2 17 2
1009 2 16 2
1949 3 30 3
1950 3 34 3
2174 2 12 2
186 4 88 4
2916 2 13 2
2917 4 27 4
2176 2 27 2
2175 3 30 3
1550 2 30 2
2920 2 24 2
2179 2 33 2
417 3 38 3
1706 2 11 2
1714 2 71 2
1713 2 10 2
396 2 12 2
2966 2 14 2
2965 2 21 2
2208 2 30 2
2207 2 20 2
2209 5 67 5
870 3 68 3
2968 4 93 4
724 2 13 2
2972 2 79 2
1556 2 34 2
1715 2 81 2
2971 2 32 2
2970 2 15 2
2210 3 55 3
697 2 43 2
696 2 33 2
2978 2 11 2
1559 2 58 2
314 2 22 2
2975 2 35 2
1375 2 19 2
783 2 19 2
2216 2 14 2
871 2 16 2
1716 2 27 2
1720 2 28 2
1719 2 10 2
1486 2 20 2
2981 2 13 2
2982 2 11 2
1717 2 23 2
2985 2 10 2
2219 2 47 2
377 2 26 2
872 2 50 2
2221 5 49 5
2986 3 100 3
1560 2 32 2
2987 2 10 2
2988 2 18 2
1959 2 34 2
3044 5 135 5
2251 2 26 2
3045 2 21 2
734 3 42 3
3043 2 25 2
276 3 35 3
1747 4 48 4
1748 2 12 2
2252 2 38 2
2253 2 18 2
1750 2 25 2
683 2 15 2
1967 2 26 2
1380 3 124 3
3054 2 21 2
3053 2 23 2
3055 2 33 2
3057 2 15 2
228 2 17 2
2258 2 35 2
1502 2 26 2
369 2 26 2
2259 2 95 2
684 2 53 2
2265 2 44 2
2264 2 57 2
1114 2 30 2
3064 2 32 2
2266 2 18 2
3058 2 19 2
2271 3 54 3
3068 2 15 2
989 6 602 6
1752 2 14 2
1751 2 31 2
1292 2 25 2
3076 5 134 5
3075 2 35 2
3069 2 16 2
785 2 21 2
2272 3 34 3
3070 2 10 2
244 2 39 2
640 2 54 2
1120 2 24 2
1119 4 27 4
802 2 15 2
801 2 52 2
1294 2 50 2
1133 2 40 2
177 2 11 2
1132 3 23 3
1131 2 27 2
2330 2 12 2
553 2 17 2
1787 3 41 3
1568 2 29 2
2332 2 65 2
2334 2 19 2
185 2 19 2
1056 4 67 4
1790 3 72 3
2347 6 109 5
2346 2 18 2
1134 3 26 3
2343 2 20 2
2356 2 85 2
2355 3 45 3
1792 2 27 2
1793 4 70 4
1984 4 55 4
1473 2 14 2
1408 2 13 2
1407 2 16 2
2362 2 17 2
1017 3 69 3
397 2 22 2
2363 3 16 3
1796 3 44 3
1795 2 27 2
358 3 46 3
2371 3 28 3
34 2 19 2
1409 2 23 2
2366 4 50 4
2365 2 22 2
48 3 28 3
74 2 13 2
2380 2 22 2
2381 4 57 4
1805 3 126 3
1804 3 47 3
2372 3 45 3
2373 2 71 2
2384 3 34 3
1808 3 34 3
1018 2 13 2
2424 3 17 3
1573 2 18 2
2425 2 17 2
2426 2 26 2
1149 2 11 2
786 2 19 2
1148 5 84 5
1832 2 14 2
2429 2 19 2
1151 4 60 4
1150 2 115 2
1830 3 93 3
1831 2 12 2
2430 3 33 3
1420 2 20 2
2431 3 37 3
1060 2 50 2
1419 3 22 3
510 2 18 2
1301 2 20 2
1836 2 36 2
1834 3 92 3
2437 3 68 3
1154 2 11 2
1155 2 13 2
1157 2 12 2
1156 3 151 3
1020 2 22 2
1208 2 18 2
305 2 18 2
1574 3 31 3
2443 3 23 3
393 2 23 2
2444 5 56 5
1424 2 19 2
1423 4 85 4
2446 2 29 2
1428 2 20 2
1427 2 14 2
1302 3 33 3
2453 2 85 2
626 3 77 3
2454 2 23 2
1840 3 17 3
1841 3 58 3
502 2 17 2
1297 2 18 2
504 3 29 3
1429 2 24 2
846 6 145 5
1430 2 12 2
427 3 18 3
2464 2 21 2
577 3 49 3
2469 2 48 2
1433 2 16 2
2531 2 20 2
2532 2 65 2
1450 2 28 2
1449 3 28 3
1448 4 80 4
1896 2 11 2
1887 2 15 2
484 2 19 2
818 4 272 4
1523 4 1081 4
1889 3 38 3
2534 2 14 2
1180 3 43 3
1888 4 31 4
1458 2 13 2
2540 2 24 2
1891 2 24 2
1890 2 20 2
233 2 11 2
2538 2 27 2
2542 2 19 2
1063 6 174 6
159 4 161 4
2548 3 35 3
1455 2 17 2
1454 3 30 3
1300 2 11 2
2544 6 166 5
1893 3 30 3
1183 2 15 2
1182 2 33 2
1181 3 103 3
1456 3 18 3
2549 2 14 2
1288 2 15 2
2556 2 12 2
2557 2 15 2
2558 7 56 5
2553 2 14 2
2566 3 59 3
1584 2 25 2
1493 3 116 3
875 2 16 2
2563 4 67 4
2562 2 13 2
1190 2 21 2
2564 3 54 3
2573 2 15 2
2575 2 11 2
1590 2 14 2
103 2 17 2
2571 2 13 2
2570 2 17 2
876 2 21 2
1304 2 23 2
36 4 54 4
124 2 23 2
2227 2 12 2
284 3 250 3
3007 2 11 2
1727 3 29 3
1726 3 30 3
1561 4 75 4
3008 3 18 3
3009 2 20 2
1728 3 24 3
1729 3 25 3
1730 2 12 2
903 3 28 3
610 2 13 2
3010 2 22 2
1501 2 12 2
2233 2 37 2
2232 2 14 2
2231 2 17 2
3012 2 14 2
598 2 22 2
2228 3 80 3
2229 2 16 2
2230 2 36 2
3011 2 13 2
1732 2 20 2
1731 2 23 2
2234 2 16 2
1963 2 42 2
3013 2 66 2
2236 2 56 2
2235 2 13 2
943 2 11 2
942 2 21 2
3014 3 88 3
654 2 11 2
1212 2 22 2
3016 2 32 2
3017 2 10 2
2237 2 18 2
3015 3 26 3
1050 2 19 2
1049 2 30 2
1733 3 102 3
107 4 106 4
904 2 13 2
1378 2 41 2
905 2 26 2
3019 2 23 2
682 2 36 2
1737 2 30 2
1736 4 100 4
1735 3 67 3
906 2 19 2
2290 2 10 2
622 2 16 2
1761 2 14 2
500 3 40 3
334 2 11 2
1763 3 23 3
1762 2 13 2
945 2 13 2
907 2 16 2
1122 2 16 2
2292 2 59 2
2298 4 41 4
2299 4 115 4
1392 2 22 2
1391 2 13 2
1390 2 18 2
2294 2 35 2
2295 2 16 2
1389 3 43 3
1388 2 16 2
1387 2 15 2
1124 4 108 4
1123 8 289 7
1220 2 29 2
1767 3 22 3
2300 2 16 2
671 2 22 2
2303 2 13 2
411 2 34 2
410 2 10 2
409 3 74 3
2301 2 24 2
2302 4 92 4
1298 3 49 3
468 2 17 2
1769 2 18 2
1768 3 64 3
946 2 21 2
1393 4 91 4
1394 2 36 2
1770 5 78 5
2304 3 25 3
2305 2 12 2
1126 2 13 2
1125 6 72 5
1128 2 18 2
1127 2 17 2
1398 2 43 2
619 3 140 3
1771 2 21 2
663 3 27 3
1397 2 18 2
1396 2 62 2
1395 2 13 2
2306 6 110 6
133 2 26 2
1772 2 17 2
1400 2 30 2
1036 3 82 3
1399 3 46 3
2309 2 53 2
157 4 77 4
1129 2 46 2
2308 2 31 2
2397 2 13 2
1414 3 35 3
1140 3 39 3
1141 2 16 2
1987 2 23 2
952 2 18 2
2402 3 43 3
955 2 19 2
954 3 42 3
769 4 100 4
953 2 13 2
1188 2 15 2
2400 2 10 2
2403 2 12 2
1144 2 10 2
1500 2 27 2
679 2 28 2
956 2 23 2
1475 2 22 2
2404 2 13 2
1819 2 52 2
1818 3 43 3
1820 2 197 2
2405 2 21 2
725 2 26 2
1821 2 25 2
850 3 141 3
1822 3 24 3
2406 2 61 2
1823 2 60 2
1145 2 20 2
701 2 18 2
478 2 15 2
712 2 17 2
711 3 56 3
1001 2 19 2
805 2 12 2
804 2 34 2
573 3 23 3
803 4 57 4
2409 2 15 2
849 2 15 2
1416 2 19 2
1415 2 13 2
2407 2 16 2
2408 2 17 2
2410 2 12 2
1229 2 15 2
960 2 35 2
216 2 12 2
1824 4 60 4
959 2 17 2
958 2 14 2
957 3 34 3
1259 2 17 2
2481 6 177 5
1019 2 12 2
383 3 70 3
1437 4 37 4
2486 2 20 2
1990 2 15 2
1859 2 22 2
1577 2 19 2
2483 2 76 2
2488 2 45 2
544 3 87 3
520 3 38 3
1167 2 23 2
1578 6 534 6
1860 2 14 2
1197 5 113 5
967 2 13 2
1168 2 29 2
2489 2 21 2
2490 3 99 3
1864 2 11 2
1863 2 12 2
2492 2 74 2
2495 4 26 4
2496 2 41 2
1868 2 11 2
1866 2 16 2
2494 2 23 2
1207 3 69 3
2498 3 57 3
2497 2 20 2
861 2 16 2
2500 2 21 2
1869 4 106 4
1440 2 12 2
2501 2 41 2
2502 2 16 2
1499 2 16 2
1579 2 18 2
435 2 16 2
1872 2 11 2
1442 2 23 2
1875 2 19 2
1874 2 10 2
2505 3 50 3
1172 2 21 2
1171 3 58 3
2006 3 53 3
1305 2 21 2
2007 2 30 2
878 2 18 2
1068 2 21 2
1602 2 18 2
1601 4 122 4
2009 3 24 3
2010 2 55 2
2011 2 60 2
2610 2 12 2
2611 2 43 2
2612 2 34 2
2604 2 16 2
2014 3 19 3
2614 3 24 3
2012 2 106 2
2619 2 22 2
2015 2 26 2
1605 3 47 3
2617 2 20 2
2623 2 10 2
2624 3 18 3
2621 3 37 3
2625 2 12 2
1606 2 10 2
2627 2 14 2
852 2 33 2
1308 4 79 4
1307 3 34 3
1612 2 14 2
2628 2 17 2
2016 2 26 2
2017 6 86 6
551 3 46 3
621 2 15 2
1309 2 23 2
1614 2 28 2
1027 2 23 2
1613 2 12 2
672 2 82 2
1070 4 68 4
472 2 14 2
1071 2 17 2
748 2 31 2
2633 2 29 2
571 4 75 4
916 2 16 2
2022 2 46 2
2639 2 17 2
2638 3 24 3
2018 2 24 2
2020 2 26 2
2019 2 28 2
2056 2 27 2
2690 2 10 2
1241 3 57 3
1320 3 66 3
1033 4 42 4
1319 2 11 2
2058 2 41 2
2059 2 72 2
2060 3 63 3
2693 2 11 2
2692 3 26 3
2694 5 112 5
1078 2 17 2
1077 3 51 3
1242 2 25 2
1518 3 87 3
1639 2 13 2
1638 2 12 2
1640 2 21 2
2696 2 10 2
2062 2 33 2
2702 2 11 2
2698 2 25 2
2700 2 10 2
2710 3 30 3
2709 2 15 2
2705 4 56 4
1643 2 13 2
2717 2 20 2
2720 2 71 2
2067 3 27 3
2716 2 11 2
1079 2 20 2
614 2 11 2
2070 2 10 2
1522 2 11 2
1646 3 29 3
1647 3 35 3
257 2 10 2
1327 2 24 2
1034 2 38 2
2073 2 19 2
2723 5 91 5
2724 2 15 2
1661 4 53 4
1660 2 31 2
2109 2 32 2
2798 2 51 2
2107 2 22 2
1663 2 70 2
2803 4 67 4
1664 2 10 2
1665 3 41 3
2804 2 33 2
1662 2 74 2
2811 3 46 3
2812 2 15 2
2115 5 160 5
1666 2 24 2
2813 2 19 2
2113 2 29 2
1668 4 161 4
2819 2 20 2
2814 2 37 2
1667 2 11 2
2117 2 17 2
530 2 36 2
529 2 12 2
528 2 33 2
2118 2 19 2
2826 4 59 4
2827 2 31 2
1671 2 20 2
2830 2 35 2
2122 2 15 2
1672 4 40 4
