0 4 88 4
1 2 23 2
2 2 20 2
3 5 63 5
4 8 516 7
5 3 52 3
6 4 47 4
7 3 38 3
8 2 34 2
9 3 19 3
10 2 15 2
11 3 68 3
12 3 34 3
13 2 26 2
14 3 35 3
15 4 61 4
16 2 23 2
17 3 48 3
18 4 57 4
19 2 50 2
20 2 38 2
21 2 19 2
22 4 37 4
23 3 17 3
24 2 15 2
25 3 28 3
26 4 76 4
27 7 107 6
28 2 24 2
29 3 40 3
30 2 20 2
31 4 77 4
32 2 19 2
33 3 58 3
34 4 27 4
35 5 50 5
36 6 74 5
37 3 34 3
38 2 24 2
39 2 14 2
40 4 45 4
41 6 422 6
42 2 32 2
43 2 35 2
44 3 38 3
45 2 30 2
46 2 19 2
47 2 111 2
48 3 47 3
49 6 113 6
50 2 28 2
51 8 188 6
52 4 182 4
53 4 171 4
54 10 195 8
55 3 19 3
56 3 30 3
57 5 81 5
58 2 29 2
59 4 76 4
60 3 39 3
61 2 52 2
62 2 14 2
63 2 14 2
64 4 79 4
65 2 12 2
66 2 14 2
67 10 552 7
68 2 40 2
69 2 22 2
70 2 25 2
71 4 50 4
72 3 23 3
73 3 21 3
74 4 43 4
75 4 51 4
76 7 98 5
77 3 33 3
78 2 10 2
79 2 18 2
80 3 38 3
81 4 45 4
82 2 19 2
83 2 11 2
84 3 30 3
85 3 49 3
86 2 31 2
87 3 59 3
88 4 60 4
89 6 91 5
90 2 18 2
91 2 11 2
92 2 21 2
93 4 99 4
94 2 27 2
95 3 22 3
96 2 27 2
97 7 75 6
98 4 139 4
99 2 18 2
100 4 28 4
101 2 25 2
102 2 11 2
103 14 674 9
104 2 37 2
105 2 55 2
106 6 98 5
107 21 276 10
108 2 27 2
109 2 42 2
110 3 53 3
111 3 122 3
112 3 25 3
113 4 60 4
114 4 49 4
115 2 17 2
116 2 17 2
117 2 13 2
118 9 130 6
119 2 12 2
120 2 37 2
121 3 138 3
122 3 23 3
123 2 32 2
124 2 41 2
125 3 33 3
126 3 29 3
127 4 34 4
128 2 60 2
129 2 18 2
130 2 41 2
131 2 17 2
132 6 87 5
133 2 13 2
134 3 59 3
135 2 20 2
136 3 38 3
137 2 32 2
138 2 13 2
139 2 12 2
140 2 24 2
141 2 22 2
142 4 50 4
143 2 12 2
144 3 59 3
145 2 24 2
146 3 27 3
147 2 18 2
148 2 16 2
149 5 67 5
150 2 16 2
151 2 32 2
152 2 13 2
153 4 50 4
154 4 47 4
155 2 30 2
156 2 13 2
157 2 22 2
158 2 26 2
159 3 96 3
160 3 25 3
161 3 34 3
162 5 99 5
163 2 13 2
164 4 56 4
165 5 89 5
166 2 11 2
167 2 10 2
168 2 36 2
169 2 13 2
170 2 28 2
171 2 16 2
172 3 24 3
173 2 13 2
174 3 54 3
175 5 69 5
176 2 31 2
177 5 99 5
178 2 15 2
179 2 12 2
180 2 16 2
181 3 94 3
182 2 13 2
183 2 15 2
184 5 172 5
185 2 27 2
186 3 34 3
187 2 24 2
188 2 21 2
189 2 22 2
190 3 47 3
191 2 71 2
192 2 15 2
193 6 130 5
194 4 44 4
195 2 17 2
196 2 22 2
197 3 29 3
198 8 319 7
199 2 24 2
200 2 13 2
201 3 20 3
202 2 30 2
203 2 30 2
204 3 245 3
205 6 88 5
206 2 11 2
207 2 34 2
208 2 31 2
209 4 27 4
210 2 14 2
211 2 20 2
212 2 28 2
213 3 23 3
214 3 23 3
215 2 17 2
216 2 11 2
217 2 16 2
218 2 18 2
219 2 25 2
220 2 12 2
221 3 69 3
222 2 12 2
223 4 71 4
224 4 32 4
225 2 21 2
226 2 19 2
227 2 17 2
228 2 12 2
229 2 61 2
230 2 30 2
231 2 11 2
232 6 270 6
233 2 19 2
234 3 41 3
235 2 78 2
236 3 62 3
237 3 41 3
238 2 14 2
239 3 66 3
240 3 44 3
241 2 12 2
242 2 15 2
243 3 37 3
244 2 10 2
245 2 50 2
246 3 48 3
247 3 31 3
248 4 101 4
249 2 13 2
250 3 25 3
251 2 29 2
252 3 42 3
253 3 38 3
254 2 22 2
255 2 18 2
256 2 15 2
257 5 89 5
258 5 92 5
259 3 112 3
260 2 19 2
261 2 34 2
262 2 15 2
263 2 12 2
264 3 192 3
265 3 25 3
266 3 84 3
267 2 15 2
268 2 20 2
269 2 12 2
270 2 23 2
271 3 33 3
272 2 19 2
273 2 11 2
274 2 29 2
275 2 13 2
276 2 16 2
277 3 29 3
278 2 81 2
279 10 83 6
280 4 101 4
281 2 13 2
282 3 37 3
283 2 11 2
284 2 35 2
285 2 39 2
286 5 240 5
287 3 86 3
288 3 30 3
289 3 20 3
290 5 89 5
291 4 61 4
292 2 20 2
293 2 32 2
294 4 50 4
295 2 11 2
296 2 14 2
297 2 19 2
298 3 35 3
299 5 39 5
300 2 19 2
301 4 49 4
302 6 119 5
303 2 24 2
304 2 21 2
305 3 46 3
306 2 19 2
307 2 16 2
308 2 16 2
309 4 36 4
310 2 38 2
311 4 42 4
312 3 31 3
313 2 12 2
314 2 52 2
315 2 16 2
316 2 17 2
317 2 19 2
318 2 18 2
319 4 32 4
320 2 29 2
321 3 121 3
322 3 54 3
323 3 26 3
324 2 13 2
325 4 70 4
326 3 28 3
327 4 67 4
328 3 46 3
329 2 15 2
330 3 62 3
331 2 12 2
332 2 35 2
333 2 19 2
334 2 44 2
335 2 15 2
336 2 63 2
337 3 114 3
338 2 13 2
339 2 23 2
340 2 10 2
341 2 14 2
342 2 15 2
343 7 47 5
344 3 45 3
345 4 22 4
346 2 10 2
347 2 18 2
348 3 39 3
349 2 15 2
350 3 20 3
351 2 20 2
352 3 32 3
353 4 49 4
354 3 60 3
355 2 23 2
356 3 19 3
357 6 67 5
358 4 48 4
359 3 18 3
360 2 23 2
361 2 71 2
362 2 14 2
363 5 53 5
364 3 40 3
365 3 39 3
366 3 39 3
367 4 63 4
368 2 75 2
369 2 16 2
370 2 24 2
371 4 37 4
372 2 15 2
373 2 15 2
374 2 13 2
375 14 1331 12
376 2 21 2
377 5 81 5
378 6 242 6
379 3 53 3
380 3 47 3
381 3 28 3
382 2 20 2
383 3 33 3
384 2 15 2
385 2 29 2
386 3 29 3
387 3 39 3
388 2 14 2
389 2 20 2
390 2 13 2
391 3 36 3
392 2 21 2
393 2 16 2
394 2 26 2
395 3 40 3
396 2 31 2
397 2 17 2
398 2 18 2
399 2 22 2
400 2 11 2
401 2 37 2
402 2 14 2
403 3 19 3
404 2 13 2
405 5 42 5
406 6 50 6
407 6 99 6
408 3 40 3
409 2 39 2
410 9 90 6
411 2 14 2
412 3 27 3
413 9 113 6
414 3 78 3
415 2 45 2
416 2 35 2
417 3 41 3
418 2 10 2
419 2 19 2
420 2 11 2
421 3 23 3
422 6 74 5
423 2 20 2
424 2 43 2
425 2 36 2
426 3 19 3
427 2 21 2
428 3 31 3
429 2 14 2
430 2 24 2
431 6 88 5
432 2 14 2
433 3 78 3
434 2 13 2
435 2 26 2
436 4 59 4
437 2 16 2
438 2 20 2
439 3 48 3
440 2 18 2
441 2 49 2
442 3 32 3
443 3 50 3
444 2 13 2
445 2 18 2
446 2 19 2
447 3 35 3
448 2 13 2
449 2 21 2
450 2 23 2
451 2 17 2
452 2 21 2
453 2 55 2
454 2 18 2
455 2 18 2
456 2 11 2
457 2 43 2
458 3 26 3
459 2 17 2
460 2 12 2
461 2 47 2
462 2 15 2
463 4 59 4
464 2 23 2
465 4 77 4
466 2 10 2
467 2 14 2
468 3 36 3
469 3 73 3
470 2 16 2
471 2 18 2
472 2 29 2
473 2 30 2
474 2 15 2
475 3 48 3
476 4 96 4
477 3 24 3
478 2 28 2
479 3 58 3
480 2 12 2
481 4 58 4
482 2 37 2
483 3 42 3
484 3 29 3
485 2 16 2
486 2 12 2
487 3 39 3
488 2 18 2
489 4 41 4
490 3 23 3
491 2 17 2
492 3 73 3
493 3 29 3
494 2 31 2
495 2 18 2
496 2 12 2
497 4 37 4
498 2 14 2
499 2 66 2
500 2 14 2
501 3 22 3
502 3 23 3
503 2 13 2
504 2 10 2
505 2 20 2
506 3 63 3
507 5 122 5
508 4 77 4
509 2 13 2
510 2 13 2
511 3 33 3
512 2 23 2
513 2 26 2
514 14 531 10
515 2 37 2
516 3 16 3
517 2 19 2
518 2 16 2
519 2 16 2
520 2 83 2
521 2 15 2
522 2 14 2
523 2 13 2
524 4 78 4
525 5 82 5
526 2 29 2
527 6 70 5
528 2 62 2
529 3 48 3
530 3 27 3
531 3 25 3
532 2 21 2
533 4 58 4
534 2 40 2
535 2 17 2
536 3 33 3
537 2 10 2
538 2 17 2
539 2 22 2
540 3 25 3
541 3 33 3
542 2 16 2
543 2 22 2
544 2 22 2
545 2 16 2
546 2 15 2
547 2 15 2
548 2 17 2
549 4 125 4
550 3 49 3
551 2 14 2
552 2 51 2
553 2 28 2
554 2 12 2
555 3 101 3
556 3 26 3
557 2 17 2
558 2 17 2
559 2 13 2
560 2 19 2
561 2 39 2
562 3 62 3
563 2 16 2
564 2 23 2
565 2 16 2
566 3 51 3
567 2 13 2
568 3 25 3
569 3 20 3
570 2 17 2
571 2 11 2
572 3 31 3
573 2 16 2
574 3 30 3
575 2 16 2
576 3 51 3
577 2 16 2
578 2 30 2
579 2 105 2
580 2 41 2
581 2 17 2
582 2 18 2
583 2 11 2
584 2 35 2
585 2 14 2
586 2 25 2
587 2 19 2
588 2 13 2
589 2 23 2
590 2 57 2
591 2 39 2
592 3 29 3
593 2 22 2
594 2 22 2
595 2 18 2
596 2 13 2
597 3 89 3
598 2 17 2
599 2 10 2
600 2 22 2
601 2 22 2
602 3 66 3
603 2 22 2
604 2 16 2
605 2 14 2
606 3 50 3
607 2 74 2
608 2 13 2
609 2 44 2
610 2 17 2
611 2 32 2
612 2 31 2
613 2 18 2
614 2 15 2
615 2 15 2
616 3 30 3
617 2 12 2
618 2 11 2
619 3 46 3
620 2 20 2
621 2 16 2
622 2 27 2
623 2 11 2
624 2 12 2
625 2 16 2
626 2 29 2
627 5 105 5
628 3 43 3
629 2 23 2
630 2 19 2
631 2 12 2
632 3 25 3
633 2 24 2
634 5 165 5
635 4 38 4
636 3 16 3
637 2 20 2
638 2 11 2
639 4 64 4
640 2 16 2
641 5 65 5
642 2 89 2
643 2 12 2
644 2 14 2
645 2 16 2
646 2 19 2
647 2 13 2
648 2 16 2
649 2 23 2
650 2 12 2
651 2 17 2
652 2 12 2
653 2 13 2
654 2 18 2
655 2 13 2
656 2 18 2
657 2 22 2
658 3 26 3
659 2 24 2
660 2 16 2
661 4 33 4
662 2 16 2
663 2 22 2
664 3 49 3
665 4 246 4
666 2 21 2
667 2 14 2
668 2 13 2
669 2 22 2
670 2 22 2
671 3 69 3
672 2 17 2
673 2 22 2
674 2 36 2
675 4 62 4
676 2 27 2
677 3 22 3
678 2 29 2
679 2 15 2
680 2 19 2
681 3 25 3
682 2 21 2
683 2 25 2
684 2 13 2
685 2 19 2
686 3 54 3
687 3 24 3
688 2 11 2
689 3 74 3
690 2 18 2
691 2 16 2
692 2 14 2
693 5 169 5
694 3 31 3
695 2 30 2
696 2 22 2
697 4 44 4
698 2 10 2
699 4 37 4
700 2 16 2
701 3 28 3
702 2 13 2
703 2 26 2
704 2 11 2
705 2 18 2
706 6 116 6
707 5 167 5
708 2 20 2
709 2 20 2
710 2 14 2
711 2 12 2
712 2 12 2
713 2 17 2
714 2 14 2
715 3 22 3
716 2 13 2
717 2 28 2
718 2 20 2
719 2 12 2
720 2 12 2
721 2 14 2
722 3 75 3
723 2 27 2
724 2 17 2
725 2 10 2
726 3 46 3
727 2 10 2
728 3 63 3
729 2 50 2
730 2 14 2
731 3 63 3
732 2 12 2
733 2 47 2
734 2 77 2
735 3 140 3
736 2 10 2
737 2 20 2
738 2 47 2
739 2 19 2
740 3 47 3
741 2 20 2
742 2 16 2
743 2 25 2
744 4 56 4
745 4 116 4
746 2 87 2
747 3 48 3
748 2 38 2
749 3 25 3
750 3 16 3
751 3 17 3
752 4 54 4
753 3 25 3
754 2 22 2
755 2 10 2
756 2 15 2
757 2 25 2
758 2 12 2
759 2 28 2
760 2 14 2
761 2 28 2
762 2 12 2
763 2 16 2
764 2 75 2
765 3 52 3
766 2 20 2
767 2 14 2
768 3 31 3
769 2 23 2
770 5 135 5
771 6 116 5
772 2 29 2
773 3 81 3
774 3 36 3
775 2 13 2
776 3 24 3
777 2 15 2
778 2 12 2
779 2 22 2
780 2 40 2
781 2 10 2
782 2 50 2
783 2 15 2
784 2 36 2
785 2 12 2
786 2 15 2
787 2 15 2
788 2 31 2
789 2 34 2
790 2 13 2
791 2 69 2
792 2 58 2
793 2 34 2
794 2 13 2
795 2 14 2
796 2 25 2
797 2 19 2
798 3 97 3
799 2 12 2
800 2 17 2
801 2 54 2
802 2 12 2
803 2 20 2
804 2 40 2
805 3 51 3
806 3 31 3
807 2 31 2
808 3 18 3
809 2 11 2
810 2 17 2
811 2 13 2
812 3 47 3
813 2 17 2
814 2 22 2
815 2 24 2
816 3 28 3
817 2 32 2
818 2 16 2
819 2 27 2
820 2 17 2
821 4 36 4
822 2 17 2
823 3 20 3
824 2 10 2
825 2 23 2
826 2 25 2
827 2 43 2
828 2 13 2
829 2 50 2
830 2 25 2
831 5 140 5
832 2 56 2
833 2 35 2
834 2 41 2
835 2 22 2
836 2 16 2
837 2 13 2
838 2 11 2
839 2 16 2
840 2 21 2
841 4 132 4
842 3 23 3
843 3 49 3
844 2 16 2
845 2 14 2
846 3 38 3
847 2 11 2
848 4 38 4
849 2 45 2
850 2 17 2
851 4 53 4
852 2 21 2
853 2 13 2
854 2 13 2
855 2 13 2
856 2 49 2
857 2 18 2
858 3 26 3
859 3 32 3
860 2 13 2
861 2 13 2
862 2 91 2
863 2 14 2
864 2 10 2
865 2 29 2
866 3 47 3
867 6 93 6
868 3 28 3
869 2 13 2
870 3 22 3
871 2 27 2
872 2 27 2
873 2 17 2
874 2 24 2
875 2 26 2
876 3 23 3
877 3 34 3
878 2 26 2
879 2 12 2
880 2 11 2
881 3 46 3
882 2 14 2
883 2 35 2
884 2 25 2
885 2 28 2
886 5 59 5
887 2 19 2
888 2 15 2
889 2 31 2
890 2 26 2
891 2 17 2
892 2 22 2
893 3 30 3
894 2 18 2
895 2 14 2
896 4 74 4
897 2 38 2
898 2 11 2
899 3 29 3
900 2 30 2
901 3 33 3
902 3 22 3
903 2 14 2
904 2 13 2
905 3 40 3
906 6 268 6
907 4 71 4
908 2 75 2
909 2 16 2
910 2 18 2
911 2 13 2
912 2 33 2
913 3 18 3
914 2 13 2
915 2 49 2
916 2 20 2
917 2 17 2
918 3 33 3
919 3 43 3
920 3 39 3
921 4 107 4
922 3 37 3
923 3 35 3
924 2 13 2
925 2 18 2
926 2 15 2
927 3 30 3
928 2 13 2
929 3 23 3
930 2 17 2
931 3 87 3
932 2 11 2
933 2 14 2
934 2 85 2
935 2 21 2
936 2 27 2
937 4 42 4
938 2 16 2
939 2 17 2
940 2 21 2
941 2 26 2
942 2 25 2
943 2 21 2
944 2 19 2
945 2 15 2
946 2 14 2
947 4 39 4
948 6 121 5
949 4 109 4
950 2 18 2
951 2 22 2
952 2 13 2
953 2 20 2
954 2 46 2
955 4 49 4
956 3 36 3
957 2 25 2
958 3 31 3
959 3 75 3
960 4 38 4
961 5 81 5
962 2 12 2
963 2 13 2
964 2 20 2
965 2 33 2
966 3 48 3
967 2 14 2
968 5 47 5
969 2 19 2
970 3 39 3
971 2 13 2
972 2 13 2
973 3 32 3
974 2 11 2
975 2 21 2
976 2 20 2
977 3 24 3
978 2 19 2
979 3 38 3
980 2 11 2
981 2 12 2
982 2 26 2
983 2 15 2
984 2 27 2
985 2 17 2
986 2 29 2
987 3 24 3
988 2 43 2
989 2 13 2
990 2 43 2
991 2 14 2
992 3 21 3
993 2 14 2
994 2 32 2
995 2 24 2
996 2 56 2
997 3 27 3
998 4 30 4
999 2 12 2
1000 3 46 3
1001 2 27 2
1002 2 12 2
1003 2 21 2
1004 2 11 2
1005 2 18 2
1006 2 62 2
1007 3 19 3
1008 2 39 2
1009 2 16 2
1010 3 63 3
1011 2 25 2
1012 2 28 2
1013 3 27 3
1014 4 43 4
1015 2 27 2
1016 2 10 2
1017 2 14 2
1018 2 46 2
1019 2 19 2
1020 2 13 2
1021 3 54 3
1022 4 153 4
1023 2 20 2
1024 2 16 2
1025 6 128 6
1026 2 11 2
1027 2 52 2
1028 3 43 3
1029 2 58 2
1030 2 12 2
1031 2 27 2
1032 2 14 2
1033 2 15 2
1034 2 13 2
1035 2 17 2
1036 3 21 3
1037 2 36 2
1038 2 21 2
1039 3 22 3
1040 2 26 2
1041 2 12 2
1042 2 11 2
1043 2 25 2
1044 3 59 3
1045 2 16 2
1046 2 13 2
1047 2 15 2
1048 2 16 2
1049 3 31 3
1050 2 20 2
1051 2 32 2
1052 3 58 3
1053 2 15 2
1054 4 45 4
1055 4 58 4
1056 2 19 2
1057 2 25 2
1058 2 18 2
1059 2 17 2
1060 2 27 2
1061 2 13 2
1062 2 24 2
1063 2 24 2
1064 2 29 2
1065 2 36 2
1066 2 18 2
1067 3 25 3
1068 2 21 2
1069 2 21 2
1070 2 16 2
1071 2 12 2
1072 2 12 2
1073 3 16 3
1074 4 71 4
1075 2 18 2
1076 2 20 2
1077 2 51 2
1078 2 24 2
1079 2 28 2
1080 2 11 2
1081 2 14 2
1082 2 20 2
1083 2 38 2
1084 2 13 2
1085 2 13 2
1086 2 13 2
1087 2 23 2
1088 2 15 2
1089 3 27 3
1090 2 14 2
1091 2 56 2
1092 2 14 2
1093 2 20 2
1094 2 21 2
1095 2 21 2
1096 2 12 2
1097 2 15 2
1098 3 20 3
1099 2 44 2
1100 2 27 2
1101 2 19 2
1102 2 10 2
1103 2 14 2
1104 2 59 2
1105 2 12 2
1106 2 20 2
1107 2 14 2
1108 4 39 4
1109 2 12 2
1110 2 12 2
1111 2 24 2
1112 2 16 2
1113 2 15 2
1114 2 11 2
1115 2 14 2
1116 5 65 5
1117 3 35 3
1118 2 21 2
1119 2 13 2
1120 2 18 2
1121 2 34 2
1122 2 28 2
1123 3 22 3
1124 2 20 2
1125 2 26 2
1126 2 21 2
1127 2 28 2
1128 2 29 2
1129 3 55 3
1130 8 178 7
1131 2 29 2
1132 3 45 3
1133 2 14 2
1134 2 21 2
1135 2 26 2
1136 2 16 2
1137 2 29 2
1138 2 22 2
1139 2 33 2
1140 2 31 2
1141 3 76 3
1142 2 15 2
1143 2 12 2
1144 2 23 2
1145 2 11 2
1146 2 21 2
1147 5 40 5
1148 2 10 2
1149 2 18 2
1150 2 32 2
1151 3 26 3
1152 2 23 2
1153 3 27 3
1154 3 25 3
1155 2 11 2
1156 2 15 2
1157 2 22 2
1158 3 45 3
1159 4 35 4
1160 2 13 2
1161 3 40 3
1162 2 14 2
1163 2 13 2
1164 2 53 2
1165 3 51 3
1166 2 15 2
1167 3 20 3
1168 2 15 2
1169 2 19 2
1170 3 31 3
1171 2 26 2
1172 5 52 5
1173 2 29 2
1174 2 19 2
1175 3 24 3
1176 2 15 2
1177 2 24 2
1178 2 32 2
1179 2 21 2
1180 2 27 2
1181 2 28 2
1182 2 17 2
1183 2 14 2
1184 2 14 2
1185 4 40 4
1186 3 48 3
1187 2 20 2
1188 2 19 2
1189 2 17 2
1190 2 11 2
1191 3 53 3
1192 4 113 4
1193 2 16 2
1194 2 28 2
1195 3 48 3
1196 2 23 2
1197 2 15 2
1198 2 18 2
1199 3 41 3
1200 2 35 2
1201 4 40 4
1202 3 22 3
1203 5 56 5
1204 2 24 2
1205 2 29 2
1206 4 168 4
1207 3 68 3
1208 5 41 5
1209 4 67 4
1210 2 15 2
1211 2 26 2
1212 2 14 2
1213 2 23 2
1214 2 13 2
1215 5 65 5
1216 2 11 2
1217 2 21 2
1218 2 20 2
1219 3 48 3
1220 3 24 3
1221 2 48 2
1222 2 18 2
1223 2 44 2
1224 2 16 2
1225 2 14 2
1226 2 16 2
1227 3 74 3
1228 3 27 3
1229 2 26 2
1230 2 13 2
1231 2 59 2
1232 2 26 2
1233 2 13 2
1234 2 17 2
1235 3 55 3
1236 3 70 3
1237 2 18 2
1238 2 17 2
1239 2 25 2
1240 2 41 2
1241 2 20 2
1242 2 22 2
1243 2 42 2
1244 3 20 3
1245 2 34 2
1246 5 103 5
1247 2 23 2
1248 5 63 5
1249 3 102 3
1250 3 22 3
1251 2 61 2
1252 3 28 3
1253 7 68 5
1254 2 16 2
1255 2 19 2
1256 2 13 2
1257 2 19 2
1258 2 10 2
1259 2 16 2
1260 3 27 3
1261 2 25 2
1262 2 11 2
1263 3 34 3
1264 3 55 3
1265 2 19 2
1266 2 22 2
1267 2 26 2
1268 2 16 2
1269 3 33 3
1270 2 19 2
1271 2 28 2
1272 2 48 2
1273 2 12 2
1274 2 47 2
1275 2 23 2
1276 3 38 3
1277 3 54 3
1278 3 26 3
1279 2 12 2
1280 2 36 2
1281 2 28 2
1282 2 88 2
1283 2 14 2
1284 2 10 2
1285 2 15 2
1286 3 19 3
1287 3 18 3
1288 2 17 2
1289 2 37 2
1290 2 14 2
1291 2 33 2
1292 2 46 2
1293 2 14 2
1294 2 17 2
1295 2 23 2
1296 2 37 2
1297 2 15 2
1298 3 43 3
1299 2 17 2
1300 2 25 2
1301 2 18 2
1302 2 16 2
1303 2 21 2
1304 2 17 2
1305 2 26 2
1306 2 17 2
1307 2 43 2
1308 2 16 2
1309 3 38 3
1310 2 20 2
1311 3 56 3
1312 2 29 2
1313 2 25 2
1314 2 17 2
1315 2 26 2
1316 2 14 2
1317 2 20 2
1318 3 49 3
1319 2 15 2
1320 2 20 2
1321 2 21 2
1322 2 15 2
1323 2 11 2
1324 2 11 2
1325 2 16 2
1326 3 17 3
1327 3 24 3
1328 2 18 2
1329 2 12 2
1330 2 22 2
1331 2 12 2
1332 4 90 4
1333 2 11 2
1334 5 62 5
1335 3 23 3
1336 2 19 2
1337 2 51 2
1338 3 33 3
1339 2 12 2
1340 8 127 8
1341 2 13 2
1342 2 30 2
1343 3 40 3
1344 2 14 2
1345 2 13 2
1346 2 21 2
1347 5 123 5
1348 2 14 2
1349 2 15 2
1350 2 14 2
1351 2 23 2
1352 3 27 3
1353 2 12 2
1354 3 23 3
1355 2 42 2
1356 2 16 2
1357 2 12 2
1358 2 31 2
1359 2 26 2
1360 2 20 2
1361 2 11 2
1362 2 10 2
1363 2 22 2
1364 2 11 2
1365 3 18 3
1366 5 122 5
1367 6 75 5
1368 2 15 2
1369 4 55 4
1370 2 11 2
1371 2 11 2
1372 2 12 2
1373 4 47 4
1374 5 44 5
1375 2 16 2
1376 3 19 3
1377 2 15 2
1378 2 16 2
1379 2 54 2
1380 2 13 2
1381 3 17 3
1382 2 39 2
1383 2 24 2
1384 2 28 2
1385 2 21 2
1386 2 18 2
1387 2 19 2
1388 2 26 2
1389 3 21 3
1390 2 21 2
1391 3 22 3
1392 2 19 2
1393 2 19 2
1394 2 26 2
1395 2 12 2
1396 2 11 2
1397 3 41 3
1398 4 110 4
1399 2 33 2
1400 2 20 2
1401 3 57 3
1402 3 31 3
1403 2 13 2
1404 2 12 2
1405 3 45 3
1406 2 31 2
1407 2 17 2
1408 2 24 2
1409 3 28 3
1410 2 15 2
1411 2 19 2
1412 2 21 2
1413 2 32 2
1414 3 50 3
1415 2 15 2
1416 2 65 2
1417 2 20 2
1418 2 10 2
1419 2 29 2
1420 3 28 3
1421 2 17 2
1422 2 19 2
1423 2 13 2
1424 7 171 6
1425 2 24 2
1426 2 19 2
1427 2 14 2
1428 2 25 2
1429 3 36 3
1430 2 18 2
1431 6 58 5
1432 2 16 2
1433 2 11 2
1434 5 175 5
1435 2 12 2
1436 2 15 2
1437 3 44 3
1438 2 24 2
1439 2 23 2
1440 3 15 3
1441 2 19 2
1442 2 13 2
1443 2 32 2
1444 2 14 2
1445 2 11 2
1446 2 58 2
1447 3 38 3
1448 5 104 5
1449 4 54 4
1450 2 22 2
1451 3 23 3
1452 2 15 2
1453 2 44 2
1454 2 67 2
1455 2 45 2
1456 2 14 2
1457 2 28 2
1458 2 19 2
1459 2 19 2
1460 2 10 2
1461 2 25 2
1462 2 15 2
1463 3 31 3
1464 2 23 2
1465 2 12 2
1466 2 13 2
1467 2 18 2
1468 3 28 3
1469 2 17 2
1470 2 16 2
1471 2 10 2
1472 2 13 2
1473 2 30 2
1474 2 10 2
1475 2 33 2
1476 2 16 2
1477 2 15 2
1478 3 19 3
1479 2 20 2
1480 2 22 2
1481 3 44 3
1482 2 17 2
1483 3 32 3
1484 2 20 2
1485 3 23 3
1486 2 34 2
1487 2 38 2
1488 2 14 2
1489 2 13 2
1490 3 26 3
1491 2 11 2
1492 3 57 3
1493 2 13 2
1494 2 17 2
1495 3 46 3
1496 2 45 2
1497 2 12 2
1498 2 21 2
1499 2 17 2
1500 3 19 3
1501 2 17 2
1502 3 16 3
1503 4 81 4
1504 2 10 2
1505 2 16 2
1506 2 16 2
1507 3 35 3
1508 2 34 2
1509 3 34 3
1510 2 17 2
1511 2 13 2
1512 2 13 2
1513 2 11 2
1514 2 18 2
1515 3 25 3
1516 2 26 2
1517 2 20 2
1518 4 52 4
1519 3 28 3
1520 6 126 6
1521 2 13 2
1522 3 55 3
1523 2 37 2
1524 3 58 3
1525 2 40 2
1526 2 33 2
1527 3 33 3
1528 2 17 2
1529 2 17 2
1530 3 68 3
1531 3 33 3
1532 3 23 3
1533 4 80 4
1534 2 11 2
1535 2 25 2
1536 2 16 2
1537 4 41 4
1538 3 33 3
1539 2 16 2
1540 3 24 3
1541 2 22 2
1542 2 25 2
1543 2 26 2
1544 3 25 3
1545 4 46 4
1546 2 19 2
1547 2 11 2
1548 2 16 2
1549 3 79 3
1550 2 20 2
1551 2 12 2
1552 2 42 2
1553 2 21 2
1554 2 11 2
1555 3 21 3
1556 3 37 3
1557 2 13 2
1558 2 15 2
1559 2 10 2
1560 3 27 3
1561 2 14 2
1562 2 11 2
1563 2 27 2
1564 2 17 2
1565 2 14 2
1566 2 11 2
1567 2 31 2
1568 2 25 2
1569 2 13 2
1570 2 27 2
1571 3 24 3
1572 2 20 2
1573 2 17 2
1574 2 13 2
1575 2 24 2
1576 2 28 2
1577 2 36 2
1578 2 12 2
1579 3 23 3
1580 2 14 2
1581 2 51 2
1582 4 50 4
1583 2 15 2
1584 2 15 2
1585 2 26 2
1586 6 229 5
1587 3 22 3
1588 2 29 2
1589 2 28 2
1590 2 29 2
1591 2 16 2
1592 2 11 2
1593 2 18 2
1594 2 20 2
1595 2 15 2
1596 2 14 2
1597 7 143 6
1598 2 18 2
1599 2 18 2
1600 2 31 2
1601 2 16 2
1602 2 31 2
1603 3 27 3
1604 4 83 4
1605 2 15 2
1606 3 28 3
1607 2 23 2
1608 3 22 3
1609 5 109 5
1610 2 17 2
1611 2 18 2
1612 2 14 2
1613 2 13 2
1614 3 22 3
1615 2 11 2
1616 4 46 4
1617 3 33 3
1618 4 28 4
1619 6 127 5
1620 2 10 2
1621 4 37 4
1622 2 24 2
1623 2 31 2
1624 4 38 4
1625 2 16 2
1626 2 19 2
1627 2 13 2
1628 2 21 2
1629 2 52 2
1630 2 50 2
1631 2 10 2
1632 2 20 2
1633 2 16 2
1634 2 30 2
1635 2 13 2
1636 2 17 2
1637 2 16 2
1638 2 36 2
1639 2 19 2
1640 2 14 2
1641 2 19 2
1642 2 19 2
1643 2 18 2
1644 2 13 2
1645 2 20 2
1646 2 17 2
1647 2 11 2
1648 3 36 3
1649 3 99 3
1650 2 47 2
1651 2 11 2
1652 2 37 2
1653 2 25 2
1654 2 27 2
1655 4 90 4
1656 2 17 2
1657 2 29 2
1658 2 15 2
1659 2 19 2
1660 3 29 3
1661 2 28 2
1662 3 23 3
1663 2 37 2
1664 3 32 3
1665 2 17 2
1666 4 120 4
1667 2 20 2
1668 2 14 2
1669 2 13 2
1670 2 10 2
1671 2 22 2
1672 3 28 3
1673 2 20 2
1674 3 22 3
1675 9 126 7
1676 2 13 2
1677 2 35 2
1678 2 18 2
1679 2 22 2
1680 2 43 2
1681 3 33 3
1682 2 17 2
1683 2 21 2
1684 2 14 2
1685 2 17 2
1686 2 10 2
1687 2 11 2
1688 2 20 2
1689 2 13 2
1690 2 17 2
1691 2 10 2
1692 2 98 2
1693 2 19 2
1694 2 16 2
1695 2 15 2
1696 2 29 2
1697 2 15 2
1698 2 17 2
1699 2 16 2
1700 2 47 2
1701 4 42 4
1702 2 18 2
1703 2 26 2
1704 3 38 3
1705 2 20 2
1706 2 17 2
1707 3 35 3
1708 4 109 4
1709 2 13 2
1710 2 43 2
1711 4 39 4
1712 2 12 2
1713 2 32 2
1714 2 36 2
1715 2 15 2
1716 2 12 2
1717 3 39 3
1718 2 32 2
1719 2 13 2
1720 2 11 2
1721 4 39 4
1722 2 17 2
1723 2 12 2
1724 4 120 4
1725 2 37 2
1726 3 27 3
1727 2 22 2
1728 2 64 2
1729 3 28 3
1730 2 19 2
1731 2 20 2
1732 3 22 3
1733 3 21 3
1734 5 55 5
1735 2 10 2
1736 2 23 2
1737 2 18 2
1738 2 18 2
1739 2 24 2
1740 2 14 2
1741 2 18 2
1742 2 23 2
1743 2 22 2
1744 2 14 2
1745 2 43 2
1746 2 18 2
1747 3 26 3
1748 6 139 5
1749 2 17 2
1750 2 15 2
1751 2 40 2
1752 2 17 2
1753 3 27 3
1754 2 21 2
1755 3 23 3
1756 2 10 2
1757 2 12 2
1758 2 34 2
1759 2 67 2
1760 3 87 3
1761 2 12 2
1762 5 61 5
1763 2 20 2
1764 3 40 3
1765 3 62 3
1766 2 24 2
1767 2 19 2
1768 3 31 3
1769 3 20 3
1770 2 30 2
1771 2 12 2
1772 2 28 2
1773 2 50 2
1774 2 11 2
1775 2 29 2
1776 2 15 2
1777 2 19 2
1778 2 44 2
1779 2 82 2
1780 2 14 2
1781 2 61 2
1782 2 11 2
1783 2 19 2
1784 2 32 2
1785 2 12 2
1786 2 15 2
1787 2 20 2
1788 2 16 2
1789 2 11 2
1790 3 34 3
1791 2 20 2
1792 2 11 2
1793 2 26 2
1794 2 19 2
1795 3 17 3
1796 3 24 3
1797 3 24 3
1798 2 38 2
1799 3 78 3
1800 2 14 2
1801 2 48 2
1802 4 105 4
1803 4 89 4
1804 3 20 3
1805 2 26 2
1806 2 36 2
1807 3 28 3
1808 2 56 2
1809 2 21 2
1810 6 129 6
1811 2 37 2
1812 2 32 2
1813 2 22 2
1814 2 13 2
1815 4 80 4
1816 4 35 4
1817 2 47 2
1818 2 17 2
1819 2 26 2
1820 2 19 2
1821 2 20 2
1822 4 68 4
1823 2 14 2
1824 2 14 2
1825 2 36 2
1826 2 26 2
1827 3 22 3
1828 2 22 2
1829 2 17 2
1830 2 20 2
1831 2 25 2
1832 3 24 3
1833 2 15 2
1834 2 14 2
1835 3 122 3
1836 2 14 2
1837 3 26 3
1838 2 48 2
1839 2 17 2
1840 2 23 2
1841 2 25 2
1842 2 12 2
1843 2 61 2
1844 3 23 3
1845 5 112 5
1846 2 12 2
1847 3 26 3
1848 2 16 2
1849 2 15 2
1850 2 38 2
1851 2 70 2
1852 2 18 2
1853 2 10 2
1854 2 15 2
1855 2 30 2
1856 2 20 2
1857 2 16 2
1858 2 16 2
1859 2 14 2
1860 2 12 2
1861 4 83 4
1862 3 32 3
1863 2 14 2
1864 2 10 2
1865 2 16 2
1866 2 10 2
1867 2 11 2
1868 3 58 3
1869 4 28 4
1870 2 18 2
1871 2 25 2
1872 2 17 2
1873 2 24 2
1874 2 12 2
1875 4 78 4
1876 2 17 2
1877 2 19 2
1878 2 15 2
1879 2 36 2
1880 2 41 2
1881 2 14 2
1882 2 67 2
1883 3 25 3
1884 2 14 2
1885 2 14 2
1886 4 78 4
1887 2 22 2
1888 2 16 2
1889 2 17 2
1890 2 24 2
1891 2 14 2
1892 3 28 3
1893 2 81 2
1894 2 31 2
1895 2 41 2
1896 2 22 2
1897 2 17 2
1898 2 23 2
1899 2 14 2
1900 2 14 2
1901 4 78 4
1902 4 113 4
1903 3 80 3
1904 2 20 2
1905 2 18 2
1906 3 22 3
1907 2 13 2
1908 2 21 2
1909 2 20 2
1910 2 32 2
1911 3 50 3
1912 2 55 2
1913 10 148 8
1914 2 26 2
1915 3 21 3
1916 2 15 2
1917 2 18 2
1918 2 21 2
1919 2 11 2
1920 2 12 2
1921 2 24 2
1922 3 27 3
1923 2 46 2
1924 2 17 2
1925 2 12 2
1926 3 38 3
1927 2 40 2
1928 3 50 3
1929 2 19 2
1930 2 17 2
1931 2 21 2
1932 4 30 4
1933 5 52 5
1934 2 22 2
1935 5 170 5
1936 3 27 3
1937 2 15 2
1938 2 23 2
1939 3 20 3
1940 2 12 2
1941 2 15 2
1942 2 17 2
1943 2 11 2
1944 2 38 2
1945 2 16 2
1946 3 53 3
1947 2 15 2
1948 2 17 2
1949 2 12 2
1950 2 14 2
1951 2 44 2
1952 2 57 2
1953 3 47 3
1954 2 29 2
1955 2 18 2
1956 2 22 2
1957 2 33 2
1958 4 60 4
1959 2 41 2
1960 3 120 3
1961 2 15 2
1962 2 15 2
1963 2 19 2
1964 4 100 4
1965 2 23 2
1966 3 22 3
1967 2 14 2
1968 2 21 2
1969 2 19 2
1970 3 40 3
1971 2 17 2
1972 2 30 2
1973 3 29 3
1974 2 18 2
1975 2 12 2
1976 2 16 2
1977 2 19 2
1978 2 11 2
1979 2 21 2
1980 2 16 2
1981 2 24 2
1982 2 24 2
1983 2 13 2
1984 2 15 2
1985 5 97 5
1986 2 22 2
1987 2 16 2
1988 2 16 2
1989 2 17 2
1990 3 48 3
1991 2 26 2
1992 2 16 2
1993 2 22 2
1994 4 110 4
1995 2 38 2
1996 2 13 2
1997 2 41 2
1998 2 19 2
1999 3 33 3
2000 5 109 5
2001 3 23 3
2002 2 12 2
2003 2 52 2
2004 2 28 2
2005 5 74 5
2006 2 14 2
2007 2 13 2
2008 2 59 2
2009 2 14 2
2010 3 48 3
2011 2 32 2
2012 11 429 10
2013 2 21 2
2014 2 25 2
2015 3 62 3
2016 2 10 2
2017 3 60 3
2018 3 30 3
2019 2 25 2
2020 3 38 3
2021 2 15 2
2022 2 40 2
2023 2 11 2
2024 2 43 2
2025 2 14 2
2026 3 60 3
2027 4 77 4
2028 2 20 2
2029 2 25 2
2030 2 15 2
2031 2 28 2
2032 2 33 2
2033 2 15 2
2034 4 78 4
2035 3 43 3
2036 2 16 2
2037 2 46 2
2038 2 17 2
2039 2 21 2
2040 2 69 2
2041 2 11 2
2042 4 74 4
2043 2 11 2
2044 2 16 2
2045 2 15 2
2046 2 14 2
2047 2 14 2
2048 2 14 2
2049 3 39 3
2050 2 12 2
2051 4 138 4
2052 2 18 2
2053 2 11 2
2054 3 24 3
2055 2 11 2
2056 2 23 2
2057 2 21 2
2058 3 23 3
2059 2 12 2
2060 2 12 2
2061 2 15 2
2062 2 14 2
2063 2 11 2
2064 2 21 2
2065 2 15 2
2066 2 24 2
2067 2 15 2
2068 2 13 2
2069 3 46 3
2070 2 13 2
2071 2 43 2
2072 2 16 2
2073 2 30 2
2074 2 17 2
2075 2 22 2
2076 2 24 2
2077 2 23 2
2078 2 38 2
2079 2 35 2
2080 2 21 2
2081 2 12 2
2082 2 12 2
2083 2 16 2
2084 3 37 3
2085 2 20 2
2086 2 59 2
2087 2 16 2
2088 2 15 2
2089 2 20 2
2090 3 20 3
2091 3 24 3
2092 2 19 2
2093 3 18 3
2094 3 67 3
2095 2 34 2
2096 3 27 3
2097 5 82 5
2098 2 12 2
2099 2 22 2
2100 2 23 2
2101 2 17 2
2102 2 24 2
2103 2 24 2
2104 2 25 2
2105 2 16 2
2106 2 18 2
2107 2 18 2
2108 2 47 2
2109 2 15 2
2110 2 17 2
2111 2 23 2
2112 3 60 3
2113 3 39 3
2114 2 11 2
2115 2 13 2
2116 2 15 2
2117 3 90 3
2118 3 39 3
2119 2 24 2
2120 3 32 3
2121 2 12 2
2122 2 11 2
2123 2 17 2
2124 2 15 2
2125 2 25 2
2126 2 12 2
2127 2 101 2
2128 2 22 2
2129 2 11 2
2130 2 16 2
2131 2 12 2
2132 2 15 2
2133 2 14 2
2134 2 23 2
2135 2 93 2
2136 2 14 2
2137 2 10 2
2138 2 11 2
2139 2 17 2
2140 3 28 3
2141 2 29 2
2142 2 20 2
2143 2 34 2
2144 2 17 2
2145 2 13 2
2146 2 17 2
2147 3 36 3
2148 3 25 3
2149 2 14 2
2150 2 33 2
2151 2 27 2
2152 2 20 2
2153 2 15 2
2154 2 19 2
2155 2 17 2
2156 2 13 2
2157 3 32 3
2158 3 84 3
2159 2 12 2
2160 2 20 2
2161 2 16 2
2162 4 35 4
2163 2 44 2
2164 3 29 3
2165 2 59 2
2166 2 14 2
2167 2 19 2
2168 2 19 2
2169 2 16 2
2170 4 102 4
2171 2 10 2
2172 2 13 2
2173 3 20 3
2174 2 28 2
2175 2 18 2
2176 3 87 3
2177 3 35 3
2178 2 20 2
2179 3 103 3
2180 2 19 2
2181 5 68 5
2182 2 10 2
2183 2 19 2
2184 2 11 2
2185 2 40 2
2186 2 114 2
2187 2 14 2
2188 2 27 2
2189 2 19 2
2190 2 14 2
2191 3 26 3
2192 2 13 2
2193 3 43 3
2194 2 18 2
2195 3 30 3
2196 5 286 5
2197 2 10 2
2198 2 26 2
2199 2 22 2
2200 3 21 3
2201 2 31 2
2202 2 21 2
2203 3 41 3
2204 2 22 2
2205 2 22 2
2206 2 11 2
2207 2 11 2
2208 3 30 3
2209 2 19 2
2210 2 11 2
2211 5 70 5
2212 2 15 2
2213 2 27 2
2214 2 19 2
2215 2 43 2
2216 3 65 3
2217 5 164 5
2218 2 20 2
2219 2 13 2
2220 2 26 2
2221 2 15 2
2222 3 34 3
2223 2 18 2
2224 2 12 2
2225 2 19 2
2226 2 14 2
2227 2 19 2
2228 2 22 2
2229 2 47 2
2230 2 22 2
2231 2 20 2
2232 3 117 3
2233 2 24 2
2234 2 12 2
2235 3 30 3
2236 2 18 2
2237 2 14 2
2238 2 22 2
2239 3 26 3
2240 3 102 3
2241 2 12 2
2242 2 13 2
2243 2 19 2
2244 2 23 2
2245 3 22 3
2246 2 13 2
2247 2 23 2
2248 7 191 6
2249 3 36 3
2250 2 13 2
2251 7 500 6
2252 2 10 2
2253 2 15 2
2254 2 20 2
2255 2 15 2
2256 2 26 2
2257 6 43 5
2258 2 39 2
2259 2 14 2
2260 2 14 2
2261 5 197 5
2262 2 78 2
2263 2 13 2
2264 2 20 2
2265 2 14 2
2266 5 136 5
2267 2 15 2
2268 2 26 2
2269 2 152 2
2270 2 26 2
2271 4 137 4
2272 2 12 2
2273 2 12 2
2274 2 14 2
2275 2 19 2
2276 2 12 2
2277 2 11 2
2278 2 19 2
2279 2 11 2
2280 2 12 2
2281 2 30 2
2282 3 70 3
2283 2 25 2
2284 2 21 2
2285 9 199 7
2286 3 18 3
2287 2 11 2
2288 2 15 2
2289 2 21 2
2290 2 14 2
2291 2 17 2
2292 2 13 2
2293 2 10 2
2294 2 12 2
2295 2 15 2
2296 2 42 2
2297 2 35 2
2298 2 22 2
2299 2 27 2
2300 2 28 2
2301 5 58 5
2302 2 10 2
2303 2 14 2
2304 4 35 4
2305 2 13 2
2306 2 17 2
2307 2 23 2
2308 3 128 3
2309 2 10 2
2310 2 30 2
2311 4 53 4
2312 7 76 6
2313 2 16 2
2314 3 16 3
2315 2 20 2
2316 2 10 2
2317 2 10 2
2318 3 34 3
2319 2 11 2
2320 3 84 3
2321 2 13 2
2322 4 101 4
2323 2 15 2
2324 3 45 3
2325 4 42 4
2326 4 88 4
2327 6 112 6
2328 2 14 2
2329 3 20 3
2330 3 38 3
2331 2 12 2
2332 2 11 2
2333 3 34 3
2334 3 28 3
2335 2 10 2
2336 2 16 2
2337 2 17 2
2338 2 12 2
2339 2 13 2
2340 2 45 2
2341 2 15 2
2342 2 13 2
2343 2 10 2
2344 3 41 3
2345 4 94 4
2346 2 27 2
2347 3 23 3
2348 2 13 2
2349 2 21 2
2350 2 12 2
2351 2 11 2
2352 2 16 2
2353 2 68 2
2354 2 34 2
2355 2 84 2
2356 2 19 2
2357 2 19 2
2358 2 35 2
2359 2 24 2
2360 3 206 3
2361 2 10 2
2362 2 16 2
2363 3 27 3
2364 2 18 2
2365 2 31 2
2366 10 372 9
2367 2 16 2
2368 3 26 3
2369 2 18 2
2370 2 13 2
2371 2 20 2
2372 2 24 2
2373 2 16 2
2374 2 46 2
2375 2 19 2
2376 2 22 2
2377 2 206 2
2378 2 14 2
2379 2 19 2
2380 2 21 2
2381 3 41 3
2382 2 17 2
2383 2 42 2
2384 2 21 2
2385 4 77 4
2386 2 12 2
2387 3 28 3
2388 3 94 3
2389 2 44 2
2390 2 23 2
2391 2 11 2
2392 4 156 4
2393 2 33 2
2394 3 17 3
2395 2 24 2
2396 3 48 3
2397 2 33 2
2398 3 33 3
2399 2 40 2
2400 3 21 3
2401 2 21 2
2402 3 42 3
2403 2 31 2
2404 2 13 2
2405 3 38 3
2406 6 246 5
2407 2 10 2
2408 2 16 2
2409 2 10 2
2410 2 21 2
2411 2 21 2
2412 2 15 2
2413 3 36 3
2414 2 24 2
2415 3 71 3
2416 2 14 2
2417 2 26 2
2418 3 30 3
2419 2 14 2
2420 2 39 2
2421 2 10 2
2422 2 11 2
2423 3 20 3
2424 2 19 2
2425 2 18 2
2426 2 10 2
2427 2 10 2
2428 2 12 2
2429 2 18 2
2430 2 12 2
2431 3 67 3
2432 4 155 4
2433 3 28 3
2434 3 31 3
2435 3 81 3
2436 2 35 2
2437 2 17 2
2438 2 12 2
2439 2 10 2
2440 2 19 2
2441 4 44 4
2442 2 22 2
2443 2 23 2
2444 3 26 3
2445 3 40 3
2446 3 57 3
2447 4 133 4
2448 2 15 2
2449 2 13 2
2450 2 20 2
2451 4 118 4
2452 2 15 2
2453 3 54 3
2454 2 15 2
2455 2 22 2
2456 2 24 2
2457 2 16 2
2458 2 34 2
2459 2 16 2
2460 4 186 4
2461 2 20 2
2462 3 23 3
2463 2 15 2
2464 4 29 4
2465 3 108 3
2466 3 26 3
2467 4 46 4
2468 2 14 2
2469 2 14 2
2470 2 24 2
2471 3 75 3
2472 2 22 2
2473 2 18 2
2474 2 59 2
2475 2 22 2
2476 3 48 3
2477 2 38 2
2478 3 86 3
2479 3 47 3
2480 2 19 2
2481 2 17 2
2482 2 30 2
2483 3 29 3
2484 2 23 2
2485 2 22 2
2486 2 28 2
2487 3 71 3
2488 2 15 2
2489 2 28 2
2490 2 17 2
2491 2 16 2
2492 3 30 3
2493 3 34 3
2494 2 12 2
2495 4 88 4
2496 2 13 2
2497 4 27 4
2498 2 27 2
2499 3 30 3
2500 2 30 2
2501 2 24 2
2502 2 33 2
2503 3 38 3
2504 2 11 2
2505 2 71 2
2506 2 10 2
2507 2 12 2
2508 2 14 2
2509 2 21 2
2510 2 30 2
2511 2 20 2
2512 5 67 5
2513 3 68 3
2514 4 93 4
2515 2 13 2
2516 2 79 2
2517 2 34 2
2518 2 81 2
2519 2 32 2
2520 2 15 2
2521 3 55 3
2522 2 43 2
2523 2 33 2
2524 2 11 2
2525 2 58 2
2526 2 22 2
2527 2 35 2
2528 2 19 2
2529 2 19 2
2530 2 14 2
2531 2 16 2
2532 2 27 2
2533 2 28 2
2534 2 10 2
2535 2 20 2
2536 2 13 2
2537 2 11 2
2538 2 23 2
2539 2 10 2
2540 2 47 2
2541 2 26 2
2542 2 50 2
2543 5 49 5
2544 3 100 3
2545 2 32 2
2546 2 10 2
2547 2 18 2
2548 2 34 2
2549 5 135 5
2550 2 26 2
2551 2 21 2
2552 3 42 3
2553 2 25 2
2554 3 35 3
2555 4 48 4
2556 2 12 2
2557 2 38 2
2558 2 18 2
2559 2 25 2
2560 2 15 2
2561 2 26 2
2562 3 124 3
2563 2 21 2
2564 2 23 2
2565 2 33 2
2566 2 15 2
2567 2 17 2
2568 2 35 2
2569 2 26 2
2570 2 26 2
2571 2 95 2
2572 2 53 2
2573 2 44 2
2574 2 57 2
2575 2 30 2
2576 2 32 2
2577 2 18 2
2578 2 19 2
2579 3 54 3
2580 2 15 2
2581 6 602 6
2582 2 14 2
2583 2 31 2
2584 2 25 2
2585 5 134 5
2586 2 35 2
2587 2 16 2
2588 2 21 2
2589 3 34 3
2590 2 10 2
2591 2 39 2
2592 2 54 2
2593 2 24 2
2594 4 27 4
2595 2 15 2
2596 2 52 2
2597 2 50 2
2598 2 40 2
2599 2 11 2
2600 3 23 3
2601 2 27 2
2602 2 12 2
2603 2 17 2
2604 3 41 3
2605 2 29 2
2606 2 65 2
2607 2 19 2
2608 2 19 2
2609 4 67 4
2610 3 72 3
2611 6 109 5
2612 2 18 2
2613 3 26 3
2614 2 20 2
2615 2 85 2
2616 3 45 3
2617 2 27 2
2618 4 70 4
2619 4 55 4
2620 2 14 2
2621 2 13 2
2622 2 16 2
2623 2 17 2
2624 3 69 3
2625 2 22 2
2626 3 16 3
2627 3 44 3
2628 2 27 2
2629 3 46 3
2630 3 28 3
2631 2 19 2
2632 2 23 2
2633 4 50 4
2634 2 22 2
2635 3 28 3
2636 2 13 2
2637 2 22 2
2638 4 57 4
2639 3 126 3
2640 3 47 3
2641 3 45 3
2642 2 71 2
2643 3 34 3
2644 3 34 3
2645 2 13 2
2646 3 17 3
2647 2 18 2
2648 2 17 2
2649 2 26 2
2650 2 11 2
2651 2 19 2
2652 5 84 5
2653 2 14 2
2654 2 19 2
2655 4 60 4
2656 2 115 2
2657 3 93 3
2658 2 12 2
2659 3 33 3
2660 2 20 2
2661 3 37 3
2662 2 50 2
2663 3 22 3
2664 2 18 2
2665 2 20 2
2666 2 36 2
2667 3 92 3
2668 3 68 3
2669 2 11 2
2670 2 13 2
2671 2 12 2
2672 3 151 3
2673 2 22 2
2674 2 18 2
2675 2 18 2
2676 3 31 3
2677 3 23 3
2678 2 23 2
2679 5 56 5
2680 2 19 2
2681 4 85 4
2682 2 29 2
2683 2 20 2
2684 2 14 2
2685 3 33 3
2686 2 85 2
2687 3 77 3
2688 2 23 2
2689 3 17 3
2690 3 58 3
2691 2 17 2
2692 2 18 2
2693 3 29 3
2694 2 24 2
2695 6 145 5
2696 2 12 2
2697 3 18 3
2698 2 21 2
2699 3 49 3
2700 2 48 2
2701 2 16 2
2702 2 20 2
2703 2 65 2
2704 2 28 2
2705 3 28 3
2706 4 80 4
2707 2 11 2
2708 2 15 2
2709 2 19 2
2710 4 272 4
2711 4 1081 4
2712 3 38 3
2713 2 14 2
2714 3 43 3
2715 4 31 4
2716 2 13 2
2717 2 24 2
2718 2 24 2
2719 2 20 2
2720 2 11 2
2721 2 27 2
2722 2 19 2
2723 6 174 6
2724 4 161 4
2725 3 35 3
2726 2 17 2
2727 3 30 3
2728 2 11 2
2729 6 166 5
2730 3 30 3
2731 2 15 2
2732 2 33 2
2733 3 103 3
2734 3 18 3
2735 2 14 2
2736 2 15 2
2737 2 12 2
2738 2 15 2
2739 7 56 5
2740 2 14 2
2741 3 59 3
2742 2 25 2
2743 3 116 3
2744 2 16 2
2745 4 67 4
2746 2 13 2
2747 2 21 2
2748 3 54 3
2749 2 15 2
2750 2 11 2
2751 2 14 2
2752 2 17 2
2753 2 13 2
2754 2 17 2
2755 2 21 2
2756 2 23 2
2757 4 54 4
2758 2 23 2
2759 2 12 2
2760 3 250 3
2761 2 11 2
2762 3 29 3
2763 3 30 3
2764 4 75 4
2765 3 18 3
2766 2 20 2
2767 3 24 3
2768 3 25 3
2769 2 12 2
2770 3 28 3
2771 2 13 2
2772 2 22 2
2773 2 12 2
2774 2 37 2
2775 2 14 2
2776 2 17 2
2777 2 14 2
2778 2 22 2
2779 3 80 3
2780 2 16 2
2781 2 36 2
2782 2 13 2
2783 2 20 2
2784 2 23 2
2785 2 16 2
2786 2 42 2
2787 2 66 2
2788 2 56 2
2789 2 13 2
2790 2 11 2
2791 2 21 2
2792 3 88 3
2793 2 11 2
2794 2 22 2
2795 2 32 2
2796 2 10 2
2797 2 18 2
2798 3 26 3
2799 2 19 2
2800 2 30 2
2801 3 102 3
2802 4 106 4
2803 2 13 2
2804 2 41 2
2805 2 26 2
2806 2 23 2
2807 2 36 2
2808 2 30 2
2809 4 100 4
2810 3 67 3
2811 2 19 2
2812 2 10 2
2813 2 16 2
2814 2 14 2
2815 3 40 3
2816 2 11 2
2817 3 23 3
2818 2 13 2
2819 2 13 2
2820 2 16 2
2821 2 16 2
2822 2 59 2
2823 4 41 4
2824 4 115 4
2825 2 22 2
2826 2 13 2
2827 2 18 2
2828 2 35 2
2829 2 16 2
2830 3 43 3
2831 2 16 2
2832 2 15 2
2833 4 108 4
2834 8 289 7
2835 2 29 2
2836 3 22 3
2837 2 16 2
2838 2 22 2
2839 2 13 2
2840 2 34 2
2841 2 10 2
2842 3 74 3
2843 2 24 2
2844 4 92 4
2845 3 49 3
2846 2 17 2
2847 2 18 2
2848 3 64 3
2849 2 21 2
2850 4 91 4
2851 2 36 2
2852 5 78 5
2853 3 25 3
2854 2 12 2
2855 2 13 2
2856 6 72 5
2857 2 18 2
2858 2 17 2
2859 2 43 2
2860 3 140 3
2861 2 21 2
2862 3 27 3
2863 2 18 2
2864 2 62 2
2865 2 13 2
2866 6 110 6
2867 2 26 2
2868 2 17 2
2869 2 30 2
2870 3 82 3
2871 3 46 3
2872 2 53 2
2873 4 77 4
2874 2 46 2
2875 2 31 2
2876 2 13 2
2877 3 35 3
2878 3 39 3
2879 2 16 2
2880 2 23 2
2881 2 18 2
2882 3 43 3
2883 2 19 2
2884 3 42 3
2885 4 100 4
2886 2 13 2
2887 2 15 2
2888 2 10 2
2889 2 12 2
2890 2 10 2
2891 2 27 2
2892 2 28 2
2893 2 23 2
2894 2 22 2
2895 2 13 2
2896 2 52 2
2897 3 43 3
2898 2 197 2
2899 2 21 2
2900 2 26 2
2901 2 25 2
2902 3 141 3
2903 3 24 3
2904 2 61 2
2905 2 60 2
2906 2 20 2
2907 2 18 2
2908 2 15 2
2909 2 17 2
2910 3 56 3
2911 2 19 2
2912 2 12 2
2913 2 34 2
2914 3 23 3
2915 4 57 4
2916 2 15 2
2917 2 15 2
2918 2 19 2
2919 2 13 2
2920 2 16 2
2921 2 17 2
2922 2 12 2
2923 2 15 2
2924 2 35 2
2925 2 12 2
2926 4 60 4
2927 2 17 2
2928 2 14 2
2929 3 34 3
2930 2 17 2
2931 6 177 5
2932 2 12 2
2933 3 70 3
2934 4 37 4
2935 2 20 2
2936 2 15 2
2937 2 22 2
2938 2 19 2
2939 2 76 2
2940 2 45 2
2941 3 87 3
2942 3 38 3
2943 2 23 2
2944 6 534 6
2945 2 14 2
2946 5 113 5
2947 2 13 2
2948 2 29 2
2949 2 21 2
2950 3 99 3
2951 2 11 2
2952 2 12 2
2953 2 74 2
2954 4 26 4
2955 2 41 2
2956 2 11 2
2957 2 16 2
2958 2 23 2
2959 3 69 3
2960 3 57 3
2961 2 20 2
2962 2 16 2
2963 2 21 2
2964 4 106 4
2965 2 12 2
2966 2 41 2
2967 2 16 2
2968 2 16 2
2969 2 18 2
2970 2 16 2
2971 2 11 2
2972 2 23 2
2973 2 19 2
2974 2 10 2
2975 3 50 3
2976 2 21 2
2977 3 58 3
2978 3 53 3
2979 2 21 2
2980 2 30 2
2981 2 18 2
2982 2 21 2
2983 2 18 2
2984 4 122 4
2985 3 24 3
2986 2 55 2
2987 2 60 2
2988 2 12 2
2989 2 43 2
2990 2 34 2
2991 2 16 2
2992 3 19 3
2993 3 24 3
2994 2 106 2
2995 2 22 2
2996 2 26 2
2997 3 47 3
2998 2 20 2
2999 2 10 2
3000 3 18 3
3001 3 37 3
3002 2 12 2
3003 2 10 2
3004 2 14 2
3005 2 33 2
3006 4 79 4
3007 3 34 3
3008 2 14 2
3009 2 17 2
3010 2 26 2
3011 6 86 6
3012 3 46 3
3013 2 15 2
3014 2 23 2
3015 2 28 2
3016 2 23 2
3017 2 12 2
3018 2 82 2
3019 4 68 4
3020 2 14 2
3021 2 17 2
3022 2 31 2
3023 2 29 2
3024 4 75 4
3025 2 16 2
3026 2 46 2
3027 2 17 2
3028 3 24 3
3029 2 24 2
3030 2 26 2
3031 2 28 2
3032 2 27 2
3033 2 10 2
3034 3 57 3
3035 3 66 3
3036 4 42 4
3037 2 11 2
3038 2 41 2
3039 2 72 2
3040 3 63 3
3041 2 11 2
3042 3 26 3
3043 5 112 5
3044 2 17 2
3045 3 51 3
3046 2 25 2
3047 3 87 3
3048 2 13 2
3049 2 12 2
3050 2 21 2
3051 2 10 2
3052 2 33 2
3053 2 11 2
3054 2 25 2
3055 2 10 2
3056 3 30 3
3057 2 15 2
3058 4 56 4
3059 2 13 2
3060 2 20 2
3061 2 71 2
3062 3 27 3
3063 2 11 2
3064 2 20 2
3065 2 11 2
3066 2 10 2
3067 2 11 2
3068 3 29 3
3069 3 35 3
3070 2 10 2
3071 2 24 2
3072 2 38 2
3073 2 19 2
3074 5 91 5
3075 2 15 2
3076 4 53 4
3077 2 31 2
3078 2 32 2
3079 2 51 2
3080 2 22 2
3081 2 70 2
3082 4 67 4
3083 2 10 2
3084 3 41 3
3085 2 33 2
3086 2 74 2
3087 3 46 3
3088 2 15 2
3089 5 160 5
3090 2 24 2
3091 2 19 2
3092 2 29 2
3093 4 161 4
3094 2 20 2
3095 2 37 2
3096 2 11 2
3097 2 17 2
3098 2 36 2
3099 2 12 2
3100 2 33 2
3101 2 19 2
3102 4 59 4
3103 2 31 2
3104 2 20 2
3105 2 35 2
3106 2 15 2
3107 4 40 4