0 232 1130 76 1130 76 232 4 15 27 232 232 76 7 4 27 
1 76 232 624 76 232 232 232 64 51 232 
2 1130 51 76 232 51 194 4 
3 1130 232 1572 51 27 1340 1130 1597 149 
4 51 232 232 232 232 76 1130 407 232 51 2388 149 76 51 624 4 232 205 
5 558 76 282 76 2757 51 906 1130 1130 205 51 51 51 76 378 76 149 
6 232 232 205 232 40 
7 232 508 232 4 44 205 1130 76 51 232 53 232 51 198 1130 232 232 27 
8 1597 232 558 11 1340 232 51 232 1340 1130 2834 
9 76 149 574 232 232 1130 51 146 76 76 232 640 232 232 232 232 
10 4 232 906 1130 4 232 1130 1130 51 232 232 1130 232 1130 76 232 232 76 
11 76 76 232 4 232 51 51 232 4 76 232 232 76 76 51 51 232 51 76 363 
12 232 4 1130 27 51 76 76 51 76 51 1130 51 36 
13 51 624 232 76 4 1130 27 76 
14 232 5 51 76 232 232 76 232 40 76 1130 76 76 
15 2834 232 117 76 232 49 232 232 232 11 232 205 149 
16 232 1340 5 51 232 76 2834 4 1130 232 76 51 232 1130 2834 4 
17 232 126 232 1130 76 232 
18 190 1130 27 258 1130 1130 232 1130 232 1130 232 232 232 232 4 11 1734 232 4 
19 2312 232 1311 51 232 1527 4 619 232 507 1130 290 232 76 232 
20 232 76 205 51 71 4 232 76 2038 51 5 358 40 27 232 232 1130 406 232 
21 205 4 51 194 76 508 76 4 76 51 76 1374 51 1130 76 76 190 
22 232 232 232 4 11 76 1130 906 1130 2327 232 1130 232 51 232 53 232 
23 2757 23 232 232 194 232 232 232 378 76 1130 76 232 232 232 232 232 
24 232 51 11 343 232 51 1130 51 1130 2915 232 232 
25 232 232 1130 190 1130 232 232 5 232 
26 51 47 51 232 232 1823 232 11 
27 29 508 76 232 2300 232 232 232 194 232 
28 302 232 51 232 232 508 232 232 62 232 232 194 76 76 1823 76 232 
29 51 232 232 40 194 232 232 76 51 76 194 76 1130 232 232 232 4 53 232 76 
30 3062 76 232 232 232 76 232 51 232 232 76 76 27 
31 34 378 232 232 4 232 937 1909 232 76 5 1130 232 232 194 
32 4 232 1130 76 4 76 51 91 76 1130 906 1130 706 27 1130 166 1130 53 407 2117 
33 232 232 190 4 51 1130 1130 232 232 51 232 2834 2757 40 
34 1257 76 76 91 76 51 232 76 947 76 40 232 232 166 194 1130 41 
35 76 76 191 232 76 232 1130 232 232 51 146 76 76 51 76 51 
36 232 232 194 1130 232 40 232 1130 232 290 1130 27 51 4 
37 76 508 205 906 232 76 76 51 232 51 232 232 232 76 
38 5 232 76 232 27 407 51 76 223 76 76 232 1130 232 205 27 
39 76 232 232 51 1340 232 76 558 2248 4 232 51 51 205 232 
40 1130 232 51 76 5 51 51 76 76 1025 232 51 76 4 51 
41 76 232 378 906 4 76 76 27 76 232 906 76 232 194 194 232 232 76 232 232 
43 358 40 232 558 76 1130 76 2327 51 4 4 627 194 232 232 76 378 
44 232 76 232 51 134 232 232 232 194 232 232 76 232 232 40 76 76 232 232 76 
45 232 41 40 232 51 1810 51 11 232 232 76 51 232 149 205 51 190 
46 76 51 232 194 232 1130 4 4 558 1130 51 51 76 76 51 
47 1130 1130 232 378 232 232 232 27 2655 378 232 906 
48 232 205 232 76 76 205 76 76 232 53 232 1597 232 11 508 51 627 232 
50 76 205 232 4 51 232 76 619 232 4 51 2581 232 232 51 232 
51 51 76 76 1340 232 76 232 232 76 76 1130 51 232 232 1130 51 76 
52 27 697 378 4 232 2248 76 76 205 508 232 8 2248 76 407 
53 4 232 937 232 232 232 232 539 1130 619 232 11 1130 232 232 2716 232 
54 3043 232 205 232 232 4 205 232 232 1130 232 232 893 232 51 232 51 
56 76 378 1130 2723 232 1340 194 51 51 76 4 232 876 76 
57 51 76 232 4 232 198 76 1340 51 76 76 558 76 232 232 2834 
58 51 27 232 232 232 2266 4 232 198 76 1340 558 76 76 232 232 
59 40 51 1340 232 232 4 205 40 232 232 508 194 232 232 2834 232 
60 51 1340 76 51 1130 232 4 76 76 232 76 232 76 2271 232 2844 76 232 
63 47 232 76 4 194 205 149 232 205 232 76 232 232 1130 51 232 
64 27 232 11 2248 76 76 232 76 4 51 76 232 76 2248 1130 190 1130 489 232 
65 232 205 51 4 2834 38 5 358 232 1198 40 232 4 
66 232 76 2834 51 11 51 232 1340 232 51 76 205 51 76 149 232 
67 232 4 76 232 232 2266 4 232 232 2897 232 232 
68 232 232 51 1130 1130 232 76 205 51 223 906 1130 363 1130 76 232 
69 508 40 205 232 232 232 232 232 232 1130 232 232 1130 4 2834 76 76 2834 
70 51 74 232 1130 1130 76 232 1130 11 232 205 1130 205 232 36 51 
71 4 232 76 906 51 1130 232 76 1130 76 232 205 1130 
72 51 232 4 2944 205 205 232 51 232 1130 1130 4 407 1448 407 2757 
73 51 232 11 524 11 4 27 290 1130 40 232 76 76 
74 1130 232 232 76 11 378 232 558 1130 76 51 76 232 232 
76 1130 194 232 
77 4 232 51 76 4 51 76 51 232 51 51 1025 53 51 51 51 
78 4 1130 76 1130 232 190 51 76 76 232 76 51 51 232 51 232 2834 51 
79 76 232 11 232 302 76 91 51 51 1130 232 47 232 302 302 51 232 
80 4 232 76 232 194 232 1130 76 76 76 51 232 1130 232 51 378 
81 232 51 1674 232 405 51 232 232 51 1130 51 232 1130 146 232 2459 51 4 51 
82 232 2723 76 286 76 4 1130 146 232 40 76 4 205 508 1130 1130 232 51 
83 232 232 1130 194 76 232 4 232 194 1130 1130 190 41 4 51 51 
84 51 232 76 4 232 640 232 205 4 232 53 
86 51 51 508 51 232 35 407 232 232 4 
87 11 76 1130 51 27 76 232 11 1130 290 6 76 1130 232 232 
88 259 232 232 4 343 51 232 232 232 205 1130 232 76 205 11 
89 2248 232 51 51 539 11 4 232 232 407 11 232 76 194 205 35 363 4 51 
90 76 508 1597 76 1058 232 232 232 35 27 167 76 76 232 232 
91 1130 1130 1130 1130 76 51 76 51 51 1810 1130 232 
92 501 76 146 4 76 232 232 407 76 232 508 407 205 194 232 258 76 
94 4 232 194 232 232 146 51 232 40 76 232 960 358 1810 1130 232 937 51 232 
95 574 232 508 232 86 76 51 76 76 76 232 44 232 
96 232 76 1130 40 4 4 76 51 11 508 1338 344 232 4 
97 51 76 1340 51 558 76 232 232 232 51 232 232 76 76 2834 
98 2723 51 76 1220 51 282 407 1130 51 76 2915 205 1130 198 232 76 76 
99 232 25 1130 1130 1340 76 232 302 40 2964 232 51 232 232 76 407 
101 232 76 378 2757 51 27 76 51 76 51 232 4 
103 40 76 232 232 194 1347 232 508 76 508 1130 51 1347 1130 27 232 232 
104 2248 232 558 51 2005 27 232 232 2005 232 232 558 232 1130 232 76 232 
105 232 51 91 232 232 232 76 198 76 508 5 232 1448 
106 1130 27 3062 232 76 232 11 40 76 11 76 40 37 290 232 76 40 4 232 
107 4 2196 232 232 1340 2757 232 51 76 76 2388 40 146 232 1130 
108 232 47 51 906 4 76 40 232 76 407 232 76 205 4 76 76 
109 232 232 232 378 2834 2757 76 232 1340 4 232 1130 51 1340 232 232 162 232 4 
110 344 232 232 232 232 1130 1601 232 232 232 205 
111 51 4 937 76 76 1130 51 11 40 232 51 507 290 76 232 378 407 
112 76 232 1130 558 1448 51 232 232 232 1130 76 232 232 530 2757 232 4 
113 232 232 76 232 232 51 232 51 76 232 76 232 190 76 
114 232 232 49 906 406 232 205 51 232 76 76 232 5 51 232 232 76 
115 11 232 76 1130 51 232 232 2757 51 232 1810 1130 
116 558 2834 232 1198 232 558 969 508 232 232 232 508 232 76 232 51 232 232 76 
117 232 153 232 51 232 76 51 232 232 232 232 1130 190 232 205 232 184 
118 2327 205 407 4 1130 76 205 40 76 76 51 194 232 76 232 232 27 
119 508 4 1340 51 4 1597 11 51 232 257 232 4 232 1130 2834 
120 1768 378 232 232 232 232 149 232 232 1130 40 51 558 51 378 1448 205 
121 1130 6 5 51 232 2327 1130 232 57 76 232 190 232 
122 76 508 232 1597 1130 76 51 937 1130 232 27 232 53 51 
123 194 76 1130 232 906 4 1130 76 232 1130 51 
124 294 76 76 51 76 997 76 232 
125 4 749 2327 232 232 5 232 693 51 232 960 232 232 232 53 232 51 
126 232 149 2543 76 76 1130 232 15 232 51 1130 232 51 11 76 1130 1130 232 
127 232 4 76 232 76 52 232 146 76 11 76 232 232 194 1847 76 
128 38 51 76 1130 11 205 232 51 2635 76 232 1130 76 232 232 
129 232 232 232 811 4 232 51 149 27 1130 51 232 232 
130 1130 194 232 232 1130 232 1130 4 232 51 1130 194 232 51 11 53 
131 76 51 76 558 1365 232 154 51 4 76 62 290 51 232 76 232 232 51 
132 232 76 76 232 232 232 76 232 693 51 44 1130 232 205 
133 302 205 86 76 232 76 232 232 
134 76 407 97 4 232 232 2327 35 232 11 205 232 80 76 4 232 232 
135 27 558 232 232 76 190 51 47 51 80 232 36 205 1597 
136 33 232 232 51 51 76 91 232 205 232 1775 232 146 232 76 
137 232 51 991 51 5 51 232 4 40 53 62 232 232 232 76 97 
138 149 232 1130 51 232 280 1130 4 
139 40 76 76 76 47 232 232 33 232 749 76 232 53 232 1130 2834 
140 232 2757 4 53 232 76 1810 232 378 76 76 76 205 1561 205 
141 232 2248 51 40 1130 40 407 51 232 624 232 184 5 232 232 76 
142 232 2672 167 1130 76 76 232 2005 76 
143 232 76 232 76 146 1130 51 11 205 232 1130 1130 76 146 232 232 1810 232 51 
144 232 51 76 
145 2941 76 232 76 232 1655 76 1130 76 76 76 40 194 232 
146 232 232 232 11 146 232 15 51 1130 76 1823 232 76 232 
147 232 194 232 76 4 232 232 232 76 76 232 232 232 205 358 1130 232 4 232 
148 232 4 991 76 11 232 51 232 76 1130 76 194 11 
149 76 51 76 51 51 52 1655 76 1130 51 232 258 1130 1130 232 232 
150 4 76 223 232 232 1130 1130 51 4 232 232 76 76 51 76 232 76 76 
151 205 76 4 232 232 4 76 232 76 232 232 51 232 4 232 
152 1130 40 232 232 1130 232 232 51 241 232 232 76 232 232 232 2834 232 
153 51 76 232 76 76 76 232 749 232 232 232 232 47 76 76 51 
154 51 243 232 76 1130 205 1130 76 51 71 232 
155 51 149 232 232 232 232 40 205 4 85 51 34 1130 27 232 232 232 
156 51 232 2695 76 194 76 232 906 51 194 194 1130 407 232 76 4 
157 232 232 232 232 1130 76 407 4 232 4 76 1130 232 76 76 1130 4 
159 190 1121 205 76 76 232 223 51 53 76 1130 76 232 906 76 232 2834 76 
160 232 232 378 162 232 76 232 232 232 232 51 51 232 1130 194 76 76 232 
162 232 51 76 937 205 232 1347 
163 51 51 407 4 1130 51 493 5 232 51 232 407 4 40 76 
164 232 11 1130 51 232 76 51 1340 232 76 51 76 1448 232 35 232 5 2834 
165 232 4 1130 51 51 232 76 232 487 76 205 960 51 
167 1130 232 76 232 40 232 232 232 11 76 1130 422 35 508 
168 76 232 2157 76 232 23 4 205 76 232 40 232 146 76 
169 232 232 76 232 232 232 76 232 558 232 4 232 44 407 232 
170 232 2866 51 1130 194 51 508 232 232 51 1130 1130 76 1130 4 51 1978 
171 232 232 508 1220 194 51 1130 407 232 232 1374 51 205 1130 2897 76 
172 205 205 51 76 232 40 232 76 4 62 232 76 1340 76 51 1448 190 
173 76 489 232 232 205 76 205 76 51 1130 76 1198 232 
174 51 232 76 1130 232 51 76 232 232 991 4 558 
175 51 76 64 232 232 44 1340 232 51 198 1220 80 232 47 2834 
176 76 76 4 1130 232 558 232 51 76 51 167 76 1130 76 232 40 76 
177 51 11 76 76 2327 76 51 205 232 76 205 378 1130 11 40 5 7 51 205 205 
178 76 232 194 232 4 194 232 4 4 149 51 1130 232 4 232 76 232 
179 1130 33 232 1130 205 706 232 232 232 524 1130 407 51 51 40 
180 232 51 1025 232 1340 1130 1130 232 27 76 205 1130 205 363 76 
181 205 232 51 232 232 407 508 51 232 1869 76 1130 27 47 76 232 232 27 
182 51 51 76 40 1810 1130 232 
183 232 27 4 232 487 76 232 4 76 
184 232 232 5 232 1340 76 1130 51 232 232 51 51 232 232 232 508 4 
185 76 232 76 76 76 1154 358 11 76 76 1130 76 524 51 232 232 
186 205 232 76 27 232 11 232 232 51 232 51 76 4 190 508 5 
187 51 223 232 194 76 1220 232 51 205 51 76 280 
188 3062 76 194 232 232 1769 232 51 232 76 166 558 1130 76 76 27 2834 
189 3062 232 51 1130 232 232 232 166 76 232 1130 35 51 232 232 5 
190 806 76 232 5 232 40 51 232 232 232 6 232 51 149 76 624 232 76 
191 5 76 2248 232 146 1172 232 76 76 205 1130 76 76 76 76 232 232 
192 232 991 232 51 194 232 76 1909 76 232 232 232 51 76 76 
193 343 40 194 76 76 76 232 1130 76 1130 35 51 1130 76 1130 76 
194 1121 4 232 205 76 40 232 232 40 232 1448 51 1130 
195 232 3062 76 232 1130 51 489 1130 76 290 232 76 232 76 51 149 960 76 
196 51 232 5 232 232 
197 205 51 558 997 558 232 232 76 587 76 232 51 4 232 76 232 76 11 
198 232 232 232 232 1130 40 51 232 232 2944 1130 1130 232 51 
200 232 232 51 232 51 1340 358 290 76 51 232 489 232 51 
201 232 2217 2944 232 232 232 
202 1130 378 232 1130 232 1130 232 76 1130 232 232 
203 76 164 232 4 76 302 232 76 146 232 
204 232 51 51 232 51 558 232 51 194 198 51 51 76 1130 
205 232 51 76 4 2392 
206 508 1130 906 4 232 76 1340 76 937 51 194 258 53 76 232 76 
207 232 76 232 91 76 51 76 194 1130 11 51 1130 51 232 4 76 
208 1121 27 2543 205 27 27 2802 76 33 1130 4 1130 1130 232 343 4 51 36 76 
209 76 232 76 53 76 205 4 232 76 1130 51 76 76 232 1130 232 1130 232 
210 76 205 232 232 146 232 232 232 257 146 232 76 76 
211 205 51 51 51 232 2834 232 205 232 
212 114 232 937 40 11 343 232 51 232 1220 51 674 232 76 
214 1130 1130 51 1130 232 51 205 27 232 
215 1847 1340 76 1130 232 51 194 4 76 232 
216 232 960 232 641 232 232 4 40 558 51 232 1130 1130 51 1428 76 
217 1130 232 76 232 4 76 4 27 1130 1130 76 232 76 4 27 
218 232 76 51 76 232 358 286 51 76 51 40 194 1130 51 
219 232 489 1130 198 76 1340 51 2581 1130 76 76 1130 232 
220 232 205 76 91 76 558 232 232 232 232 
221 76 259 97 5 1130 997 53 11 11 51 29 232 76 
222 40 117 508 1572 76 76 76 51 1130 1130 51 232 937 232 232 
223 1025 232 232 51 76 76 1340 232 232 51 232 194 232 149 232 232 
225 76 232 40 232 76 51 539 232 40 194 232 344 76 
226 232 232 194 232 2834 232 232 1340 2724 1130 232 11 51 232 
227 1845 232 232 232 51 25 1130 1130 232 2802 232 407 886 232 
228 232 232 232 1340 232 51 508 51 76 232 76 407 232 
229 76 76 232 75 4 40 190 1130 232 76 91 232 11 232 232 76 149 
230 76 51 5 51 232 232 4 51 76 40 232 232 76 232 232 
231 4 232 619 35 232 76 76 232 508 232 51 232 232 205 
232 232 2312 232 97 51 232 51 232 4 232 51 33 232 47 344 4 232 76 232 4 
233 232 76 51 997 2327 76 76 146 232 407 1130 232 1674 51 51 232 
234 76 205 40 558 4 51 624 4 194 558 76 
235 4 232 3011 1130 378 1130 232 232 232 1130 907 1734 76 232 
236 76 232 232 51 1130 194 51 51 205 232 1130 232 232 232 1130 232 624 194 
237 232 11 232 40 194 194 40 1246 232 775 53 232 194 344 76 1198 
238 4 205 991 1130 1130 232 232 232 194 232 344 1130 44 40 232 74 
239 27 1130 51 1130 51 76 407 51 205 906 407 76 76 407 76 
240 76 76 232 76 232 906 76 44 35 407 190 1198 406 232 76 
241 1340 232 1340 2327 86 232 11 407 1130 232 
243 146 51 11 1130 2164 51 232 232 558 51 1130 1130 232 232 76 76 146 76 
244 205 149 232 232 232 205 76 194 1130 76 51 205 232 51 407 76 1198 406 
245 1130 232 76 76 51 232 27 232 232 76 232 194 51 47 27 
246 302 3062 47 52 76 232 1130 232 232 232 232 205 1130 232 
247 76 76 1130 205 76 1130 205 76 76 2581 2723 11 232 232 1130 51 
248 378 232 232 40 11 149 76 232 232 558 51 232 1130 232 76 232 
249 4 232 11 76 4 2757 205 232 51 489 232 1130 232 232 205 205 4 57 
250 232 51 51 51 232 40 149 51 232 232 1130 51 232 76 358 1130 232 
251 290 1054 558 232 1130 51 2668 76 232 232 1130 232 232 232 232 
252 232 998 1130 205 232 76 76 76 
253 232 1130 232 99 232 232 280 
254 51 32 1597 76 232 76 1130 76 232 232 51 4 
255 1130 232 76 3011 558 4 1340 76 232 232 76 232 232 232 
256 4 960 232 76 1340 232 40 1130 76 4 
257 232 76 76 232 1257 11 592 232 146 232 1990 51 
258 4 232 232 1130 7 76 1130 76 1130 27 232 51 53 489 
259 76 290 407 51 378 1130 76 11 232 51 
260 76 76 76 149 76 232 205 232 76 76 232 1130 232 51 232 194 
261 2757 232 76 76 282 76 51 76 11 146 232 76 205 5 80 
262 51 51 76 232 76 51 1130 76 1130 232 149 51 194 241 51 205 
263 232 167 1130 232 2266 4 232 407 76 232 
264 167 232 232 232 232 76 232 
265 51 232 232 232 205 232 232 232 76 76 232 232 232 4 205 51 1130 2757 
266 232 1130 232 232 97 508 232 75 232 1130 51 232 232 51 194 
267 194 232 1130 232 76 40 194 232 205 1130 51 40 53 27 
269 4 232 558 344 232 232 232 232 232 76 232 232 76 232 232 232 
270 232 4 232 232 2000 51 2005 232 232 1130 51 232 198 76 194 232 
271 558 11 49 2635 406 232 76 232 76 76 302 27 76 76 232 194 
272 51 232 205 51 1340 232 149 
273 2834 232 76 2266 232 194 149 76 1597 232 76 194 232 76 232 
274 4 232 194 76 1130 76 1130 51 232 4 40 232 257 53 508 76 27 
275 51 76 51 51 205 51 706 167 508 15 2327 51 33 378 205 
276 76 232 232 558 194 627 40 232 232 51 232 232 4 
277 1130 870 2005 75 1130 232 232 407 1130 232 232 232 76 205 
278 232 232 194 76 4 1130 76 51 27 76 232 76 76 1130 232 76 
279 76 2300 1130 232 574 489 51 33 232 1130 51 1130 76 41 76 76 
280 51 5 232 76 51 232 1130 76 5 407 71 1769 76 1025 76 205 4 
281 2834 1130 1597 11 11 232 232 2248 2693 51 51 232 232 76 2834 
282 1130 51 205 232 422 40 76 194 76 51 232 76 232 1340 1597 76 194 232 232 51 
283 232 1130 4 232 51 624 51 1130 76 51 51 1130 
284 232 51 232 232 1340 1597 1130 76 232 422 1130 232 4 
285 51 4 232 76 146 51 232 4 51 232 76 1130 1130 41 205 76 232 
286 194 232 35 205 51 76 
287 76 76 1130 4 232 4 205 40 232 1130 232 1130 51 76 1130 2834 
288 232 205 76 47 51 1909 232 4 194 232 232 41 1130 232 190 422 51 2051 
289 40 232 51 11 906 232 232 558 507 232 40 194 149 76 232 
290 232 51 51 149 51 27 4 407 232 232 
291 378 1340 232 51 232 969 232 51 51 232 232 205 232 76 
292 232 51 51 232 11 960 232 146 4 232 1655 51 205 1246 11 232 76 406 
293 194 76 76 232 1130 76 1560 11 76 1130 25 51 
294 232 2248 51 5 232 5 146 232 76 1340 1130 51 232 76 
295 5 232 47 232 1130 76 1130 232 76 53 51 508 1130 1428 2834 
296 876 76 232 4 232 1340 27 2327 51 232 1340 232 232 146 76 114 2834 
297 64 1340 51 11 5 51 51 76 194 358 232 4 76 232 149 
298 558 232 51 51 232 991 232 76 51 558 51 1130 232 76 232 1130 146 
299 232 232 232 76 232 232 51 190 232 
300 232 51 232 76 51 2757 232 232 232 232 232 232 51 232 51 232 76 4 164 232 
