0 11 11 11 11 11 11 11 11 11 11 11 11 11 11 11 
1 624 624 624 624 624 624 624 624 624 624 
2 558 558 558 558 558 558 558 
3 508 508 624 508 508 508 508 508 508 
4 51 558 558 558 558 558 558 558 558 558 1198 558 558 51 624 558 558 558 
5 558 5 5 5 5 5 5 5 5 5 5 5 5 5 558 5 5 
6 5 5 5 5 11 
7 558 558 558 558 44 558 558 558 558 558 53 558 558 558 558 558 11 558 
8 558 558 558 558 558 558 558 558 558 558 558 
9 558 508 558 558 558 558 558 146 76 558 232 640 558 558 558 558 
10 47 47 47 47 47 47 47 47 47 47 47 47 47 47 47 47 47 47 
11 558 558 558 558 558 558 558 558 558 558 558 558 558 249 558 558 558 558 558 558 
12 558 558 558 558 558 558 558 558 558 558 558 558 558 
13 11 624 232 11 11 11 11 11 
14 558 558 558 558 558 558 558 558 558 558 558 558 558 
15 558 558 65 1198 558 1198 558 558 558 558 558 558 558 
16 558 558 558 558 558 558 558 558 558 558 558 558 558 558 558 558 
17 47 19 47 47 47 47 
18 190 11 558 258 11 11 11 11 11 11 11 11 11 11 11 11 11 11 11 
19 558 558 171 558 558 190 558 558 8 558 558 558 558 558 558 
20 5 5 5 51 5 5 5 5 2038 5 5 91 558 5 5 5 5 5 5 
21 558 558 558 558 558 558 558 558 558 558 558 723 558 558 76 558 190 
22 11 11 11 11 11 11 11 11 11 11 11 11 11 11 11 11 11 
23 558 179 558 558 558 558 558 558 558 558 558 558 558 558 558 558 558 
24 558 558 558 558 558 558 558 558 558 558 558 5 
25 190 232 190 190 190 190 190 190 190 
26 558 47 558 558 558 1823 558 558 
27 47 558 47 47 2300 47 47 47 47 47 
28 11 11 11 11 11 508 11 11 62 11 11 558 11 11 1823 11 11 
29 40 40 40 40 40 40 40 40 40 47 40 40 40 40 40 40 40 8 40 558 
30 558 558 558 558 558 558 558 558 558 558 558 558 558 
31 690 558 558 558 558 558 558 1909 558 558 558 558 558 558 558 
32 76 76 76 76 76 76 76 91 76 76 76 76 76 76 76 32 76 558 76 2117 
33 558 558 190 558 558 558 558 558 558 558 558 558 558 558 
34 47 11 11 91 11 11 11 11 11 11 11 11 11 32 11 11 558 
35 76 76 191 76 76 76 76 76 76 76 146 76 76 76 76 76 
36 40 1198 40 40 40 40 40 40 40 40 40 40 40 40 
37 558 558 558 558 558 558 558 558 558 558 232 558 558 558 
38 5 47 47 47 47 5 47 47 47 47 558 47 47 47 47 27 
39 2088 558 558 558 558 558 558 558 558 558 558 558 558 558 558 
40 558 558 51 558 741 558 558 558 558 558 558 558 558 558 558 
41 190 190 190 190 190 190 190 190 558 190 190 190 190 1198 190 190 190 190 190 190 
43 558 558 558 558 558 558 558 558 558 558 558 558 558 558 558 558 558 
44 558 558 558 558 128 558 558 558 558 558 558 558 558 558 558 76 558 558 558 558 
45 558 783 558 558 558 558 558 558 558 558 558 558 558 558 1198 558 558 
46 558 558 558 373 558 558 558 558 558 558 558 558 11 558 558 
47 558 558 558 558 558 558 558 11 558 558 558 558 
48 558 558 558 558 558 558 558 558 558 11 558 558 558 1934 558 558 558 558 
50 11 558 232 558 91 558 558 558 558 558 558 558 558 558 558 558 
51 11 11 11 11 11 11 11 11 11 11 11 11 11 11 11 11 11 
52 27 191 5 5 5 5 5 5 5 508 5 8 5 5 5 
53 558 558 558 558 558 558 558 539 558 619 558 558 558 558 558 2716 558 
54 558 558 558 558 558 558 558 558 558 558 558 558 249 558 558 558 558 
56 558 558 558 558 558 558 558 558 558 558 558 558 876 558 
57 76 76 76 76 76 76 76 76 76 76 76 558 76 76 76 76 
58 558 558 558 558 558 558 558 558 558 558 558 558 249 558 558 558 
59 558 558 558 558 558 558 558 47 558 558 508 558 558 558 558 558 
60 558 558 558 558 558 558 558 558 558 558 558 558 558 1655 558 2631 558 5 
63 47 558 558 558 194 558 558 558 558 558 558 558 558 558 558 558 
64 489 558 558 558 558 11 558 558 558 558 558 558 558 558 558 558 558 558 558 
65 47 5 558 47 47 38 47 47 47 1198 47 47 47 
66 47 47 47 51 47 47 47 47 47 47 47 47 47 47 47 47 
67 558 558 558 558 558 558 558 558 558 558 558 558 
68 558 558 558 558 558 558 1198 558 558 558 558 558 558 558 558 558 
69 5 47 47 47 47 47 47 47 47 47 47 47 47 47 47 47 47 47 
70 558 47 11 11 11 11 11 11 11 11 11 11 11 11 11 11 
71 11 11 11 11 11 11 11 11 11 11 11 11 11 
72 558 558 558 558 558 558 558 558 558 558 558 558 558 558 558 11 
73 11 11 11 11 11 11 11 558 11 11 11 11 11 
74 558 558 558 558 558 558 558 558 558 558 558 558 558 558 
76 11 11 11 
77 558 558 558 558 558 558 558 558 558 558 558 558 558 558 558 558 
78 558 558 558 558 558 190 558 558 558 558 249 558 558 558 558 558 558 558 
79 11 11 11 11 11 11 91 11 558 11 11 47 11 228 228 11 228 
80 47 47 11 47 47 47 47 47 47 11 47 47 47 47 47 47 
81 558 558 1593 558 558 558 558 558 558 558 558 558 558 558 558 2459 558 558 558 
82 558 558 249 558 558 558 558 558 558 558 558 558 558 558 558 558 558 558 
83 558 558 558 558 558 558 558 558 558 558 558 558 558 558 558 558 
84 558 558 558 558 558 640 558 91 558 558 558 
86 5 5 5 5 5 5 5 5 5 5 
87 558 558 558 558 558 558 558 11 558 558 190 558 558 558 558 
88 373 11 11 11 11 11 11 11 11 11 11 11 11 11 11 
89 11 11 11 11 539 11 11 11 11 11 11 11 11 80 167 11 11 11 11 
90 523 1198 558 249 558 558 558 558 558 558 167 558 558 558 558 
91 76 76 76 76 76 76 76 76 76 76 76 76 
92 501 558 8 558 146 558 558 558 11 558 1198 558 558 558 558 558 558 
94 558 558 558 558 558 146 558 558 558 47 558 960 358 558 558 558 558 558 558 
95 558 558 508 558 86 558 558 558 558 558 558 558 558 
96 558 558 558 2204 558 558 558 558 11 558 558 344 558 558 
97 558 558 558 558 558 558 558 558 558 558 558 558 558 558 558 
98 558 558 558 558 558 558 558 558 558 558 211 558 558 558 558 558 558 
99 558 8 558 558 558 558 558 302 558 558 558 558 558 558 558 558 
101 558 558 558 558 558 558 558 558 558 558 558 558 
103 558 558 558 558 558 558 558 508 558 1198 558 558 558 558 558 558 558 
104 558 558 558 558 558 558 558 558 558 558 558 558 558 558 558 558 558 
105 558 558 91 558 558 558 1788 558 558 558 5 558 558 
106 558 11 558 558 558 558 1198 2088 558 558 558 11 151 558 558 558 558 558 558 
107 558 558 558 558 558 167 558 558 146 558 1198 558 146 558 558 
108 47 47 47 47 47 975 47 47 47 47 47 47 167 47 47 47 
109 558 558 558 558 558 558 76 558 558 558 558 558 558 558 558 558 558 558 558 
110 1615 11 11 11 11 11 624 232 11 11 11 
111 558 558 11 558 558 558 558 558 558 558 558 558 558 11 558 558 558 
112 558 558 558 558 1198 558 558 558 558 558 558 558 558 624 558 5 558 
113 558 558 558 558 558 558 558 558 558 558 558 558 558 558 
114 5 5 5 5 558 5 5 5 5 5 5 5 5 5 5 5 5 
115 11 11 11 11 11 11 11 11 11 11 11 11 
116 558 558 558 1198 53 558 969 558 558 558 558 558 558 91 558 558 558 558 558 
117 558 168 558 558 558 558 51 558 558 558 558 558 1593 558 558 558 646 
118 75 5 5 5 5 5 146 5 5 558 5 5 5 5 5 5 691 
119 558 558 558 558 558 558 558 558 558 558 558 558 558 558 558 
120 1388 558 558 558 558 558 558 558 8 558 47 558 558 558 558 523 205 
121 558 558 5 558 558 558 558 558 558 558 558 190 558 
122 76 558 558 558 558 91 558 558 558 558 558 558 8 558 
123 11 11 11 11 11 11 11 11 11 11 11 
124 11 76 76 76 76 47 76 76 
125 558 558 558 558 558 5 558 558 558 558 1220 558 558 558 8 558 558 
126 11 149 11 11 11 11 11 11 11 11 558 11 11 11 11 11 11 558 
127 146 146 146 146 146 146 146 146 146 146 146 146 146 190 1198 11 
128 539 558 558 558 11 558 558 558 558 146 558 558 558 558 558 
129 558 558 558 811 558 558 558 11 558 558 558 558 5 
130 558 548 558 558 558 558 558 558 558 558 558 558 558 558 11 558 
131 558 558 558 558 558 558 558 558 558 558 62 558 558 558 558 558 558 558 
132 558 558 558 558 558 558 76 558 558 558 558 558 558 558 
133 558 558 86 558 558 76 558 558 
134 558 558 558 558 558 558 558 558 558 2278 558 558 80 558 558 5 558 
135 558 558 558 558 558 558 558 47 558 80 558 558 5 558 
136 1320 558 558 558 558 558 558 558 558 558 1775 558 558 558 558 
137 47 47 47 47 1198 47 47 47 558 47 62 47 47 47 47 167 
138 558 558 558 558 558 167 558 558 
139 40 47 47 47 47 47 47 1593 47 1198 47 47 47 47 47 47 
140 558 558 558 2088 558 558 558 558 558 558 558 558 558 558 558 
141 558 558 558 558 558 558 558 558 558 624 558 53 558 558 558 558 
142 558 8 167 558 558 558 558 558 558 
143 146 146 146 146 146 146 146 146 146 146 146 146 146 146 146 146 146 146 146 
144 558 558 558 
145 2397 558 558 558 558 33 558 558 558 47 558 558 558 558 
146 11 11 11 11 558 11 11 11 11 11 1823 11 11 11 
147 558 558 558 558 558 558 558 558 558 558 558 558 558 8 358 558 558 558 558 
148 558 558 991 558 558 558 8 558 558 558 558 558 11 
149 558 558 558 558 558 558 33 558 558 558 558 558 558 558 558 558 
150 558 76 558 558 558 558 558 558 558 558 558 558 558 558 558 558 558 11 
151 11 11 11 11 11 11 11 11 11 11 11 11 11 11 558 
152 47 40 47 47 47 47 47 1198 241 47 47 47 47 47 47 47 47 
153 558 249 558 558 558 558 558 558 558 558 558 558 47 558 558 558 
154 558 471 558 558 558 91 558 558 558 249 558 
155 558 558 558 558 558 558 2204 558 558 85 558 34 558 558 558 558 558 
156 558 558 558 558 558 11 11 558 558 558 558 558 558 558 558 558 
157 47 47 47 47 47 47 47 47 47 47 47 47 47 47 47 47 47 
159 589 1121 11 11 11 11 11 11 11 11 11 11 11 11 11 11 11 11 
160 11 558 558 558 558 558 558 558 558 558 558 558 47 558 558 558 558 232 
162 558 558 558 558 558 558 558 
163 47 47 47 47 47 47 47 5 47 47 47 47 47 40 47 
164 558 11 558 558 558 558 558 558 558 558 558 558 558 558 558 558 5 558 
165 167 167 167 167 167 167 167 167 167 167 167 960 167 
167 558 558 558 558 558 558 558 558 1934 558 558 167 558 558 
168 11 11 11 11 11 23 11 11 11 11 558 11 146 11 
169 558 558 558 558 558 558 558 558 558 558 558 558 558 558 558 
170 47 47 47 47 8 47 508 47 47 47 47 47 47 47 47 47 1978 
171 558 558 508 558 558 558 558 558 558 558 723 558 508 558 558 558 
172 558 558 558 558 558 47 558 558 558 62 558 558 558 558 558 558 558 
173 558 146 558 558 558 558 558 558 558 558 558 1198 558 
174 558 558 558 558 558 91 558 558 558 991 558 558 
175 558 558 1593 558 558 558 558 558 558 558 558 80 558 47 558 
176 558 558 558 558 558 558 558 558 558 558 167 558 558 558 558 558 558 
177 11 11 228 11 11 11 11 558 11 11 11 11 11 11 11 5 5 11 11 11 
178 76 558 194 558 558 558 558 558 558 508 558 558 558 558 558 558 558 
179 558 558 558 558 558 558 11 558 558 146 558 558 558 558 558 
180 558 558 558 558 558 558 558 558 558 558 558 558 11 558 558 
181 558 558 558 558 558 558 508 558 558 558 558 558 558 47 558 558 558 179 
182 146 146 146 146 146 146 146 
183 76 11 76 76 589 76 76 76 76 
184 558 558 5 558 558 558 558 558 558 558 558 558 558 11 558 508 558 
185 5 5 5 5 558 5 91 5 5 5 5 5 5 5 5 5 
186 11 11 11 11 11 11 11 11 11 11 11 11 11 558 508 558 
187 11 11 11 11 76 11 76 11 11 11 11 11 
188 47 47 47 47 47 1769 47 47 47 47 32 558 47 47 47 27 47 
189 558 558 558 558 558 558 558 166 558 558 558 558 558 558 558 5 
190 806 558 558 5 558 2204 558 1788 558 47 558 558 558 2204 558 624 558 558 
191 558 558 558 558 146 249 558 558 558 11 558 558 558 558 558 558 558 
192 76 991 76 76 11 76 76 1121 76 76 76 76 76 76 76 
193 558 40 194 40 40 146 40 40 40 40 40 40 40 40 40 40 
194 1121 558 558 558 558 558 558 558 558 558 558 558 558 
195 558 558 558 558 558 558 558 558 558 558 558 558 558 558 558 558 558 558 
196 558 558 558 558 558 
197 558 558 558 47 558 558 558 558 558 558 558 558 558 558 558 558 558 558 
198 558 558 558 558 558 558 558 558 558 558 558 558 558 558 
200 558 558 558 11 558 558 558 558 558 558 558 11 558 558 
201 558 558 558 558 558 558 
202 558 558 558 558 558 558 558 558 558 558 558 
203 40 40 40 40 40 40 40 40 1198 40 
204 558 558 558 558 558 558 558 558 558 558 558 558 558 558 
205 558 558 558 558 558 
206 5 558 558 558 558 558 558 558 558 558 249 558 558 146 558 558 
207 558 558 558 91 76 558 558 558 558 558 558 558 558 558 558 558 
208 1121 11 11 558 558 558 558 558 558 558 558 558 558 558 558 558 558 558 558 
209 11 11 11 523 11 11 11 11 11 11 11 11 11 11 11 11 11 11 
210 2088 558 558 558 146 558 558 558 558 146 558 558 558 
211 558 558 558 558 558 558 558 558 558 
212 47 47 11 47 558 343 47 47 232 1220 47 669 47 47 
214 558 558 558 558 558 558 558 558 558 
215 1847 558 11 558 558 558 373 558 558 558 
216 558 11 558 47 558 558 558 558 558 558 558 558 558 558 558 558 
217 558 558 558 558 558 558 558 558 558 558 558 558 558 558 558 
218 558 558 558 558 558 558 11 558 558 558 558 558 558 558 
219 146 146 146 146 146 146 146 146 146 146 146 146 146 
220 558 558 558 91 558 558 558 558 558 558 
221 2088 373 558 558 558 47 558 11 558 558 47 558 558 
222 558 65 508 2567 558 558 558 558 558 558 558 558 558 558 558 
223 11 11 11 11 11 11 11 11 11 11 11 11 11 11 11 380 
225 11 40 40 11 40 40 539 40 40 194 40 466 40 
226 11 11 11 11 11 11 11 11 47 11 11 11 11 11 
227 558 558 558 1788 558 558 558 558 558 2088 558 558 1593 558 
228 558 558 558 558 558 558 558 558 558 558 558 558 558 
229 11 558 558 91 558 558 558 558 558 558 91 558 11 558 558 558 312 
230 5 5 5 5 5 5 5 5 5 5 5 5 5 5 5 
231 558 558 1198 624 558 558 558 558 558 558 558 558 558 558 
232 558 558 232 558 558 558 558 558 558 558 558 1598 558 47 558 558 558 558 558 558 
233 558 558 558 558 558 558 558 558 558 11 558 558 624 558 558 558 
234 558 146 558 558 558 558 624 558 11 558 558 
235 558 558 558 558 558 558 558 558 558 558 217 558 558 558 
236 558 558 558 558 558 194 558 51 558 558 558 558 558 558 558 558 624 558 
237 558 11 558 558 558 11 923 558 558 775 558 558 558 344 558 1198 
238 558 558 991 558 558 558 558 558 558 558 991 558 558 8 558 151 
239 11 11 11 11 11 11 11 11 11 11 11 91 11 11 11 
240 558 558 558 558 558 558 558 558 47 558 646 1198 558 558 558 
241 11 11 11 11 86 11 11 11 11 11 
243 146 146 11 146 558 146 146 146 558 146 146 146 146 146 146 146 146 146 
244 47 47 47 47 47 5 47 558 47 47 47 205 47 47 47 47 47 558 
245 11 11 11 11 11 11 11 11 11 11 11 11 11 47 11 
246 11 47 47 11 47 47 47 47 47 47 47 47 47 47 
247 558 11 11 11 11 11 11 11 11 11 558 11 11 11 11 11 
248 558 558 558 558 11 558 558 558 558 558 558 558 558 558 558 558 
249 558 558 558 558 558 558 558 558 558 558 558 558 558 558 558 558 558 558 
250 558 558 558 558 558 558 1198 558 558 558 558 558 558 558 558 558 558 
251 558 558 558 558 558 558 558 558 558 558 558 558 558 558 558 
252 146 146 146 146 146 146 146 146 
253 76 76 76 99 76 76 280 
254 11 32 11 11 11 11 11 11 11 11 11 11 
255 558 558 558 558 558 558 558 558 558 558 558 558 558 558 
256 558 1220 558 558 558 558 558 558 558 558 
257 11 558 558 558 1257 558 558 558 146 558 558 558 
258 5 5 5 5 5 558 5 5 5 5 5 5 8 5 
259 558 508 558 558 558 558 558 558 558 558 
260 47 47 558 558 47 47 47 47 47 47 47 47 47 47 47 47 
261 146 146 146 146 558 146 146 146 146 146 146 146 146 558 80 
262 558 558 1932 558 558 558 558 558 558 558 558 558 558 241 558 558 
263 167 167 167 167 167 167 167 167 167 167 
264 167 167 167 167 167 167 167 
265 146 146 146 146 146 146 146 146 146 146 146 146 146 146 146 146 146 146 
266 558 558 558 558 558 558 558 91 558 558 558 558 558 558 558 
267 558 558 558 558 558 558 167 558 11 558 558 558 558 558 
269 558 558 558 558 558 558 558 558 558 558 558 558 558 558 558 558 
270 558 558 558 558 558 558 558 558 558 558 558 558 558 558 558 558 
271 558 11 1198 558 558 558 558 558 508 558 558 558 558 558 558 558 
272 558 558 558 558 558 558 558 
273 558 558 558 558 558 558 558 558 558 558 558 11 558 558 558 
274 558 558 558 558 558 558 558 558 558 558 47 558 558 558 558 558 558 
275 558 2088 558 558 558 558 558 167 558 11 558 558 33 558 91 
276 1058 558 558 558 194 558 558 558 558 558 558 558 558 
277 558 558 558 91 558 558 558 558 558 558 558 558 558 558 
278 76 76 146 76 76 76 76 51 76 76 76 76 76 76 76 76 
279 558 2300 558 558 558 558 558 558 558 558 558 558 558 558 558 558 
280 5 5 5 5 5 5 5 5 5 5 5 69 5 558 5 5 5 
281 558 558 558 558 11 558 558 558 2631 558 558 558 558 249 558 
282 558 558 558 558 558 558 558 523 558 558 558 558 558 558 558 558 11 558 558 558 
283 558 558 558 558 558 624 558 558 558 558 558 558 
284 558 558 558 558 558 558 558 558 558 167 558 558 558 
285 558 558 558 558 146 558 558 558 558 558 558 558 558 558 558 558 190 
286 558 558 558 558 558 558 
287 47 47 47 47 47 47 47 40 47 47 47 47 47 47 47 47 
288 558 11 146 47 558 1909 558 558 2088 558 558 8 558 558 558 558 558 982 
289 558 558 558 11 558 558 558 558 558 558 8 558 558 558 558 
290 558 558 558 558 558 11 558 558 558 558 
291 558 558 558 51 558 969 558 558 558 558 558 558 558 558 
292 558 558 558 5 558 11 558 146 558 558 33 558 558 558 558 558 558 558 
293 194 558 558 558 558 558 1716 11 558 558 558 558 
294 5 5 5 5 5 5 146 5 5 5 5 5 5 5 
295 5 558 47 558 558 558 558 558 2088 558 558 558 558 558 558 
296 876 558 558 558 558 558 558 558 558 558 558 558 558 558 558 5 558 
297 558 558 558 558 558 558 558 558 558 558 558 558 558 558 558 
298 558 558 558 558 558 991 558 558 558 558 558 558 558 1788 558 558 558 
299 558 558 558 558 558 558 558 801 558 
300 558 558 558 558 558 558 558 558 558 558 47 558 558 558 558 558 558 558 558 558 
