0 558 2541 558 558 11 558 558 2662 558 558 558 558 558 558 222 
1 418 558 624 558 644 1593 1498 1593 222 558 
2 558 222 558 558 558 558 558 
3 558 558 1572 558 1593 558 558 558 508 
4 51 558 558 558 558 558 558 558 558 558 1198 558 558 51 624 558 558 558 
5 558 558 282 146 558 558 558 2541 558 2455 558 558 558 11 558 172 276 
6 5 2970 558 922 11 
7 558 558 2541 558 44 558 558 91 558 558 53 558 558 558 558 264 11 558 
8 558 558 558 558 558 558 120 558 558 2819 2819 
9 1934 508 574 264 558 558 558 146 39 558 3018 640 558 558 1531 2819 
10 558 558 558 2541 558 558 558 558 222 558 558 558 558 558 558 558 11 558 
11 558 276 558 558 558 228 558 558 558 1284 558 558 558 249 558 558 558 558 1934 276 
12 558 558 2541 222 2541 276 558 558 558 558 558 558 558 
13 558 624 232 558 558 2541 276 433 
14 558 558 558 558 558 558 2278 558 2670 558 558 558 558 
15 558 558 117 1198 558 1198 558 2541 558 558 558 558 1476 
16 1429 558 558 2541 2011 120 558 558 558 2161 558 558 558 2819 2819 558 
17 558 19 558 558 558 558 
18 190 1429 1826 258 558 558 558 558 558 558 558 558 558 1593 558 11 1733 558 558 
19 558 558 171 558 2541 1527 558 558 8 558 558 558 558 558 558 
20 558 558 558 1198 249 558 558 31 2038 558 5 91 558 249 558 558 558 276 222 
21 120 558 558 558 91 558 558 558 558 558 558 1402 1593 558 76 558 190 
22 558 558 2541 558 558 2011 558 558 2541 558 2541 2819 558 276 558 1198 558 
23 558 179 2541 558 1058 558 1344 558 228 558 558 558 558 558 558 558 558 
24 558 558 558 558 558 558 558 558 558 558 558 380 
25 2541 8 558 1197 558 558 2541 558 558 
26 1344 47 276 558 558 1823 558 558 
27 47 1473 558 558 2300 558 558 558 1198 558 
28 11 2541 2541 558 558 1198 1344 558 62 222 1344 558 558 558 1823 558 558 
29 51 558 558 146 2771 558 558 558 276 47 1198 558 558 558 558 558 558 8 558 558 
30 276 558 222 558 558 558 558 222 558 558 1884 558 558 
31 690 558 558 558 558 228 91 1909 558 120 2515 558 558 558 558 
32 558 558 2541 558 558 558 1934 91 11 558 558 2541 228 91 558 166 558 558 558 2117 
33 558 2541 190 558 228 558 558 558 558 222 264 558 558 558 
34 1257 558 558 91 558 558 558 558 558 558 558 558 558 166 1198 558 558 
35 558 91 191 558 558 558 264 558 558 222 146 558 558 558 249 558 
36 558 1198 11 558 558 11 558 558 558 558 558 702 91 558 
37 558 1198 558 558 558 558 558 2541 558 558 1978 558 264 558 
38 5 558 276 2541 228 373 558 558 558 276 558 558 558 2161 558 1006 
39 2088 558 2541 2541 558 1934 558 558 558 558 558 222 558 558 558 
40 558 558 51 558 741 120 558 1234 558 1234 558 558 558 558 558 
41 76 558 558 558 558 91 11 558 558 558 558 1490 558 1198 558 558 558 558 558 228 
43 558 1593 2541 558 558 558 91 558 558 558 1498 276 558 558 558 558 558 
44 264 2115 1034 1344 63 2541 558 1593 558 558 558 1593 558 2541 558 76 1884 558 558 558 
45 558 41 558 558 222 558 558 558 558 558 558 222 558 1593 1198 558 91 
46 558 1593 558 373 558 558 558 558 558 558 558 228 2460 558 558 
47 558 558 558 558 558 558 558 574 2541 558 558 558 
48 2541 1198 558 558 558 1934 558 1531 91 11 2541 2670 558 1934 558 558 558 558 
50 418 558 916 558 91 558 558 91 558 1498 558 558 2541 558 91 2871 
51 558 558 1198 558 558 558 1498 558 558 558 558 558 558 558 450 222 11 
52 922 241 558 558 558 558 558 328 558 508 558 8 558 558 558 
53 558 558 558 1593 644 558 558 539 558 619 1594 558 558 558 558 2716 558 
54 558 558 558 558 558 558 120 558 2541 558 558 222 249 2161 558 1593 558 
56 558 558 558 558 558 558 558 558 558 558 558 558 876 558 
57 558 558 558 1498 558 2541 558 558 558 249 249 558 558 558 558 2819 
58 558 558 2541 2541 558 1826 1498 558 2541 558 558 558 249 558 558 558 
59 558 558 558 1498 558 558 558 47 1207 558 508 558 558 2541 2819 558 
60 558 558 558 558 558 558 1498 558 558 2541 558 558 558 2268 558 2844 558 380 
63 47 2541 91 558 194 558 558 497 558 558 558 558 558 558 222 558 
64 922 2541 1198 558 558 11 558 558 1498 558 2541 558 1344 558 558 558 2541 558 228 
65 558 5 1934 558 558 38 47 91 558 1198 47 11 558 
66 558 2278 1593 51 11 558 558 558 558 558 558 276 91 558 1593 222 
67 558 558 558 558 558 1826 558 558 1498 558 558 558 
68 558 558 558 558 558 2541 1198 558 558 558 558 222 1934 558 558 228 
69 5 1934 558 558 558 558 558 558 222 558 558 558 558 558 558 222 146 2819 
70 558 47 558 558 558 508 558 264 11 1593 11 558 558 558 558 228 
71 558 1498 2987 558 228 2541 558 1234 558 558 558 11 558 
72 558 2541 558 558 558 558 558 558 558 558 558 558 276 558 1934 2757 
73 558 558 1198 1198 241 1498 558 558 558 558 558 558 558 
74 558 558 222 558 1198 228 264 558 558 558 558 2541 558 558 
76 558 1978 508 
77 558 558 1344 2987 558 2541 558 558 558 558 228 1234 558 558 922 558 
78 558 2541 558 558 1934 190 558 558 558 558 249 91 222 558 558 922 2819 228 
79 249 2541 11 558 228 558 91 558 558 558 558 47 558 228 228 228 228 
80 558 558 1512 2541 1058 558 558 91 328 11 558 558 558 558 91 558 
81 558 2541 1593 558 558 2670 558 558 1934 558 558 558 558 558 558 2459 222 222 558 
82 1234 1826 249 558 558 558 2541 1900 91 558 2541 1498 1934 558 558 558 558 558 
83 558 558 558 558 558 2541 558 558 558 558 558 558 1429 558 222 228 
84 558 2541 558 558 228 640 558 91 1498 228 558 
86 558 558 558 2541 558 172 373 558 558 558 
87 249 558 558 558 91 1593 558 11 558 558 6 558 558 558 222 
88 373 2541 558 558 558 558 558 558 558 558 558 558 558 91 11 
89 558 558 241 558 539 11 558 558 558 558 11 558 558 80 167 558 276 558 228 
90 523 1198 1593 249 1058 558 558 558 558 1593 167 228 558 558 558 
91 558 558 558 558 558 558 558 975 2541 558 2819 558 
92 501 558 8 558 146 558 558 1234 11 558 1198 558 558 558 558 558 91 
94 558 558 558 2541 558 146 558 558 558 2584 558 619 39 558 558 558 1198 558 558 
95 574 558 508 558 86 222 558 558 558 558 222 558 558 
96 558 558 558 2320 558 1498 558 558 276 558 558 344 558 558 
97 558 1934 558 558 558 558 2541 558 558 558 558 264 558 222 2819 
98 1826 558 558 558 222 282 558 558 558 1934 2907 558 558 558 222 558 558 
99 558 8 558 558 558 2278 558 477 2670 558 2541 222 2161 558 558 228 
101 558 558 558 558 228 91 558 558 558 558 264 558 
103 558 558 558 558 1198 558 558 508 91 1198 558 558 1429 558 558 558 558 
104 558 1593 558 558 558 558 558 558 558 1344 558 558 558 558 558 558 558 
105 558 558 91 558 558 558 1832 2161 222 558 5 558 558 
106 558 702 276 2541 558 558 1198 2088 558 120 558 11 151 558 2541 558 558 558 222 
107 558 558 558 558 558 2757 1498 1593 100 1058 1198 558 146 558 558 
108 558 47 558 558 558 1284 1198 558 2541 558 558 276 167 558 558 328 
109 558 558 558 558 1593 91 39 558 558 558 558 558 228 558 558 1593 558 558 558 
110 1978 558 264 222 558 558 1601 232 558 2541 558 
111 558 558 11 558 2011 2541 558 558 558 558 558 558 558 11 558 558 558 
112 558 2541 558 558 1198 558 558 558 558 450 558 558 558 624 558 380 558 
113 558 558 91 558 558 558 1429 558 1934 558 1934 558 91 558 
114 222 558 1198 558 558 558 558 558 558 1284 228 1934 39 558 558 2161 558 
115 2682 558 249 558 558 558 558 2757 1561 558 558 2819 
116 558 558 2541 1198 53 558 969 558 558 558 558 1058 558 91 1034 558 558 558 558 
117 2541 153 558 558 558 558 51 558 558 558 558 558 1593 558 558 558 646 
118 75 2335 373 558 2541 558 100 1058 558 558 276 1934 222 558 558 380 1006 
119 1198 558 558 558 1498 558 558 558 558 437 558 222 558 558 2819 
120 1388 558 558 558 558 558 558 558 8 558 47 1593 558 558 558 523 205 
121 558 558 5 1593 558 558 558 558 222 558 558 190 558 
122 76 558 558 1593 558 91 558 1593 558 558 1593 558 8 558 
123 11 558 558 558 558 558 2541 558 558 558 276 
124 1356 276 558 276 558 47 11 558 
125 558 91 558 558 558 276 558 558 228 558 1220 558 558 558 8 558 558 
126 558 429 11 558 558 558 558 2662 558 558 1934 558 558 11 558 2541 2819 558 
127 558 558 1593 2541 1934 558 558 146 558 558 2541 558 558 1500 1198 11 
128 38 1593 2541 558 11 276 558 558 1198 276 558 558 558 264 558 
129 2541 222 558 811 558 558 558 11 91 558 558 558 380 
130 222 1325 558 558 558 222 558 558 222 558 558 558 558 222 11 558 
131 1934 558 2541 558 2588 558 558 558 558 558 62 558 558 558 558 222 264 558 
132 558 558 276 558 558 558 76 558 558 1593 558 1934 558 558 
133 228 558 86 558 558 76 558 558 
134 228 558 558 558 558 558 558 664 558 2278 558 558 151 558 558 380 228 
135 558 558 2541 558 276 558 558 47 558 151 2161 558 5 558 
136 1572 558 558 228 2670 558 91 558 558 222 1775 558 276 558 558 
137 558 558 991 558 1198 558 558 1498 558 282 62 222 1593 11 558 100 
138 1934 558 558 558 558 167 558 558 
139 40 558 8 558 47 558 558 1593 558 1198 558 558 282 558 558 2819 
140 1034 558 558 2088 2541 1934 558 91 264 558 120 558 2987 1561 1428 
141 558 558 222 558 558 1934 558 558 558 624 558 53 558 558 1593 558 
142 558 2672 167 558 91 558 558 558 558 
143 558 276 558 558 146 2541 558 151 558 558 222 558 558 558 558 558 558 558 558 
144 558 2541 558 
145 2397 276 558 558 558 33 558 558 558 786 558 558 91 558 
146 558 558 558 8 558 1344 1593 1593 558 558 1823 2161 558 558 
147 558 574 558 558 558 222 558 2541 91 1198 558 558 558 8 39 558 558 558 558 
148 2541 558 991 558 558 558 8 1344 276 558 558 91 11 
149 558 558 558 558 558 558 1325 2541 558 558 558 558 2541 558 558 558 
150 558 323 558 558 558 558 2541 558 558 222 558 433 228 558 644 558 558 11 
151 558 558 558 558 558 558 644 558 1198 558 558 222 2541 558 558 
152 2541 40 558 1498 558 264 558 1198 241 558 558 558 2541 558 1593 2819 222 
153 276 249 2541 558 558 558 558 1198 558 264 2541 558 47 558 558 228 
154 1593 471 558 2278 558 91 558 558 558 249 558 
155 1344 558 558 558 558 497 2320 558 558 85 228 34 558 91 558 558 558 
156 558 2541 558 558 558 11 228 558 228 91 558 558 558 1531 558 558 
157 558 2541 558 558 558 558 797 558 558 2541 276 558 558 11 558 2819 558 
159 1234 1121 2335 2541 2278 558 558 558 558 558 558 558 2541 558 2460 558 558 558 
160 11 558 558 558 558 1934 2541 558 558 558 558 558 1070 558 558 558 222 3018 
162 2541 558 558 558 558 558 558 
163 558 558 558 558 2541 264 493 5 558 558 264 558 558 249 558 
164 2541 11 2541 276 558 558 558 558 2541 1593 558 558 558 1593 558 558 5 2819 
165 558 558 2541 558 1198 558 558 558 487 558 558 146 228 
167 558 558 2278 558 558 1344 2819 558 1934 558 558 1070 558 558 
168 1058 558 2157 2541 558 692 558 11 558 558 558 222 146 558 
169 558 558 558 2161 558 558 228 1498 558 558 558 558 558 558 558 
170 1034 558 1593 558 8 558 508 558 2541 228 558 558 558 2541 558 558 1978 
171 558 558 508 558 558 558 558 276 558 558 1402 228 508 558 558 228 
172 558 558 558 2541 558 47 1344 120 558 62 1344 558 558 1344 558 558 558 
173 558 146 2541 558 558 558 276 558 1593 558 558 1198 222 
174 558 558 558 558 2541 91 558 558 1498 991 558 558 
175 1344 558 1593 1498 558 558 1593 558 558 558 558 151 558 47 2819 
176 558 558 558 2541 558 558 558 264 558 558 167 558 558 558 2161 558 558 
177 558 11 228 558 558 11 264 558 558 558 976 558 222 2278 1593 5 7 558 558 558 
178 76 2541 194 558 558 1934 1498 558 1498 508 558 558 558 558 558 558 558 
179 2541 558 558 558 558 228 11 2541 558 493 558 276 222 558 558 
180 558 1344 1344 2161 558 558 2541 558 558 2588 558 558 276 276 558 
181 558 2541 1593 222 222 276 508 558 558 1934 558 558 91 47 558 558 558 179 
182 51 558 195 146 558 2819 558 
183 558 702 558 2161 487 249 558 558 276 
184 2541 558 5 558 558 558 558 558 1498 558 276 558 558 11 222 508 558 
185 558 2161 558 558 558 1154 91 1934 644 558 558 1990 493 558 558 558 
186 91 558 11 558 1593 11 264 222 558 558 558 558 558 558 508 558 
187 558 91 558 1069 76 558 76 222 276 228 120 11 
188 276 276 1058 558 558 1769 558 1593 558 91 166 558 558 558 558 1006 2819 
189 276 558 1934 558 558 558 222 166 558 558 558 558 558 558 2161 5 
190 806 2515 558 5 558 2320 558 1207 558 1070 558 558 558 2204 558 624 558 558 
191 558 2541 558 2541 146 249 222 558 558 129 558 558 558 558 91 558 558 
192 558 991 1498 558 1561 222 558 1909 558 228 558 558 558 558 11 
193 558 11 836 558 100 1223 558 558 558 222 558 558 2541 11 2819 558 
194 1121 558 558 558 1325 558 558 558 1593 1344 558 228 2819 
195 558 276 922 558 558 1344 1198 558 558 558 558 558 558 558 558 91 1234 558 
196 558 2541 558 558 558 
197 1058 228 558 47 558 558 558 558 587 1058 558 91 558 264 558 558 558 558 
198 558 558 644 558 558 558 558 558 558 558 558 558 558 558 
200 558 558 558 11 558 558 91 558 558 558 558 11 558 228 
201 558 558 222 2541 558 558 
202 558 558 558 558 558 558 558 558 558 558 558 
203 558 164 558 558 558 228 2926 1884 1198 558 
204 558 558 2541 1498 558 558 558 264 558 558 558 558 558 558 
205 222 558 558 558 558 
206 5 558 558 558 558 558 558 558 1198 558 1500 558 558 146 222 558 
207 558 558 558 91 76 558 1593 558 558 558 558 558 558 558 558 91 
208 1121 702 11 558 558 558 558 2278 558 558 1498 558 264 558 276 558 276 558 558 
209 558 558 558 523 11 558 558 558 558 558 558 558 558 558 558 558 558 558 
210 2088 558 222 558 146 558 558 558 437 146 558 558 558 
211 558 228 558 558 558 558 264 558 558 
212 775 558 11 1934 558 143 558 222 3018 1220 222 674 2161 47 
214 558 558 558 558 558 558 558 558 558 
215 1847 558 1512 558 558 558 373 558 558 558 
216 558 11 558 47 1498 558 2541 558 558 558 558 558 558 558 1428 558 
217 2541 2161 558 558 558 558 1498 558 558 1934 558 558 558 558 558 
218 558 558 558 558 558 558 11 222 558 558 558 558 2819 1593 
219 558 146 558 2541 558 558 558 558 558 249 2460 558 558 
220 558 558 2011 91 558 558 558 558 558 558 
221 2088 373 558 558 558 47 558 11 558 558 47 558 91 
222 1593 117 508 1572 558 558 1593 558 558 558 558 264 558 558 558 
223 1344 2161 558 241 91 1531 1593 558 558 276 558 11 558 1593 558 380 
225 418 558 2320 1521 558 276 539 558 47 374 558 667 558 
226 1593 558 11 1344 1593 1498 1521 558 47 558 558 11 558 558 
227 91 558 2161 1207 558 558 558 558 558 2811 558 558 1593 558 
228 558 558 558 558 558 558 558 558 2515 558 228 1934 2819 
229 418 558 558 91 1498 1593 2670 558 558 222 91 558 11 2161 558 91 312 
230 558 222 558 558 558 558 558 558 558 2670 558 2541 558 558 380 
231 558 558 1198 624 558 558 558 228 558 558 558 558 558 558 
232 558 558 232 558 222 558 558 558 1498 558 558 1598 558 47 558 558 558 558 558 558 
233 558 276 228 1601 558 558 558 558 2541 11 558 558 810 558 558 558 
234 558 146 1593 558 558 558 624 558 11 558 1593 
235 558 558 1593 558 558 558 2541 222 1207 558 2099 1733 558 558 
236 558 2541 558 228 558 194 558 51 558 558 558 558 558 558 558 558 624 558 
237 2011 11 558 558 1198 684 923 558 558 775 558 558 1934 344 558 1198 
238 558 558 991 558 558 558 558 558 558 2541 667 558 558 8 1934 151 
239 702 2541 558 558 558 1234 558 558 976 558 558 91 1498 558 558 
240 558 558 2541 276 558 558 558 558 172 558 646 1198 276 558 558 
241 558 558 558 558 86 11 11 1934 2819 558 
243 146 558 2278 558 558 222 2541 558 558 558 264 1934 558 2541 249 558 146 558 
244 558 975 2541 558 558 146 1934 558 558 222 702 205 558 558 1934 558 1198 276 
245 558 558 11 558 558 558 702 91 558 11 222 91 558 47 222 
246 11 276 47 749 558 2926 558 2541 2541 558 558 558 558 558 
247 558 558 558 558 2541 2819 11 2815 558 558 558 11 558 264 2819 558 
248 558 558 2541 91 11 558 558 558 558 558 558 558 558 558 558 558 
249 558 558 558 558 558 91 276 2541 264 1198 558 222 558 558 558 1932 558 558 
250 2541 228 222 558 558 558 1198 558 558 2541 558 222 1034 558 558 558 558 
251 228 1198 558 558 558 558 558 1934 558 558 558 558 558 558 222 
252 558 558 558 276 1593 195 11 558 
253 558 558 558 99 228 558 280 
254 1344 32 558 228 558 558 2541 558 558 2011 558 558 
255 2541 558 2278 1593 558 558 558 558 558 558 1593 558 558 222 
256 2541 1220 558 2011 558 558 558 2541 558 558 
257 11 558 558 558 1257 1198 558 2541 146 558 558 558 
258 558 558 2541 558 1826 433 558 558 558 558 558 91 8 11 
259 2278 290 558 2541 558 558 558 558 558 558 
260 558 91 558 558 11 558 558 222 2541 558 467 558 558 558 2541 11 
261 2541 558 2541 1934 282 558 2541 558 151 146 558 2541 558 558 151 
262 558 558 1932 2541 558 558 558 558 2541 558 558 2541 558 241 558 2987 
263 2541 167 558 558 1826 558 558 558 558 558 
264 167 2541 222 558 558 558 2541 
265 558 558 558 558 558 1344 2541 558 558 558 558 2541 558 558 1325 922 558 2757 
266 558 2541 558 558 558 558 558 91 558 558 558 558 558 323 558 
267 558 558 558 558 558 558 167 558 11 558 558 1593 558 558 
269 558 558 558 228 558 2541 558 558 558 222 558 558 558 558 558 558 
270 222 558 1593 558 558 558 558 558 1884 558 558 558 558 222 1934 558 
271 558 11 1198 558 558 558 558 558 508 558 1344 1593 228 558 264 558 
272 558 558 1058 228 558 558 1593 
273 558 1498 91 1826 2011 558 558 558 558 222 558 11 558 558 558 
274 558 2541 558 558 558 558 558 558 558 1498 47 1344 1429 1593 1198 558 558 
275 558 2088 1344 1593 558 2541 228 167 558 276 91 91 33 558 91 
276 1058 558 2541 558 194 276 2670 2541 558 558 558 222 558 
277 1429 558 558 91 558 222 558 558 558 558 558 558 222 558 
278 558 558 146 558 558 2541 558 1198 558 276 558 558 558 558 558 558 
279 558 2300 558 2926 574 1198 558 558 558 558 222 558 558 558 1884 558 
280 558 558 558 558 558 558 558 558 1198 373 249 1769 1934 1234 558 276 558 
281 558 222 558 558 11 558 2541 558 2631 558 558 558 558 249 2819 
282 558 276 558 558 558 558 2987 523 558 558 558 558 558 558 558 558 11 558 2541 558 
283 558 558 558 222 558 624 558 558 558 558 264 2819 
284 222 2541 558 91 558 558 558 558 558 1070 558 558 222 
285 558 558 2926 558 146 558 222 558 264 558 222 222 558 1593 558 558 228 
286 558 558 558 91 558 558 
287 8 558 558 558 558 558 1356 1207 558 558 558 558 558 558 2819 2819 
288 222 2335 146 47 228 1909 558 1498 2088 2541 558 8 558 558 558 558 91 2051 
289 558 558 2541 11 558 558 1344 558 558 558 241 558 91 558 558 
290 558 558 558 558 120 574 558 1934 558 558 
291 558 558 558 51 558 969 558 1593 558 558 558 558 558 558 
292 558 1593 558 5 558 11 558 146 558 558 33 558 558 558 558 2541 558 276 
293 2276 558 228 558 558 558 1716 11 558 558 558 558 
294 558 558 558 1593 558 558 146 558 558 558 558 558 558 558 
295 5 2278 47 558 558 558 558 558 172 558 558 558 558 1428 2819 
296 876 558 1498 558 558 558 558 558 558 1593 558 558 2161 276 222 114 2819 
297 558 558 222 558 558 558 228 558 558 558 1344 558 228 558 1593 
298 558 558 558 1934 558 991 558 558 558 558 264 558 222 2948 2161 558 558 
299 222 558 1593 558 2541 558 558 801 1290 
300 558 1593 2541 2278 558 558 558 558 558 558 1070 558 558 558 558 2541 91 222 1934 558 
