postid userid
1 18
2 17
3 21
4 35
5 41
6 22
7 133
8 34885
9 17
10 59014
11 54
12 15
13 35
14 108
15 10
16 106
17 18
18 3024
19 46
20 77
21 30876
22 33683
23 54
24 90
25 77
26 3936
27 49
28 17580
29 81
30 67324
31 10
32 18
33 85
34 1196
35 67796
36 18664
37 5472
38 54
39 13609
40 90
41 107
42 133
43 133
44 45
45 1087
46 108
47 78
48 35
49 397
50 89
51 90
52 35
53 26
54 26
55 35
56 90
57 20
58 398
59 50
60 35
61 10
62 235
63 31
64 89
65 598
66 15
67 481
68 692
69 404
70 2957
71 150
72 159
73 124
74 5224
75 1470
76 195
77 17
78 397
79 189
80 48
81 26
82 1877
83 2769
84 2533
85 420
86 57
87 201
88 124
89 26
90 150
91 48
92 157
93 108
94 397
95 228
96 684
97 1174
98 26
99 212
100 198
101 575
102 195
103 832
104 7833
105 538
106 575
107 598
108 631
109 102
110 212
111 404
112 13414
113 1083
114 150
115 189
116 564
117 444
118 15
119 189
120 124
121 821
122 477
123 1758
124 597
125 717
126 779
127 9008
128 9310
129 3112
130 501
131 10263
132 3626
133 3598
134 1058
135 756
136 397
137 756
138 8527
139 832
140 26
141 26
142 90
143 7833
144 4034
145 1119
146 329
147 460
148 3158
149 3112
150 2480
151 1968
152 228
153 26
154 2957
155 225
156 103
157 17688
158 147
159 13414
160 7833
161 10139
162 9310
163 6346
164 2636
165 4592
166 3626
167 3101
168 2957
169 2761
170 1826
171 987
172 329
173 779
174 684
175 17
176 26
177 13247
178 92
179 10
180 105
181 43
182 35
183 17
184 77
185 43
186 5472
187 460
188 22
189 43
190 35
191 157
192 18
193 115
194 62
195 107
196 2418
197 143
198 15
199 238
200 388
201 7833
202 3176
203 144
204 14
205 4062
206 3045
207 133
208 78
209 35
210 90
211 78
212 124
213 78
214 10
215 26
216 1959
217 201
218 113
219 35
220 15
221 54
222 37190
223 90
224 9226
225 50
226 35
227 26857
228 35
229 157
230 17
231 28668
232 115
233 49826
234 35
235 15
236 151
237 381
238 806
239 153
240 357
241 544
242 195
243 213
244 48
245 2144
246 234
247 860
248 577
249 364
250 779
251 108
252 388
253 150
254 362
255 212
256 195
257 2253
258 20
259 234
260 1237
261 828
262 481
263 3266
264 895
265 198
266 101
267 3790
268 903
269 5188
270 2069
271 6238
272 851
273 5199
274 2841
275 234
276 15
277 4408
278 7833
279 5190
280 5105
281 144
282 8527
283 234
284 4690
285 5451
286 4062
287 25524
288 25524
289 4408
290 3445
291 544
292 123
293 11084
294 214
295 1162
296 5472
297 4978
298 234
299 872
300 7356
301 5252
302 5307
303 3841
304 234
305 4408
306 7833
307 8763
308 5703
309 5334
310 5189
311 4940
312 1366
313 121968
314 47230
315 17259
316 5176
317 1237
318 234
319 17533
320 134123
321 88803
322 34334
323 5434
324 5176
325 2144
326 33075
327 52901
328 37964
329 2174
330 7356
331 5429
332 3455
333 1634
334 90
335 35
336 15
337 78
338 58
339 9380
340 1453
341 77
342 1453
343 201
344 90
345 1916
346 15
347 322
348 303
349 133
350 15
351 3936
352 172
353 256
354 322
355 77
356 212
357 15
358 15
359 27743
360 460
361 401
362 15
363 772
364 105138
365 1629
366 22556
367 6171
368 212
369 108
370 90
371 35
372 115
373 1083
374 1025
375 179
376 108
377 195
378 75
379 481
380 78
381 195
382 108
383 152
384 15
385 474
386 501
387 179
388 77
389 481
390 481
391 35
392 113634
393 115
394 75466
395 65467
396 195
397 14601
398 118
399 150
400 179
401 179
402 179
403 150
404 150
405 855
406 3112
407 493
408 179
409 150
410 2435
411 1747
412 1916
413 45
414 855
415 493
416 150
417 212
418 144
419 2331
420 3112
421 1976
422 2010
423 150
424 1002
425 35
426 17
427 121321
428 66597
429 150
430 77
431 108
432 481
433 98
434 101
435 195
436 144
437 195
438 115
439 60542
440 150448
441 575
442 3936
443 28678
444 108
445 35
446 12554
447 35
448 625
449 351
450 322
451 2246
452 98
453 13
454 212
455 13
456 538
457 26
458 247
459 5875
460 35
461 212
462 375
463 108
464 585
465 481
466 596
467 590
468 212
469 44791
470 98
471 35
472 17
473 81
474 37253
475 13
476 66118
477 20064
478 629
479 538
480 212
481 427
482 144
483 35
484 15
485 23004
486 35
487 237
488 1667
489 13
490 17
491 13414
492 15
493 397
494 564
495 501
496 179513
497 309285
498 51181
499 189
500 26870
501 15
502 730
503 133
504 20295
505 256
506 115
507 17
508 750
509 195
510 237
511 22781
512 758
513 148066
514 13
515 375
516 89
517 8266
518 35657
519 481
520 133
521 106390
522 25966
523 77
524 584
525 611
526 189
527 642
528 26
529 172083
530 15
531 35
532 36068
533 15
534 101710
535 33429
536 44947
537 7734
538 40844
539 26118
540 38177
541 323
542 50
543 411
544 12305
545 6883
546 26
547 57
548 598
549 598
550 277
551 234
552 234
553 650
554 13
555 177
556 650
557 218
558 902
559 101
560 12285
561 40
562 259841
563 101
564 13
565 69
566 365
567 8752
568 8546
569 15
570 26
571 98
572 66
573 14117
574 6962
575 61277
576 66
577 15
578 181
579 9388
580 427
581 750
582 6644
583 189
584 13015
585 779
586 365
587 115
588 212
589 611
590 26
591 779
592 189
593 15
594 987
595 15
596 796
597 860
598 29112
599 1461
600 212
601 1092
602 584
603 237
604 68561
605 222250
606 55183
607 744
608 11112
609 407
610 147568
611 197118
612 115
613 212
614 427
615 23490
616 594
617 570
618 710
619 3732
620 3709
621 1195
622 15
623 60657
624 51314
625 870
626 49913
627 56919
628 115
629 5472
630 72684
631 218
632 312
633 1739
634 1238
635 7679
636 150
637 15
638 312
639 26
640 750
641 9226
642 1161
643 15
644 351
645 86294
646 1216
647 17
648 1216
649 323
650 2221
651 90
652 769
653 3349
654 68759
655 41441
656 56746
657 212
658 1161
659 764
660 1216
661 764
662 17
663 1279
664 101
665 21740
666 1216
667 215420
668 312
669 77
670 470
671 608
672 598
673 8808
674 23432
675 90
676 351
677 62251
678 50651
679 779
680 812
681 1521
682 14656
683 222154
684 1196
685 19230
686 6278
687 944
688 2331
689 115
690 90
691 351
692 115
693 22781
694 564
695 22351
696 750
697 10961
698 13
699 411
700 26
701 38502
702 26
703 1480
704 115
705 150
706 99484
707 68
708 227263
709 115
710 351
711 1836
712 650
713 944
714 1616
715 6375
716 1734
717 36381
718 8926
719 1346
720 13
721 427
722 1541
723 1670
724 26
725 115
726 12985
727 470
728 13
729 574
730 13
731 86484
732 44721
733 3471
734 74657
735 68532
736 50928
737 112840
738 1667
739 494
740 1587
741 13
742 28536
743 115
744 122313
745 638
746 1538
747 1521
748 1712
749 1587
750 1587
751 22269
752 20896
753 5392
754 27122
755 8527
756 21445
757 18866
758 8560
759 46665
760 3808
761 564
762 68768
763 154471
764 411
765 1587
766 18098
767 638
768 15
769 1346
770 388
771 1818
772 1759
773 351
774 375
775 1196
776 650
777 779
778 1773
779 115
780 1807
781 1852
782 115
783 73
784 9500
785 1747
786 1196
787 1457
788 115
789 1634
790 1346
791 115
792 1852
793 1818
794 351
795 1877
796 86600
797 15
798 1538
799 3936
800 388
801 494
802 1346
803 1924
804 1877
805 181
806 427
807 2010
808 2047
809 115
810 1877
811 1667
812 2035
813 1807
814 115
815 66076
816 5472
817 3936
818 1196
819 2092
820 13
821 292
822 717
823 6838
824 1067
825 2191
826 1959
827 544
828 6482
829 37151
830 292
831 46130
832 1441
833 2160
834 9388
835 1174
836 8546
837 1238
838 283
839 17
840 5472
841 8546
842 199704
843 903
844 3880
845 4812
846 115
847 41169
848 67370
849 17
850 5188
851 1073
852 8318
853 3880
854 3597
855 34519
856 8343
857 1600
858 283
859 8318
860 63039
861 2246
862 4408
863 33515
864 9410
865 9963
866 763
867 10237
868 1143
869 179257
870 10264
871 15591
872 10
873 3266
874 10237
875 7675
876 15591
877 8759
878 21903
879 393
880 3263
881 58790
882 7833
883 1267
884 4408
885 6052
886 3193
887 22055
888 120055
889 1521
890 2181
891 1629
892 2160
893 2121
894 5472
895 237
896 8546
897 1747
898 1747
899 15
900 49
901 1534
902 351
903 2201
904 15
905 292
906 1747
907 1518
908 750
909 2220
910 5960
911 2537
912 270400
913 2201
914 15329
915 22570
916 13
917 1153
918 1227
919 73443
920 19404
921 72382
922 584
923 2480
924 24500
925 90
926 1227
927 176811
928 6998
929 1629
930 6748
931 427
932 22003
933 3936
934 544
935 15
936 2841
937 9143
938 2464
939 25524
940 2220
941 90
942 68363
943 3387
944 15
945 1174
946 3089
947 234
948 45989
949 2601
950 427
951 2220
952 102
953 3709
954 351
955 292
956 90
957 17681
958 54402
959 517
960 37460
961 12625
962 41315
963 10167
964 71845
965 1945
966 212
967 1153
968 8332
969 237
970 2220
971 820
972 90
973 115
974 2784
975 16519
976 15
977 18443
978 1945
979 106992
980 512
981 750
982 1945
983 2191
984 1818
985 45058
986 2665
987 13963
988 19882
989 5472
990 28668
991 1453
992 77404
993 4408
994 1945
995 212
996 2562
997 181
998 22984
999 292
1000 2643
1001 2775
1002 12695
1003 2812
1004 1745
1005 5472
1006 83295
1007 2812
1008 2812
1009 1067
1010 2812
1011 3193
1012 115
1013 3117
1014 1787
1015 3089
1016 3293
1017 986
1018 15
1019 1227
1020 3167
1021 3089
1022 2581
1023 90
1024 115
1025 351
1026 3227
1027 3306
1028 3089
1029 1092
1030 2812
1031 15
1032 427
1033 86409
1034 3509
1035 3193
1036 37797
1037 15144
1038 351
1039 90
1040 538
1041 14713
1042 16127
1043 3458
1044 779
1045 1629
1046 2812
1047 22003
1048 1552
1049 1538
1050 33195
1051 2812
1052 11791
1053 594
1054 1267
1055 5887
1056 1310
1057 4440
1058 103296
1059 237
1060 104604
1061 3936
1062 1213
1063 2476
1064 2812
1065 1174
1066 96923
1067 1475
1068 15323
1069 594
1070 26
1071 2220
1072 3657
1073 470
1074 3727
1075 196864
1076 594
1077 1174
1078 292
1079 750
1080 1621
1081 180
1082 292
1083 8394
1084 115
1085 2662
1086 94
1087 11621
1088 1807
1089 1566
1090 58
1091 1945
1092 14949
1093 821
1094 5239
1095 2967
1096 2418
1097 10465
1098 1346
1099 188095
1100 800
1101 2187
1102 2190
1103 3936
1104 8071
1105 58
1106 7938
1107 512
1108 1174
1109 2220
1110 47039
1111 1346
1112 6135
1113 3964
1114 3455
1115 1629
1116 3443
1117 2220
1118 3455
1119 1475
1120 3818
1121 45503
1122 90
1123 6883
1124 25372
1125 7490
1126 1262
1127 58
1128 2201
1129 237
1130 150
1131 1475
1132 130642
1133 292
1134 4139
1135 2418
1136 1161
1137 1346
1138 3746
1139 1161
1140 4177
1141 4179
1142 4732
1143 1648
1144 4177
1145 427
1146 58
1147 3045
1148 31633
1149 750
1150 7833
1151 25990
1152 1346
1153 3746
1154 53381
1155 13414
1156 19111
1157 20530
1158 19212
1159 7833
1160 1213
1161 80163
1162 4784
1163 8546
1164 7474
1165 3802
1166 2418
1167 3802
1168 43891
1169 12952
1170 76213
1171 3349
1172 77438
1173 2264
1174 3746
1175 6883
1176 4259
1177 4177
1178 37625
1179 37686
1180 4307
1181 4568
1182 1267
1183 101730
1184 115
1185 538
1186 58956
1187 43816
1188 6429
1189 26603
1190 1475
1191 67545
1192 2176
1193 1877
1194 1067
1195 3982
1196 1945
1197 4372
1198 654
1199 4177
1200 66747
1201 974
1202 3349
1203 212
1204 1475
1205 1935
1206 2331
1207 30472
1208 517
1209 20240
1210 115
1211 208
1212 90
1213 3278
1214 9454
1215 115
1216 4483
1217 3936
1218 1916
1219 65094
1220 71731
1221 5579
1222 115
1223 6876
1224 5357
1225 33721
1226 292
1227 1855
1228 9102
1229 20457
1230 4496
1231 2603
1232 4474
1233 1463
1234 1227
1235 49355
1236 4866
1237 113704
1238 4474
1239 23876
1240 22781
1241 4474
1242 2562
1243 1475
1244 277
1245 12985
1246 3752
1247 4687
1248 5977
1249 4684
1250 750
1251 44885
1252 137556
1253 211522
1254 57004
1255 3296
1256 2603
1257 2418
1258 30201
1259 1174
1260 11975
1261 225
1262 638
1263 225
1264 4474
1265 838
1266 1192
1267 225
1268 638
1269 4474
1270 225
1271 838
1272 1475
1273 90
1274 4784
1275 4833
1276 4794
1277 4790
1278 4035
1279 427
1280 4410
1281 152029
1282 4866
1283 3818
1284 4895
1285 6883
1286 8527
1287 8318
1288 2253
1289 121400
1290 3936
1291 2698
1292 4683
1293 1453
1294 4496
1295 13
1296 4416
1297 5037
1298 4784
1299 1629
1300 2562
1301 5037
1302 2220
1303 292
1304 84556
1305 120218
1306 13704
1307 3040
1308 1538
1309 101
1310 3483
1311 2651
1312 3040
1313 4885
1314 13468
1315 4044
1316 388
1317 5470
1318 90
1319 2220
1320 1346
1321 154071
1322 52892
1323 5199
1324 5579
1325 113704
1326 57425
1327 5472
1328 14326
1329 48296
1330 5191
1331 1267
1332 1058
1333 5191
1334 1976
1335 41040
1336 10065
1337 1067
1338 15253
1339 10065
1340 3158
1341 5191
1342 1267
1343 69292
1344 96174
1345 5191
1346 5191
1347 10264
1348 1227
1349 234
1350 90
1351 6883
1352 1860
1353 1538
1354 5541
1355 67264
1356 4690
1357 14106
1358 155802
1359 5541
1360 13029
1361 5472
1362 3352
1363 90
1364 5541
1365 5803
1366 9226
1367 4779
1368 18654
1369 11632
1370 5541
1371 5472
1372 90
1373 4157
1374 76654
1375 4416
1376 5541
1377 5472
1378 6269
1379 5859
1380 5541
1381 14692
1382 5901
1383 5541
1384 34109
1385 212
1386 3598
1387 9676
1388 49189
1389 5945
1390 5579
1391 4978
1392 8465
1393 2678
1394 5472
1395 36452
1396 1629
1397 115
1398 66747
1399 5579
1400 6034
1401 19566
1402 5986
1403 19601
1404 4885
1405 5472
1406 3936
1407 115
1408 1453
1409 1453
1410 5575
1411 2745
1412 91828
1413 31790
1414 26099
1415 5472
1416 5579
1417 25085
1418 15
1419 5579
1420 73426
1421 38385
1422 6883
1423 5541
1424 427
1425 512
1426 5579
1427 1346
1428 17278
1429 5541
1430 240507
1431 5916
1432 15
1433 4177
1434 6332
1435 5472
1436 5472
1437 176687
1438 3455
1439 3936
1440 88368
1441 5916
1442 6255
1443 10197
1444 1346
1445 527
1446 6034
1447 14793
1448 5472
1449 427
1450 33262
1451 292
1452 6883
1453 106120
1454 4885
1455 19905
1456 158733
1457 6529
1458 4750
1459 750
1460 14295
1461 68806
1462 265036
1463 750
1464 57336
1465 24562
1466 8362
1467 6467
1468 4941
1469 5472
1470 750
1471 5472
1472 5513
1473 6642
1474 1945
1475 3158
1476 90975
1477 750
1478 13
1479 5541
1480 3349
1481 26960
1482 6724
1483 2220
1484 137307
1485 55876
1486 2331
1487 1867
1488 420
1489 27264
1490 4177
1491 46053
1492 8546
1493 149666
1494 2841
1495 237
1496 6838
1497 5513
1498 351
1499 1758
1500 3936
1501 6492
1502 6886
1503 26522
1504 427
1505 60993
1506 6529
1507 3297
1508 6838
1509 3825
1510 5472
1511 4037
1512 24624
1513 2190
1514 3936
1515 204380
1516 3825
1517 8406
1518 5803
1519 13455
1520 5777
1521 5199
1522 3936
1523 1538
1524 241771
1525 4037
1526 6689
1527 5079
1528 2190
1529 3349
1530 3936
1531 1648
1532 285131
1533 1475
1534 13
1535 7014
1536 2331
1537 6429
1538 85275
1539 3352
1540 7082
1541 1629
1542 750
1543 2458
1544 7090
1545 5472
1546 664
1547 292
1548 796
1549 7207
1550 5034
1551 7169
1552 5472
1553 6838
1554 4885
1555 11559
1556 21842
1557 120171
1558 1916
1559 6824
1560 80
1561 5472
1562 10601
1563 34342
1564 3216
1565 4941
1566 5993
1567 4024
1568 420
1569 5472
1570 5803
1571 12985
1572 7456
1573 6269
1574 6529
1575 98
1576 4885
1577 5472
1578 3936
1579 5027
1580 3994
1581 220597
1582 69016
1583 153624
1584 165412
1585 308313
1586 1898
1587 1758
1588 4410
1589 102293
1590 133652
1591 37176
1592 8763
1593 292
1594 6376
1595 259
1596 17318
1597 2220
1598 34529
1599 33338
1600 3440
1601 2220
1602 411
1603 61382
1604 7298
1605 5472
1606 111076
1607 74321
1608 1196
1609 6838
1610 7551
1611 4157
1612 237
1613 56363
1614 2220
1615 6838
1616 10167
1617 70650
1618 52521
1619 334398
1620 31413
1621 9388
1622 22202
1623 2651
1624 51056
1625 102714
1626 86137
1627 292
1628 10035
1629 49389
1630 6489
1631 2220
1632 13414
1633 83724
1634 750
1635 5472
1636 1629
1637 5472
1638 750
1639 8605
1640 28952
1641 7756
1642 4024
1643 1945
1644 5541
1645 37745
1646 28072
1647 87570
1648 306129
1649 3089
1650 5472
1651 23446
1652 95613
1653 6838
1654 3994
1655 6838
1656 1945
1657 512
1658 5472
1659 39621
1660 4157
1661 8504
1662 8308
1663 3847
1664 444
1665 1280
1666 7928
1667 5472
1668 115
1669 1945
1670 1807
1671 2220
1672 11195
1673 1807
1674 2698
1675 5472
1676 7090
1677 8647
1678 8318
1679 7982
1680 544
1681 8878
1682 8318
1683 1898
1684 8320
1685 1898
1686 8737
1687 8708
1688 638
1689 7913
1690 584
1691 8689
1692 8546
1693 8763
1694 115
1695 8762
1696 8760
1697 8996
1698 8208
1699 7525
1700 5472
1701 4895
1702 6325
1703 4160
1704 2220
1705 9008
1706 8785
1707 8546
1708 8546
1709 8781
1710 3089
1711 8806
1712 2220
1713 5472
1714 4895
1715 5349
1716 8320
1717 5392
1718 1002
1719 9002
1720 8902
1721 8864
1722 8277
1723 7565
1724 9251
1725 8835
1726 8786
1727 638
1728 6325
1729 13
1730 8732
1731 1898
1732 4408
1733 2841
1734 9421
1735 13414
1736 5472
1737 9098
1738 8912
1739 8520
1740 9152
1741 9063
1742 4408
1743 1715
1744 115
1745 120
1746 5351
1747 5472
1748 7921
1749 7924
1750 67
1751 2220
1752 10004
1753 7952
1754 2191
1755 7928
1756 8111
1757 3089
1758 3847
1759 1976
1760 1384
1761 7521
1762 72339
1763 9143
1764 4895
1765 3936
1766 10149
1767 5977
1768 3401
1769 7565
1770 3401
1771 13414
1772 17
1773 30648
1774 4160
1775 16290
1776 774
1777 5472
1778 8948
1779 2698
1780 750
1781 4885
1782 34144
1783 289860
1784 3114
1785 10572
1786 120
1787 189241
1788 8622
1789 5472
1790 96225
1791 6404
1792 11977
1793 115
1794 5472
1795 7912
1796 4027
1797 18180
1798 3936
1799 1674
1800 21140
1801 10243
1802 2651
1803 8394
1804 3936
1805 9761
1806 8363
1807 26583
1808 23203
1809 34668
1810 85561
1811 11468
1812 102066
1813 27724
1814 9252
1815 988
1816 14696
1817 2220
1818 7928
1819 26752
1820 21496
1821 22652
1822 628
1823 18502
1824 10433
1825 2812
1826 5472
1827 2220
1828 48166
1829 8320
1830 4690
1831 4690
1832 6691
1833 6691
1834 115
1835 10754
1836 1346
1837 8653
1838 234
1839 1526
1840 8546
1841 5472
1842 2184
1843 237
1844 8417
1845 18375
1846 127816
1847 5472
1848 7982
1849 8320
1850 1747
1851 7982
1852 9244
1853 8308
1854 8527
1855 1340
1856 4895
1857 2191
1858 283
1859 2191
1860 218161
1861 138494
1862 27022
1863 1674
1864 5392
1865 5472
1866 2220
1867 3936
1868 7749
1869 721
1870 710
1871 8465
1872 8308
1873 6126
1874 152189
1875 8465
1876 27213
1877 6355
1878 5472
1879 4895
1880 4007
1881 8991
1882 8320
1883 10167
1884 8959
1885 2201
1886 12284
1887 10184
1888 51339
1889 1156
1890 4885
1891 55924
1892 65001
1893 12952
1894 8318
1895 3936
1896 1346
1897 28065
1898 8318
1899 8394
1900 9357
1901 3936
1902 4895
1903 17128
1904 8763
1905 9058
1906 9102
1907 2220
1908 3936
1909 4895
1910 2181
1911 8305
1912 427
1913 7490
1914 7833
1915 2220
1916 9606
1917 12470
1918 9226
1919 43891
1920 69573
1921 2220
1922 9212
1923 9221
1924 9008
1925 420
1926 59649
1927 9293
1928 9239
1929 9258
1930 9182
1931 3936
1932 23518
1933 197118
1934 7833
1935 7079
1936 89410
1937 88175
1938 36155
1939 22003
1940 237
1941 18038
1942 8686
1943 1267
1944 13
1945 13
1946 9422
1947 9524
1948 4408
1949 13414
1950 9226
1951 2191
1952 8644
1953 62697
1954 26498
1955 4416
1956 53836
1957 25085
1958 6883
1959 5472
1960 5472
1961 7833
1962 77155
1963 40516
1964 12689
1965 76195
1966 7679
1967 50561
1968 115559
1969 3303
1970 122555
1971 9123
1972 36565
1973 9511
1974 40572
1975 9683
1976 9657
1977 5472
1978 2952
1979 779
1980 9755
1981 53788
1982 187211
1983 12305
1984 226380
1985 77714
1986 60052
1987 1453
1988 8394
1989 9976
1990 450
1991 1998
1992 9911
1993 106
1994 9657
1995 9008
1996 2220
1997 46665
1998 9971
1999 9252
2000 9899
2001 8174
2002 23736
2003 5639
2004 10004
2005 9495
2006 4941
2007 732
2008 9849
2009 9495
2010 1976
2011 141137
2012 136365
2013 292746
2014 10527
2015 10430
2016 11216
2017 8308
2018 28708
2019 10155
2020 218
2021 4941
2022 8308
2023 5472
2024 4329
2025 10569
2026 5472
2027 246274
2028 3936
2029 23437
2030 10065
2031 3442
2032 1346
2033 964
2034 8379
2035 10361
2036 9971
2037 9252
2038 33569
2039 48096
2040 292
2041 33870
2042 11294
2043 3117
2044 213827
2045 3936
2046 292
2047 26020
2048 25980
2049 22867
2050 9143
2051 9850
2052 9752
2053 2191
2054 10139
2055 34953
2056 1346
2057 8764
2058 9422
2059 8347
2060 5472
2061 512
2062 9388
2063 69586
2064 1538
2065 9001
2066 14115
2067 18679
2068 9252
2069 716
2070 14279
2071 6883
2072 10518
2073 427
2074 18428
2075 205775
2076 9143
2077 10841
2078 8764
2079 69577
2080 9388
2081 3936
2082 7833
2083 191690
2084 5472
2085 13414
2086 3089
2087 65089
2088 8764
2089 235974
2090 9058
2091 158237
2092 9388
2093 162088
2094 26597
2095 180177
2096 10167
2097 5180
2098 7833
2099 5472
2100 9143
2101 5199
2102 85489
2103 9058
2104 420
2105 9388
2106 17710
2107 10112
2108 3349
2109 58230
2110 10112
2111 2201
2112 15742
2113 1043
2114 62750
2115 5472
2116 10805
2117 9143
2118 28885
2119 750
2120 1629
2121 5472
2122 10263
2123 11148
2124 38390
2125 18664
2126 292
2127 16018
2128 15284
2129 7067
2130 160414
2131 9143
2132 8320
2133 5472
2134 10231
2135 9388
2136 7073
2137 10139
2138 42996
2139 3598
2140 10902
2141 7833
2142 4474
2143 8379
2144 13819
2145 7565
2146 4035
2147 292
2148 10155
2149 10065
2150 5472
2151 6883
2152 13492
2153 10112
2154 36155
2155 87317
2156 256349
2157 172173
2158 8490
2159 3936
2160 8490
2161 6829
2162 18485
2163 117221
2164 11014
2165 70293
2166 1807
2167 30426
2168 5472
2169 6972
2170 15526
2171 4978
2172 226477
2173 9761
2174 732
2175 1800
2176 11097
2177 237
2178 10410
2179 2193
2180 732
2181 11135
2182 11282
2183 10139
2184 52252
2185 2812
2186 1516
2187 6529
2188 3936
2189 10961
2190 10112
2191 1227
2192 1629
2193 22580
2194 5472
2195 10578
2196 10888
2197 9388
2198 11337
2199 23477
2200 24540
2201 10139
2202 9300
2203 7833
2204 11327
2205 5472
2206 9001
2207 10112
2208 7490
2209 2352
2210 11198
2211 3936
2212 1346
2213 2181
2214 11303
2215 3936
2216 9761
2217 10167
2218 50961
2219 8320
2220 11337
2221 165678
2222 22332
2223 11353
2224 10410
2225 9001
2226 100490
2227 9761
2228 11320
2229 3936
2230 9495
2231 9388
2232 512
2233 90
2234 9226
2235 9388
2236 71244
2237 9441
2238 5472
2239 9226
2240 22781
2241 750
2242 4690
2243 1629
2244 1526
2245 11337
2246 115
2247 19099
2248 31476
2249 1453
2250 8690
2251 11421
2252 9761
2253 292
2254 3158
2255 351
2256 102566
2257 8690
2258 9388
2259 5579
2260 40778
2261 45283
2262 493
2263 144001
2264 10139
2265 41670
2266 11769
2267 9388
2268 11198
2269 71650
2270 4024
2271 63474
2272 10139
2273 9388
2274 1346
2275 11859
2276 9058
2277 11597
2278 58
2279 2142
2280 9657
2281 5472
2282 19829
2283 58
2284 33592
2285 95672
2286 88340
2287 9058
2288 2812
2289 20459
2290 12079
2291 90
2292 234
2293 20924
2294 20918
2295 18591
2296 22953
2297 4508
2298 121152
2299 14994
2300 11988
2301 7340
2302 12007
2303 14543
2304 234
2305 1916
2306 2812
2307 47226
2308 13
2309 12134
2310 12226
2311 1267
2312 258
2313 1346
2314 1346
2315 12206
2316 1346
2317 12259
2318 9628
2319 258
2320 9102
2321 1267
2322 1346
2323 8823
2324 1346
2325 10580
2326 12275
2327 2193
2328 8690
2329 1346
2330 8823
2331 2193
2332 1739
2333 1346
2334 1346
2335 5472
2336 9628
2337 13
2338 12269
2339 234
2340 13
2341 234
2342 12311
2343 6787
2344 12286
2345 2220
2346 462
2347 5993
2348 1346
2349 7340
2350 11118
2351 2174
2352 12362
2353 5838
2354 2603
2355 40385
2356 3936
2357 8823
2358 9388
2359 4277
2360 11942
2361 12368
2362 2352
2363 12774
2364 20990
2365 7314
2366 58
2367 2193
2368 36642
2369 12305
2370 5838
2371 61039
2372 10102
2373 147407
2374 89900
2375 3936
2376 26545
2377 11942
2378 1267
2379 9495
2380 5838
2381 13247
2382 18822
2383 78324
2384 12753
2385 27703
2386 8490
2387 58
2388 5838
2389 9058
2390 73322
2391 9058
2392 28088
2393 218
2394 35327
2395 2736
2396 12783
2397 2220
2398 7833
2399 21140
2400 121174
2401 13247
2402 10167
2403 123038
2404 37372
2405 109170
2406 16146
2407 9493
2408 15858
2409 2193
2410 303
2411 52062
2412 427
2413 88922
2414 58
2415 18947
2416 3936
2417 12758
2418 9323
2419 12821
2420 698
2421 12754
2422 9171
2423 3936
2424 1538
2425 12859
2426 4920
2427 1538
2428 698
2429 12882
2430 1538
2431 10918
2432 1538
2433 10918
2434 1521
2435 12675
2436 10639
2437 9388
2438 10639
2439 115
2440 10167
2441 22467
2442 37253
2443 11653
2444 21804
2445 12675
2446 2696
2447 12937
2448 13063
2449 9058
2450 18371
2451 5522
2452 13018
2453 11948
2454 21616
2455 239
2456 13123
2457 21140
2458 22781
2459 62349
2460 24138
2461 66812
2462 35729
2463 470
2464 41486
2465 111166
2466 37745
2467 27549
2468 5472
2469 115
2470 437
2471 34988
2472 1267
2473 988
2474 13224
2475 1227
2476 13261
2477 36048
2478 4971
2479 1453
2480 7356
2481 512
2482 10139
2483 23696
2484 28668
2485 40119
2486 67806
2487 20044
2488 111076
2489 10167
2490 90
2491 9362
2492 310349
2493 3936
2494 16463
2495 18437
2496 13247
2497 9115
2498 6824
2499 11297
2500 9001
2501 13460
2502 19063
2503 71519
2504 111418
2505 5472
2506 9226
2507 13281
2508 33636
2509 7356
2510 13627
2511 5472
2512 13655
2513 22833
2514 10167
2515 18248
2516 5131
2517 8051
2518 184562
2519 8209
2520 10989
2521 178236
2522 4027
2523 14059
2524 36178
2525 9945
2526 1629
2527 1025
2528 10639
2529 255247
2530 427
2531 13948
2532 13414
2533 100490
2534 9095
2535 62806
2536 18142
2537 6883
2538 13832
2539 8320
2540 10075
2541 11394
2542 225
2543 31646
2544 112638
2545 3936
2546 176602
2547 14586
2548 1196
2549 6153
2550 11297
2551 5993
2552 13414
2553 15321
2554 5082
2555 219
2556 3936
2557 11297
2558 13414
2559 14378
2560 1192
2561 9115
2562 72699
2563 55028
2564 15278
2565 47834
2566 70992
2567 14295
2568 1346
2569 11942
2570 19773
2571 1025
2572 698
2573 1521
2574 79999
2575 196889
2576 26522
2577 13975
2578 115899
2579 1683
2580 3563
2581 53788
2582 292
2583 361
2584 14524
2585 11543
2586 19316
2587 125601
2588 11297
2589 50494
2590 95689
2591 58830
2592 13247
2593 13192
2594 512
2595 5472
2596 13247
2597 5391
2598 1227
2599 46870
2600 5993
2601 39878
2602 9493
2603 15347
2604 11297
2605 2181
2606 13375
2607 30890
2608 4017
2609 9058
2610 60037
2611 1453
2612 66215
2613 14494
2614 9115
2615 8320
2616 3936
2617 90098
2618 286947
2619 12625
2620 163646
2621 237
2622 3936
2623 14117
2624 13414
2625 23372
2626 63704
2627 7018
2628 4802
2629 73192
2630 130700
2631 9851
2632 9226
2633 96329
2634 14994
2635 9396
2636 44303
2637 5472
2638 35816
2639 6883
2640 22769
2641 3936
2642 2812
2643 33379
2644 13
2645 1720
2646 34536
2647 16797
2648 13414
2649 11194
2650 6316
2651 211806
2652 34981
2653 18002
2654 14859
2655 1976
2656 53242
2657 8379
2658 13414
2659 5472
2660 90
2661 13247
2662 109443
2663 10167
2664 9388
2665 9001
2666 9115
2667 13414
2668 10888
2669 1538
2670 15376
2671 11353
2672 13752
2673 40110
2674 4870
2675 13414
2676 12386
2677 3936
2678 4035
2679 13414
2680 6171
2681 1196
2682 135504
2683 15589
2684 15112
2685 13414
2686 3936
2687 43474
2688 13414
2689 59673
2690 23876
2691 7833
2692 136172
2693 15558
2694 20044
2695 151136
2696 5813
2697 1346
2698 9226
2699 237
2700 11282
2701 13414
2702 2201
2703 292
2704 10195
2705 92309
2706 8275
2707 9070
2708 13414
2709 292
2710 988
2711 292
2712 7833
2713 13414
2714 36422
2715 16012
2716 30346
2717 2551
2718 6883
2719 155625
2720 10139
2721 62146
2722 16463
2723 9388
2724 16797
2725 239015
2726 5472
2727 18387
2728 30292
2729 3504
2730 72518
2731 18038
2732 121509
2733 1346
2734 16677
2735 16663
2736 17193
2737 34887
2738 3936
2739 6439
2740 13832
2741 16976
2742 11394
2743 53852
2744 15895
2745 16519
2746 16463
2747 15895
2748 16867
2749 162052
2750 61821
2751 175212
2752 10139
2753 16275
2754 26401
2755 16463
2756 5472
2757 101055
2758 13414
2759 90
2760 5472
2761 3936
2762 130368
2763 2678
2764 219
2765 7082
2766 181
2767 10932
2768 10033
2769 13414
2770 16519
2771 9001
2772 7790
2773 11791
2774 17276
2775 24435
2776 6303
2777 2220
2778 93860
2779 12058
2780 13414
2781 11791
2782 4231
2783 11791
2784 77175
2785 5731
2786 13414
2787 124040
2788 16909
2789 3936
2790 16932
2791 9240
2792 14850
2793 16529
2794 81724
2795 7490
2796 21274
2797 17536
2798 11791
2799 3936
2800 2392
2801 43147
2802 77277
2803 11394
2804 31781
2805 69213
2806 115
2807 3936
2808 28750
2809 7833
2810 21162
2811 35918
2812 7833
2813 11791
2814 18038
2815 5472
2816 90
2817 17965
2818 201364
2819 1346
2820 18038
2821 292
2822 1346
2823 58264
2824 44174
2825 259521
2826 7356
2827 16463
2828 52678
2829 11791
2830 9226
2831 115
2832 17666
2833 3936
2834 9495
2835 1346
2836 3441
2837 14365
2838 470
2839 25205
2840 2548
2841 137147
2842 18167
2843 17580
2844 1538
2845 2220
2846 427
2847 3936
2848 1042
2849 5472
2850 26146
2851 18664
2852 36971
2853 8983
2854 26586
2855 12285
2856 68995
2857 9058
2858 75626
2859 7667
2860 4941
2861 119271
2862 11059
2863 9001
2864 44583
2865 76335
2866 173984
2867 11791
2868 44148
2869 263603
2870 149791
2871 16463
2872 138173
2873 3936
2874 9388
2875 14032
2876 17580
2877 5472
2878 70308
2879 5472
2880 59362
2881 17141
2882 16909
2883 10519
2884 16797
2885 3936
2886 7833
2887 11791
2888 16463
2889 17128
2890 4653
2891 5472
2892 1538
2893 18202
2894 51734
2895 13414
2896 57952
2897 7833
2898 15222
2899 40944
2900 9090
2901 3936
2902 14968
2903 9001
2904 18685
2905 18867
2906 75584
2907 18873
2908 292
2909 11683
2910 9388
2911 9388
2912 16275
2913 70357
2914 3936
2915 988
2916 90
2917 17480
2918 292
2919 69763
2920 55028
2921 9158
2922 292
2923 45692
2924 70398
2925 13414
2926 292
2927 2188
2928 10639
2929 4027
2930 5472
2931 292
2932 13414
2933 9495
2934 420
2935 3936
2936 19225
2937 4941
2938 9001
2939 9493
2940 17580
2941 12521
2942 5473
2943 135870
2944 1860
2945 25085
2946 8950
2947 14365
2948 37797
2949 9090
2950 52062
2951 7833
2952 15253
2953 29110
2954 20228
2955 145828
2956 13414
2957 13414
2958 19361
2959 16463
2960 1346
2961 18259
2962 19428
2963 292
2964 59120
2965 1276
2966 81491
2967 6529
2968 17580
2969 17580
2970 11791
2971 18917
2972 54992
2973 11791
2974 9495
2975 5472
2976 113837
2977 4027
2978 28937
2979 13834
2980 17580
2981 18917
2982 1860
2983 35359
2984 13414
2985 18202
2986 5472
2987 145733
2988 13414
2989 59344
2990 10888
2991 9761
2992 16463
2993 66977
2994 17141
2995 19255
2996 25689
2997 16529
2998 17580
2999 91828
3000 7667
3001 33581
3002 13414
3003 43124
3004 1629
3005 9388
3006 3936
3007 13217
3008 19718
3009 3936
3010 10639
3011 18202
3012 11791
3013 24324
3014 35387
3015 26457
3016 13414
3017 5472
3018 11791
3019 13414
3020 13217
3021 5472
3022 6439
3023 4056
3024 18202
3025 17580
3026 512
3027 15568
3028 5472
3029 17666
3030 219
3031 18917
3032 7833
3033 13414
3034 5472
3035 1346
3036 78387
3037 517
3038 4157
3039 88683
3040 4978
3041 1057
3042 14994
3043 22003
3044 17580
3045 6529
3046 4408
3047 14365
3048 218
3049 8065
3050 115
3051 13414
3052 17580
3053 11610
3054 43169
3055 24208
3056 12249
3057 4474
3058 13414
3059 233508
3060 237
3061 21050
3062 9495
3063 13414
3064 58
3065 49507
3066 5472
3067 13414
3068 13414
3069 13414
3070 20298
3071 334225
3072 106499
3073 13414
3074 116
3075 9388
3076 13414
3077 7480
3078 13
3079 11600
3080 23672
3081 13414
3082 17148
3083 9495
3084 11791
3085 13247
3086 20399
3087 1629
3088 11791
3089 20397
3090 9495
3091 8320
3092 13414
3093 11610
3094 219
3095 11600
3096 11791
3097 13414
3098 13414
3099 11791
3100 83511
3101 218
3102 292
3103 17580
3104 20459
3105 3117
3106 9495
3107 3936
3108 78169
3109 17688
3110 17666
3111 5472
3112 13
3113 181
3114 61940
3115 4408
3116 3936
3117 4408
3118 9388
3119 11791
3120 13414
3121 17
3122 15961
3123 33620
3124 17666
3125 12285
3126 13247
3127 218
3128 218
3129 1538
3130 11600
3131 292
3132 7418
3133 8318
3134 9388
3135 75212
3136 3936
3137 3117
3138 219
3139 13414
3140 9495
3141 4408
3142 13414
3143 7259
3144 28295
3145 86389
3146 21252
3147 4408
3148 5472
3149 8318
3150 18202
3151 8318
3152 4408
3153 8318
3154 13414
3155 181
3156 8318
3157 8318
3158 41018
3159 42965
3160 12285
3161 26510
3162 2201
3163 13414
3164 18438
3165 116
3166 4408
3167 13414
3168 7833
3169 13
3170 34811
3171 8318
3172 66951
3173 9495
3174 181
3175 4408
3176 24154
3177 181
3178 3117
3179 8318
3180 14692
3181 18472
3182 9495
3183 55573
3184 18387
3185 11600
3186 27860
3187 219
3188 37151
3189 219
3190 292
3191 5472
3192 31475
3193 23889
3194 18387
3195 9495
3196 11118
3197 3117
3198 218
3199 3936
3200 13
3201 2193
3202 33389
3203 46418
3204 292
3205 5472
3206 41827
3207 427
3208 7749
3209 13
3210 5472
3211 2220
3212 20295
3213 22211
3214 21969
3215 218
3216 112559
3217 11610
3218 23991
3219 11791
3220 292
3221 9229
3222 20927
3223 27536
3224 292
3225 9380
3226 292
3227 8400
3228 181
3229 1629
3230 12285
3231 3936
3232 4408
3233 292
3234 4408
3235 292
3236 197760
3237 10639
3238 11610
3239 9388
3240 2220
3241 68875
3242 11118
3243 292
3244 11118
3245 517
3246 5472
3247 219
3248 13414
3249 116
3250 13
3251 13414
3252 7833
3253 219
3254 5472
3255 28897
3256 13414
3257 13
3258 9495
3259 4017
3260 33445
3261 9761
3262 13
3263 13217
3264 165364
3265 27971
3266 18202
3267 3936
3268 8320
3269 36166
3270 18202
3271 20459
3272 219
3273 13
3274 20459
3275 21102
3276 219
3277 8318
3278 9495
3279 37336
3280 8318
3281 37431
3282 13
3283 41552
3284 292
3285 22859
3286 18202
3287 16220
3288 16529
3289 197118
3290 9388
3291 18114
3292 13
3293 10639
3294 1516
3295 20433
3296 13414
3297 9090
3298 3936
3299 5605
3300 17580
3301 1629
3302 26719
3303 9229
3304 46950
3305 4474
3306 5472
3307 13414
3308 18160
3309 4177
3310 4408
3311 4017
3312 7833
3313 21271
3314 21207
3315 52062
3316 7833
3317 59876
3318 59107
3319 4408
3320 819
3321 7833
3322 27182
3323 19687
3324 17375
3325 170138
3326 10639
3327 38290
3328 268589
3329 137544
3330 298520
3331 7488
3332 16797
3333 5472
3334 11610
3335 17580
3336 9761
3337 4978
3338 172376
3339 3501
3340 129136
3341 21216
3342 40753
3343 102501
3344 10065
3345 17748
3346 25389
3347 26020
3348 47395
3349 8305
3350 72481
3351 988
3352 14365
3353 21703
3354 13414
3355 127306
3356 18202
3357 22725
3358 11610
3359 90
3360 4474
3361 121145
3362 8305
3363 21933
3364 7057
3365 22196
3366 32815
3367 3936
3368 75
3369 9388
3370 292
3371 3936
3372 9388
3373 109097
3374 8318
3375 9495
3376 3598
3377 17580
3378 5472
3379 5472
3380 91883
3381 14775
3382 21271
3383 206036
3384 1346
3385 5472
3386 7833
3387 21790
3388 4416
3389 8686
3390 21856
3391 37466
3392 65602
3393 3936
3394 49307
3395 18202
3396 61606
3397 71941
3398 17832
3399 49492
3400 10888
3401 7833
3402 43032
3403 83288
3404 4408
3405 9495
3406 11791
3407 21790
3408 138478
3409 11510
3410 11948
3411 121124
3412 134457
3413 21697
3414 150318
3415 24993
3416 12285
3417 100539
3418 76605
3419 6010
3420 105139
3421 69605
3422 9001
3423 3936
3424 143290
3425 7833
3426 1346
3427 669
3428 21807
3429 223090
3430 18309
3431 96508
3432 66842
3433 22507
3434 4416
3435 24481
3436 291131
3437 87140
3438 35919
3439 16701
3440 22623
3441 5472
3442 71141
3443 34133
3444 796
3445 24706
3446 5045
3447 21790
3448 10639
3449 2184
3450 7488
3451 4690
3452 4690
3453 138531
3454 40285
3455 6034
3456 22473
3457 7356
3458 3936
3459 23040
3460 11610
3461 14125
3462 44238
3463 18202
3464 100222
3465 20066
3466 3553
3467 106
3468 2184
3469 2716
3470 166476
3471 13414
3472 57944
3473 7057
3474 23413
3475 93721
3476 21487
3477 18917
3478 23351
3479 9388
3480 35724
3481 1629
3482 9388
3483 21256
3484 28549
3485 48920
3486 3936
3487 3936
3488 7565
3489 324701
3490 7889
3491 23585
3492 23259
3493 11169
3494 2643
3495 76020
3496 150
3497 68123
3498 16840
3499 92752
3500 84583
3501 5472
3502 9323
3503 157416
3504 23658
3505 8320
3506 38177
3507 22003
3508 10888
3509 3495
3510 85225
3511 103968
3512 13217
3513 181
3514 14259
3515 5472
3516 59908
3517 4941
3518 1629
3519 5472
3520 22780
3521 18387
3522 2191
3523 173758
3524 7340
3525 1035
3526 3936
3527 50825
3528 11610
3529 13414
3530 9229
3531 24362
3532 24076
3533 81454
3534 10639
3535 1629
3536 23099
3537 66169
3538 1860
3539 71729
3540 1629
3541 24319
3542 24034
3543 1587
3544 5472
3545 9226
3546 9388
3547 3936
3548 38551
3549 24319
3550 2418
3551 35237
3552 123830
3553 1860
3554 24319
3555 3500
3556 197114
3557 18917
3558 27668
3559 24141
3560 17580
3561 24122
3562 13217
3563 17580
3564 11610
3565 120103
3566 21487
3567 25802
3568 30315
3569 10065
3570 4027
3571 75626
3572 14850
3573 62212
3574 11135
3575 11610
3576 13414
3577 11600
3578 57797
3579 60155
3580 103592
3581 31482
3582 9495
3583 24141
3584 23776
3585 62663
3586 10367
3587 12285
3588 8320
3589 11610
3590 49522
3591 48993
3592 3936
3593 120366
3594 13414
3595 6541
3596 675
3597 90
3598 9495
3599 181
3600 55765
3601 9388
3602 1629
3603 292
3604 45852
3605 1035
3606 1629
3607 9388
3608 5472
3609 22824
3610 28635
3611 22570
3612 21252
3613 12121
3614 32919
3615 19928
3616 43876
3617 11297
3618 26566
3619 86125
3620 24514
3621 13414
3622 142460
3623 14966
3624 9058
3625 10167
3626 30421
3627 3245
3628 8829
3629 45870
3630 9450
3631 3484
3632 62935
3633 3936
3634 5199
3635 7833
3636 3936
3637 4941
3638 4474
3639 34867
3640 24995
3641 24565
3642 38493
3643 189018
3644 146493
3645 173951
3646 15049
3647 21487
3648 819
3649 1346
3650 21487
3651 9495
3652 10139
3653 10167
3654 52199
3655 19120
3656 9388
3657 13414
3658 10167
3659 10639
3660 9388
3661 915
3662 3936
3663 9388
3664 38446
3665 9380
3666 25779
3667 25846
3668 9058
3669 103962
3670 11414
3671 41202
3672 3936
3673 7073
3674 119089
3675 24588
3676 1860
3677 104437
3678 14152
3679 3157
3680 470
3681 57000
3682 23284
3683 2716
3684 28885
3685 3936
3686 49295
3687 9058
3688 10060
3689 23703
3690 26660
3691 38215
3692 58755
3693 1905
3694 3936
3695 24363
3696 9240
3697 12781
3698 30285
3699 292
3700 48170
3701 24141
3702 10167
3703 9001
3704 2220
3705 13414
3706 1035
3707 4408
3708 13414
3709 25671
3710 15562
3711 1035
3712 8318
3713 22505
3714 9388
3715 25671
3716 9058
3717 2220
3718 2220
3719 1035
3720 544
3721 8950
3722 21894
3723 75
3724 8320
3725 8950
3726 21894
3727 25284
3728 9001
3729 13414
3730 25284
3731 4408
3732 21894
3733 9495
3734 1035
3735 8318
3736 21894
3737 21894
3738 17790
3739 23518
3740 23518
3741 4920
3742 21894
3743 1035
3744 2220
3745 25735
3746 91312
3747 5472
3748 37797
3749 4160
3750 62775
3751 9001
3752 162875
3753 51411
3754 14586
3755 197667
3756 79504
3757 132919
3758 78994
3759 25826
3760 26411
3761 6446
3762 9380
3763 9388
3764 14313
3765 40726
3766 25785
3767 55837
3768 18990
3769 26694
3770 13414
3771 32846
3772 5005
3773 16051
3774 122051
3775 77973
3776 25896
3777 18917
3778 25284
3779 8320
3780 9388
3781 8318
3782 21487
3783 3936
3784 13414
3785 24129
3786 3598
3787 13414
3788 18849
3789 48044
3790 25400
3791 18646
3792 30463
3793 8546
3794 22743
3795 3936
3796 7833
3797 21463
3798 8305
3799 8305
3800 30681
3801 17688
3802 5472
3803 27128
3804 9240
3805 28024
3806 26207
3807 26264
3808 98341
3809 28548
3810 196870
3811 327704
3812 48228
3813 10569
3814 8305
3815 3445
3816 162647
3817 119236
3818 14832
3819 7833
3820 13414
3821 5472
3822 21271
3823 26601
3824 10167
3825 13948
3826 34263
3827 50939
3828 24129
3829 23367
3830 46299
3831 10167
3832 9495
3833 60027
3834 26765
3835 26836
3836 70427
3837 10214
3838 9388
3839 10639
3840 41107
3841 35686
3842 18664
3843 23518
3844 45062
3845 26878
3846 21271
3847 7833
3848 66597
3849 46103
3850 8318
3851 23518
3852 162718
3853 5354
3854 1777
3855 24565
3856 76494
3857 2220
3858 37053
3859 10569
3860 17580
3861 24141
3862 34078
3863 3936
3864 5313
3865 13328
3866 31712
3867 9495
3868 106
3869 24154
3870 38056
3871 10167
3872 3936
3873 26764
3874 5472
3875 63427
3876 21699
3877 41838
3878 10167
3879 126929
3880 1587
3881 38262
3882 51314
3883 86302
3884 9001
3885 17688
3886 37190
3887 4062
3888 104616
3889 53957
3890 1366
3891 8546
3892 49289
3893 17580
3894 50046
3895 10167
3896 15773
3897 37678
3898 36943
3899 59136
3900 100950
3901 24565
3902 17832
3903 71317
3904 15250
3905 68753
3906 44517
3907 38423
3908 10167
3909 30922
3910 136483
3911 292
3912 19875
3913 35374
3914 1683
3915 27268
3916 27254
3917 26566
3918 3936
3919 57221
3920 30182
3921 37976
3922 26566
3923 7356
3924 32960
3925 26842
3926 27920
3927 10167
3928 23254
3929 180144
3930 11067
3931 9058
3932 27414
3933 81229
3934 41012
3935 43559
3936 46290
3937 34541
3938 34363
3939 17580
3940 26566
3941 24146
3942 58125
3943 750
3944 33154
3945 35478
3946 111655
3947 5893
3948 27711
3949 3936
3950 18399
3951 111772
3952 5472
3953 18399
3954 35742
3955 21464
3956 23382
3957 27778
3958 54459
3959 72687
3960 93429
3961 44242
3962 33377
3963 3936
3964 3936
3965 71883
3966 3936
3967 9058
3968 13293
3969 10167
3970 3441
3971 2159
3972 48551
3973 26533
3974 5472
3975 26533
3976 11297
3977 127306
3978 45553
3979 61977
3980 28289
3981 81517
3982 9001
3983 3936
3984 28317
3985 23703
3986 7833
3987 24967
3988 31233
3989 31139
3990 2640
3991 51230
3992 7118
3993 40587
3994 160885
3995 218
3996 1898
3997 50760
3998 7336
3999 25574
4000 5472
4001 10167
4002 6838
4003 6121
4004 48184
4005 24146
4006 9001
4007 10167
4008 6838
4009 21473
4010 28870
4011 9058
4012 28732
4013 28900
4014 148229
4015 116285
4016 115692
4017 157455
4018 15619
4019 11610
4020 84618
4021 4024
4022 1538
4023 1035
4024 1629
4025 68900
4026 1629
4027 7093
4028 6859
4029 3936
4030 213827
4031 9388
4032 7833
4033 77051
4034 24146
4035 30390
4036 18931
4037 24146
4038 30401
4039 23852
4040 4160
4041 7340
4042 1898
4043 24146
4044 10060
4045 10569
4046 12625
4047 234
4048 544
4049 28937
4050 544
4051 75
4052 30796
4053 2698
4054 30394
4055 11475
4056 21487
4057 22824
4058 23894
4059 30796
4060 30807
4061 6446
4062 13414
4063 31099
4064 100706
4065 60936
4066 43377
4067 184515
4068 23999
4069 25847
4070 24146
4071 27855
4072 13414
4073 5472
4074 9388
4075 30415
4076 1073
4077 13192
4078 1629
4079 3936
4080 93361
4081 37543
4082 35098
4083 1346
4084 6171
4085 10167
4086 31686
4087 81906
4088 132695
4089 30674
4090 9058
4091 9388
4092 70720
4093 34552
4094 6439
4095 31407
4096 31393
4097 31154
4098 21703
4099 31437
4100 6728
4101 3936
4102 200931
4103 36465
4104 11600
4105 13414
4106 28217
4107 60733
4108 732
4109 3936
4110 10167
4111 292
4112 3618
4113 35090
4114 31222
4115 10167
4116 21687
4117 9001
4118 21487
4119 20062
4120 21968
4121 9001
4122 67017
4123 800
4124 31160
4125 26533
4126 61319
4127 183147
4128 75584
4129 23889
4130 664
4131 45888
4132 40119
4133 44016
4134 18575
4135 41397
4136 34616
4137 4493
4138 90
4139 37368
4140 5472
4141 1587
4142 7833
4143 23577
4144 3936
4145 90280
4146 5472
4147 64278
4148 3936
4149 6873
4150 9001
4151 5472
4152 60649
4153 1190
4154 72836
4155 9001
4156 19773
4157 3936
4158 1587
4159 5472
4160 54177
4161 14804
4162 62395
4163 25643
4164 40369
4165 40326
4166 37811
4167 37224
4168 9022
4169 18575
4170 51293
4171 33232
4172 2156
4173 8950
4174 3936
4175 9001
4176 54821
4177 1261
4178 33702
4179 50622
4180 8546
4181 26176
4182 144100
4183 3936
4184 47438
4185 33211
4186 66959
4187 301512
4188 10167
4189 7833
4190 31743
4191 286027
4192 33432
4193 33046
4194 3936
4195 22781
4196 33814
4197 8318
4198 35555
4199 33550
4200 1346
4201 89698
4202 37846
4203 4690
4204 15208
4205 231154
4206 167213
4207 86516
4208 34683
4209 45978
4210 60723
4211 3936
4212 9847
4213 59665
4214 121520
4215 10167
4216 7925
4217 96705
4218 33325
4219 34109
4220 21615
4221 191984
4222 44822
4223 89364
4224 24974
4225 85578
4226 169135
4227 190892
4228 31222
4229 65535
4230 3936
4231 122396
4232 122260
4233 66812
4234 34357
4235 5472
4236 48668
4237 19131
4238 31395
4239 17922
4240 44469
4241 136229
4242 24467
4243 4024
4244 31119
4245 9495
4246 210416
4247 53802
4248 32815
4249 38260
4250 36821
4251 23729
4252 39809
4253 79053
4254 99281
4255 5472
4256 35021
4257 9058
4258 10167
4259 1683
4260 35506
4261 6467
4262 26176
4263 40204
4264 5472
4265 35227
4266 78379
4267 31119
4268 104616
4269 90302
4270 5472
4271 23569
4272 24324
4273 35465
4274 32815
4275 49872
4276 35060
4277 3936
4278 30408
4279 45250
4280 9300
4281 61727
4282 25721
4283 231722
4284 21487
4285 153549
4286 3936
4287 292
4288 22769
4289 66629
4290 1262
4291 136699
4292 40411
4293 10713
4294 33806
4295 25085
4296 157451
4297 34536
4298 22563
4299 36176
4300 35694
4301 5472
4302 5472
4303 22824
4304 12386
4305 35538
4306 35504
4307 24146
4308 9022
4309 189457
4310 3936
4311 18202
4312 2313
4313 13208
4314 6939
4315 162549
4316 235507
4317 17128
4318 72627
4319 39727
4320 27439
4321 123916
4322 37825
4323 11120
4324 99540
4325 18917
4326 45822
4327 32857
4328 18575
4329 12055
4330 47420
4331 36494
4332 250377
4333 1233
4334 5472
4335 10470
4336 3349
4337 16284
4338 309407
4339 512
4340 93288
4341 292
4342 22769
4343 36261
4344 210757
4345 164453
4346 5472
4347 750
4348 49071
4349 143882
4350 5472
4351 3936
4352 462
4353 36515
4354 5472
4355 18917
4356 214887
4357 10167
4358 59610
4359 292
4360 21216
4361 6873
4362 215088
4363 38423
4364 5472
4365 21416
4366 55787
4367 78160
4368 15937
4369 22781
4370 9226
4371 16561
4372 8320
4373 34078
4374 36467
4375 42919
4376 72193
4377 18917
4378 64165
4379 52623
4380 45650
4381 661
4382 44482
4383 1860
4384 23729
4385 22824
4386 63848
4387 341166
4388 36381
4389 18561
4390 9963
4391 26870
4392 52119
4393 25689
4394 20240
4395 13414
4396 109005
4397 3936
4398 223987
4399 67010
4400 1860
4401 3936
4402 23688
4403 2313
4404 21252
4405 129757
4406 43111
4407 70301
4408 55567
4409 126967
4410 7079
4411 39925
4412 1860
4413 46394
4414 68744
4415 31058
4416 6873
4417 40226
4418 3936
4419 33767
4420 157282
4421 11791
4422 35349
4423 3936
4424 38091
4425 72534
4426 17128
4427 1940
4428 2313
4429 88683
4430 37614
4431 33414
4432 62429
4433 13414
4434 10167
4435 68818
4436 43861
4437 20024
4438 30611
4439 237
4440 14994
4441 317424
4442 3936
4443 9001
4444 3936
4445 20952
4446 32815
4447 5472
4448 34817
4449 141148
4450 212011
4451 127956
4452 41272
4453 2313
4454 9058
4455 11120
4456 107618
4457 260927
4458 16258
4459 9058
4460 3936
4461 9058
4462 42991
4463 41739
4464 5440
4465 85196
4466 21487
4467 6824
4468 5472
4469 4017
4470 16258
4471 22055
4472 42986
4473 33046
4474 63914
4475 93079
4476 5472
4477 65611
4478 16258
4479 63798
4480 44060
4481 48166
4482 43429
4483 10838
4484 85460
4485 48028
4486 11610
4487 43309
4488 43310
4489 55567
4490 32815
4491 5626
4492 43807
4493 11610
4494 86486
4495 21615
4496 3936
4497 1587
4498 11610
4499 30981
4500 59585
4501 168936
4502 97959
4503 182943
4504 3936
4505 20552
4506 4017
4507 10167
4508 137159
4509 116
4510 6940
4511 43514
4512 13217
4513 44024
4514 5472
4515 1860
4516 57672
4517 3936
4518 5472
4519 175428
4520 141505
4521 79041
4522 101663
4523 88422
4524 24555
4525 17128
4526 44060
4527 1496
4528 44060
4529 27712
4530 15241
4531 173152
4532 156571
4533 43686
4534 89419
4535 175663
4536 9388
4537 44060
4538 24883
4539 131146
4540 84313
4541 46560
4542 25064
4543 23382
4544 142416
4545 24130
4546 56098
4547 44666
4548 35244
4549 3936
4550 37966
4551 228005
4552 903
4553 9058
4554 11557
4555 9495
4556 27712
4557 1346
4558 10497
4559 43587
4560 44060
4561 48675
4562 45190
4563 11026
4564 9762
4565 3824
4566 39878
4567 9001
4568 37966
4569 26533
4570 1035
4571 77955
4572 123904
4573 50091
4574 1346
4575 4408
4576 577
4577 27515
4578 89526
4579 45563
4580 86804
4581 23216
4582 40311
4583 59877
4584 67016
4585 22003
4586 43210
4587 427
4588 5472
4589 63232
4590 5005
4591 5472
4592 38366
4593 5472
4594 23545
4595 9001
4596 3936
4597 237
4598 21050
4599 3936
4600 5472
4601 73364
4602 38452
4603 95755
4604 9226
4605 47915
4606 22781
4607 3936
4608 46228
4609 32815
4610 9058
4611 192759
4612 8705
4613 292
4614 25643
4615 50396
4616 52995
4617 115
4618 237
4619 21487
4620 20044
4621 127772
4622 3936
4623 52887
4624 2313
4625 9966
4626 5472
4627 15629
4628 47152
4629 98580
4630 7057
4631 27871
4632 60464
4633 19687
4634 8823
4635 69060
4636 3936
4637 60440
4638 263146
4639 46507
4640 46369
4641 5472
4642 13
4643 54717
4644 26870
4645 36155
4646 22003
4647 3936
4648 23509
4649 13414
4650 903
4651 577
4652 48491
4653 13158
4654 131198
4655 3936
4656 4774
4657 8320
4658 49673
4659 3936
4660 204465
4661 2636
4662 66812
4663 3936
4664 51667
4665 33925
4666 27388
4667 3936
4668 24722
4669 37797
4670 12513
4671 3936
4672 9380
4673 37797
4674 3936
4675 49849
4676 11801
4677 122489
4678 9058
4679 56657
4680 8961
4681 6859
4682 208970
4683 53419
4684 251785
4685 55403
4686 50409
4687 8823
4688 53525
4689 17580
4690 46560
4691 75131
4692 11747
4693 213255
4694 45720
4695 22953
4696 10449
4697 33249
4698 48001
4699 77452
4700 68157
4701 8546
4702 100459
4703 33046
4704 3936
4705 46369
4706 62016
4707 16100
4708 33476
4709 5472
4710 50136
4711 11702
4712 47230
4713 12285
4714 3949
4715 47230
4716 25349
4717 3936
4718 180648
4719 105490
4720 51103
4721 32815
4722 3936
4723 37797
4724 14860
4725 46560
4726 37797
4727 142228
4728 37797
4729 136749
4730 21140
4731 1891
4732 30668
4733 21703
4734 47230
4735 110585
4736 22781
4737 3936
4738 21487
4739 203255
4740 64775
4741 73601
4742 3936
4743 207657
4744 9495
4745 56746
4746 4732
4747 3157
4748 132854
4749 3936
4750 70633
4751 25689
4752 167542
4753 24154
4754 52618
4755 84211
4756 222730
4757 67191
4758 3670
4759 176585
4760 158366
4761 52784
4762 46541
4763 9058
4764 46541
4765 52871
4766 183283
4767 264191
4768 18202
4769 29046
4770 14295
4771 25230
4772 21050
4773 50286
4774 21050
4775 30716
4776 87357
4777 4941
4778 211916
4779 427
4780 52871
4781 470
4782 3936
4783 19159
4784 10467
4785 53327
4786 22003
4787 54009
4788 6439
4789 33942
4790 9058
4791 21625
4792 46541
4793 40753
4794 44885
4795 13217
4796 27581
4797 33662
4798 54349
4799 55914
4800 96490
4801 173703
4802 33479
4803 220915
4804 9058
4805 5472
4806 24324
4807 204623
4808 292
4809 10888
4810 292
4811 3936
4812 44583
4813 46950
4814 78401
4815 3936
4816 494
4817 93229
4818 53233
4819 112709
4820 9058
4821 54892
4822 5472
4823 23143
4824 6529
4825 55000
4826 24446
4827 35525
4828 22003
4829 6824
4830 18202
4831 69054
4832 512
4833 52871
4834 106809
4835 46950
4836 25189
4837 165554
4838 9495
4839 3936
4840 6529
4841 55068
4842 70150
4843 15284
4844 24154
4845 122223
4846 3936
4847 68929
4848 9495
4849 65931
4850 3936
4851 36155
4852 55671
4853 3936
4854 5472
4855 53233
4856 54484
4857 22692
4858 43889
4859 21050
4860 46950
4861 54484
4862 54484
4863 44583
4864 21487
4865 37797
4866 46950
4867 3117
4868 35244
4869 6126
4870 26522
4871 3936
4872 9058
4873 188893
4874 72107
4875 56223
4876 53233
4877 9495
4878 142331
4879 1860
4880 7356
4881 9058
4882 9495
4883 14966
4884 37797
4885 98441
4886 533
4887 279727
4888 83556
4889 21050
4890 116
4891 77139
4892 36155
4893 9853
4894 18202
4895 158898
4896 234
4897 46950
4898 35244
4899 24146
4900 234
4901 4160
4902 4160
4903 680
4904 89
4905 35244
4906 35244
4907 35244
4908 35244
4909 9495
4910 57668
4911 9495
4912 55567
4913 35244
4914 1898
4915 9495
4916 35244
4917 179574
4918 31743
4919 237
4920 22769
4921 5472
4922 9495
4923 55390
4924 21271
4925 5472
4926 9337
4927 9495
4928 33046
4929 44427
4930 14832
4931 237
4932 49601
4933 470
4934 46541
4935 7356
4936 18387
4937 22250
4938 78760
4939 7833
4940 58210
4941 85956
4942 237
4943 3936
4944 3936
4945 55567
4946 49601
4947 5472
4948 3936
4949 15504
4950 49601
4951 44602
4952 7833
4953 166617
4954 22003
4955 30951
4956 73423
4957 25205
4958 3936
4959 85212
4960 31743
4961 72758
4962 58887
4963 45746
4964 73628
4965 37797
4966 2313
4967 37797
4968 237
4969 303205
4970 22505
4971 104553
4972 9495
4973 17580
4974 43110
4975 6541
4976 37836
4977 38177
4978 31743
4979 10733
4980 2313
4981 39640
4982 37797
4983 65956
4984 142448
4985 23372
4986 129805
4987 77234
4988 47107
4989 4395
4990 2313
4991 9388
4992 52810
4993 91271
4994 2313
4995 77402
4996 10733
4997 38539
4998 10733
4999 24330
5000 3936
5001 177582
5002 5472
5003 11678
5004 5472
5005 35244
5006 35244
5007 53154
5008 35244
5009 44427
5010 37797
5011 9257
5012 37797
5013 2313
5014 35244
5015 37797
5016 37797
5017 35244
5018 37797
5019 1860
5020 1860
5021 35244
5022 35244
5023 43183
5024 2313
5025 37797
5026 37797
5027 35244
5028 6873
5029 60086
5030 60333
5031 6873
5032 60244
5033 17790
5034 31507
5035 37797
5036 40266
5037 49207
5038 64315
5039 98180
5040 62309
5041 21271
5042 427
5043 60163
5044 71453
5045 41779
5046 2313
5047 60217
5048 76123
5049 60142
5050 50678
5051 35729
5052 61820
5053 4408
5054 21271
5055 60201
5056 60247
5057 3936
5058 76784
5059 21271
5060 9388
5061 3936
5062 40511
5063 3936
5064 60327
5065 44583
5066 74507
5067 10270
5068 104306
5069 9492
5070 43968
5071 61453
5072 39878
5073 64250
5074 46375
5075 61561
5076 60465
5077 60537
5078 101206
5079 174214
5080 74745
5081 79922
5082 60465
5083 24130
5084 69317
5085 23490
5086 17128
5087 5472
5088 61152
5089 15541
5090 59746
5091 72426
5092 61163
5093 9226
5094 117666
5095 3936
5096 7361
5097 92235
5098 105016
5099 37797
5100 211992
5101 70403
5102 31743
5103 5472
5104 18143
5105 44583
5106 33355
5107 18875
5108 69044
5109 2313
5110 72061
5111 31743
5112 227685
5113 3936
5114 97368
5115 61357
5116 4035
5117 37797
5118 60561
5119 89030
5120 37797
5121 3936
5122 93913
5123 21416
5124 136699
5125 31058
5126 26437
5127 40270
5128 128657
5129 45137
5130 237
5131 49804
5132 1827
5133 9495
5134 105152
5135 17436
5136 23490
5137 69172
5138 17128
5139 128135
5140 57722
5141 69541
5142 11642
5143 37797
5144 62266
5145 67036
5146 26231
5147 26176
5148 65853
5149 19316
5150 43416
5151 37797
5152 17128
5153 42850
5154 78610
5155 22003
5156 10167
5157 2418
5158 71916
5159 23143
5160 2418
5161 104616
5162 24130
5163 2418
5164 58790
5165 252111
5166 4920
5167 1929
5168 54680
5169 3936
5170 65656
5171 134461
5172 1261
5173 62981
5174 63721
5175 3936
5176 31606
5177 62775
5178 66574
5179 43757
5180 69914
5181 22781
5182 107222
5183 948
5184 17404
5185 37797
5186 2418
5187 63259
5188 18360
5189 68323
5190 151599
5191 43900
5192 63366
5193 77467
5194 78030
5195 3936
5196 55319
5197 80102
5198 3936
5199 103980
5200 2313
5201 3936
5202 109426
5203 66438
5204 84885
5205 3816
5206 79301
5207 19049
5208 3936
5209 70898
5210 26176
5211 112974
5212 59911
5213 18169
5214 136827
5215 5472
5216 63747
5217 63757
5218 67377
5219 37797
5220 37176
5221 21416
5222 98537
5223 3936
5224 21416
5225 27384
5226 60250
5227 21416
5228 19049
5229 9495
5230 9226
5231 131661
5232 79175
5233 27437
5234 184130
5235 20704
5236 64231
5237 64910
5238 138175
5239 21517
5240 53939
5241 23183
5242 134253
5243 5885
5244 26603
5245 9257
5246 21517
5247 64557
5248 9495
5249 9058
5250 37797
5251 6883
5252 292
5253 74345
5254 21517
5255 206822
5256 37797
5257 66268
5258 105016
5259 9300
5260 64541
5261 9495
5262 9058
5263 64709
5264 21517
5265 93948
5266 27130
5267 3936
5268 104650
5269 201765
5270 10680
5271 10733
5272 13224
5273 292
5274 19171
5275 85199
5276 41599
5277 68929
5278 52901
5279 10733
5280 91875
5281 4653
5282 37536
5283 1025
5284 33273
5285 37797
5286 122430
5287 3936
5288 9495
5289 37797
5290 1342
5291 5472
5292 122219
5293 33925
5294 37797
5295 33046
5296 65470
5297 64936
5298 6890
5299 67801
5300 37797
5301 9058
5302 194611
5303 181358
5304 268031
5305 66140
5306 64893
5307 22824
5308 72180
5309 150402
5310 96479
5311 93111
5312 9226
5313 1119
5314 237
5315 5472
5316 237
5317 10139
5318 5472
5319 71953
5320 66974
5321 89
5322 145643
5323 136430
5324 40544
5325 32815
5326 37797
5327 69364
5328 66975
5329 46369
5330 137709
5331 92901
5332 3936
5333 212609
5334 127733
5335 214475
5336 208221
5337 164527
5338 37345
5339 110841
5340 313006
5341 10139
5342 53224
5343 67324
5344 21416
5345 9761
5346 27461
5347 1587
5348 187402
5349 6824
5350 8838
5351 37797
5352 1860
5353 55028
5354 331589
5355 1860
5356 143224
5357 37797
5358 147974
5359 22003
5360 311195
5361 25131
5362 1196
5363 73385
5364 74918
5365 178390
5366 37797
5367 5472
5368 34561
5369 24008
5370 40544
5371 227469
5372 5693
5373 11282
5374 37797
5375 5472
5376 115891
5377 68217
5378 40544
5379 110514
5380 39809
5381 96770
5382 1587
5383 40544
5384 3936
5385 3936
5386 9058
5387 71437
5388 70257
5389 3936
5390 9058
5391 68657
5392 71546
5393 95983
5394 38079
5395 40544
5396 40544
5397 17048
5398 175434
5399 10733
5400 63985
5401 1073
5402 26637
5403 63873
5404 67036
5405 66114
5406 3936
5407 69373
5408 173522
5409 237
5410 9058
5411 32815
5412 5354
5413 34902
5414 40544
5415 85348
5416 6824
5417 4774
5418 103942
5419 21050
5420 34561
5421 90041
5422 148466
5423 37797
5424 86169
5425 71250
5426 16020
5427 106366
5428 34561
5429 111226
5430 1860
5431 90217
5432 40544
5433 90252
5434 70080
5435 77030
5436 59844
5437 84674
5438 21748
5439 27637
5440 21416
5441 37797
5442 5885
5443 149536
5444 137400
5445 5345
5446 5472
5447 70654
5448 70699
5449 39878
5450 11747
5451 74310
5452 67324
5453 1860
5454 23490
5455 5472
5456 9089
5457 90381
5458 78046
5459 1860
5460 3936
5461 20428
5462 4774
5463 2729
5464 55319
5465 21416
5466 55283
5467 14295
5468 9058
5469 37797
5470 23395
5471 71440
5472 427
5473 55567
5474 64714
5475 67995
5476 71490
5477 116707
5478 136198
5479 84664
5480 17436
5481 31154
5482 37797
5483 4035
5484 132505
5485 34902
5486 37797
5487 49601
5488 54484
5489 68095
5490 4027
5491 37797
5492 157274
5493 13470
5494 37797
5495 150231
5496 92806
5497 112614
5498 37797
5499 3936
5500 162555
5501 106391
5502 196757
5503 55319
5504 1475
5505 73887
5506 76872
5507 21416
5508 72838
5509 5472
5510 90635
5511 1587
5512 40544
5513 34561
5514 46541
5515 3936
5516 67260
5517 73085
5518 6748
5519 85368
5520 102129
5521 115198
5522 46541
5523 86794
5524 68995
5525 37797
5526 46541
5527 21487
5528 51181
5529 22743
5530 34561
5531 5472
5532 73426
5533 67260
5534 292
5535 17048
5536 166747
5537 37522
5538 47202
5539 288585
5540 300448
5541 82171
5542 40544
5543 6748
5544 36155
5545 40544
5546 3936
5547 294335
5548 33046
5549 67260
5550 68095
5551 71916
5552 1860
5553 20817
5554 3936
5555 131987
5556 3126
5557 44885
5558 1860
5559 91362
5560 3936
5561 5472
5562 21416
5563 34561
5564 120171
5565 70930
5566 105097
5567 85281
5568 2716
5569 78737
5570 37797
5571 70930
5572 3936
5573 12774
5574 109046
5575 116574
5576 138068
5577 179440
5578 3471
5579 278180
5580 84378
5581 84846
5582 188656
5583 73272
5584 92014
5585 131526
5586 37797
5587 4027
5588 237697
5589 86294
5590 22781
5591 161513
5592 50286
5593 24891
5594 70930
5595 76488
5596 3936
5597 46541
5598 175333
5599 5472
5600 9058
5601 75116
5602 75171
5603 74519
5604 5472
5605 37797
5606 70710
5607 78324
5608 54743
5609 70930
5610 226390
5611 75591
5612 67260
5613 3936
5614 33942
5615 73021
5616 46541
5617 37351
5618 31743
5619 93275
5620 5472
5621 37797
5622 37797
5623 9495
5624 67260
5625 55319
5626 67260
5627 65324
5628 118414
5629 11303
5630 168621
5631 76223
5632 22990
5633 76248
5634 97162
5635 87490
5636 152009
5637 37797
5638 60395
5639 150720
5640 9495
5641 7488
5642 32888
5643 70704
5644 75580
5645 98648
5646 289858
5647 31154
5648 159270
5649 174658
5650 44583
5651 26059
5652 5472
5653 29036
5654 83560
5655 92085
5656 72382
5657 59012
5658 15073
5659 81784
5660 37797
5661 198752
5662 76393
5663 77033
5664 4342
5665 182149
5666 72339
5667 78497
5668 53299
5669 55992
5670 99414
5671 71498
5672 124133
5673 49307
5674 72761
5675 7356
5676 78150
5677 669
5678 65842
5679 46541
5680 10713
5681 72357
5682 168307
5683 76213
5684 115202
5685 21416
5686 125450
5687 59644
5688 289180
5689 165048
5690 37797
5691 161270
5692 9058
5693 3936
5694 58138
5695 74657
5696 62132
5697 78428
5698 66278
5699 55319
5700 97368
5701 79160
5702 119962
5703 104577
5704 56
5705 37797
5706 152019
5707 23104
5708 60161
5709 46401
5710 55028
5711 143112
5712 128533
5713 58138
5714 152074
5715 8658
5716 107365
5717 37797
5718 78586
5719 46541
5720 70930
5721 79479
5722 91721
5723 67260
5724 204798
5725 21416
5726 78497
5727 21416
5728 62132
5729 99531
5730 6255
5731 40524
5732 49492
5733 9486
5734 79768
5735 85269
5736 77912
5737 33046
5738 62132
5739 14832
5740 35575
5741 100128
5742 46541
5743 162082
5744 77639
5745 132526
5746 4690
5747 90374
5748 59012
5749 49804
5750 50825
5751 61319
5752 232228
5753 37797
5754 85356
5755 68957
5756 37797
5757 214267
5758 4507
5759 37797
5760 82144
5761 95840
5762 45492
5763 119874
5764 20063
5765 76905
5766 4007
5767 55028
5768 37797
5769 246153
5770 98276
5771 292
5772 46541
5773 62132
5774 46541
5775 21416
5776 21198
5777 37797
5778 2201
5779 2418
5780 116514
5781 9963
5782 69731
5783 250846
5784 99485
5785 49804
5786 79046
5787 3936
5788 62132
5789 37797
5790 58138
5791 44583
5792 44923
5793 37797
5794 3936
5795 189131
5796 137732
5797 178795
5798 30822
5799 84276
5800 79228
5801 60561
5802 24599
5803 84599
5804 46541
5805 71498
5806 77635
5807 46541
5808 11120
5809 33046
5810 12285
5811 23876
5812 2181
5813 2313
5814 176509
5815 8546
5816 62132
5817 7087
5818 4160
5819 14259
5820 37797
5821 74657
5822 37797
5823 37797
5824 34885
5825 57725
5826 5472
5827 53299
5828 20062
5829 96089
5830 92712
5831 9779
5832 5472
5833 157868
5834 85884
5835 22824
5836 4007
5837 6873
5838 74657
5839 202858
5840 48166
5841 4007
5842 48731
5843 102612
5844 67260
5845 221921
5846 37797
5847 4007
5848 292
5849 96329
5850 290569
5851 71015
5852 48757
5853 91235
5854 37797
5855 28217
5856 179217
5857 427
5858 669
5859 88058
5860 31462
5861 88073
5862 62132
5863 22781
5864 47842
5865 60561
5866 34436
5867 44583
5868 49804
5869 74797
5870 15819
5871 70800
5872 48166
5873 7314
5874 37797
5875 52062
5876 128657
5877 237
5878 9058
5879 88656
5880 33925
5881 237460
5882 13612
5883 67260
5884 88803
5885 78678
5886 55028
5887 57582
5888 84940
5889 12568
5890 28217
5891 46541
5892 67260
5893 85275
5894 84357
5895 176764
5896 87915
5897 107121
5898 11297
5899 106013
5900 197118
5901 292
5902 46541
5903 108694
5904 68759
5905 55028
5906 128733
5907 130271
5908 129853
5909 1587
5910 189154
5911 83773
5912 7073
5913 64936
5914 37797
5915 46541
5916 27530
5917 98160
5918 129368
5919 128989
5920 76905
5921 9628
5922 9628
5923 234
5924 234
5925 234
5926 76223
5927 85275
5928 56631
5929 90844
5930 169640
5931 82046
5932 146288
5933 97728
5934 89805
5935 182906
5936 189900
5937 10888
5938 159385
5939 93332
5940 46541
5941 17128
5942 99911
5943 74657
5944 37797
5945 237
5946 91780
5947 46541
5948 89805
5949 188208
5950 91441
5951 1573
5952 237
5953 91441
5954 40457
5955 91689
5956 55028
5957 40457
5958 91981
5959 164838
5960 6541
5961 17128
5962 5050
5963 74657
5964 60561
5965 49492
5966 109665
5967 65155
5968 83871
5969 87915
5970 56646
5971 3936
5972 138102
5973 9058
5974 92204
5975 22824
5976 85275
5977 306644
5978 22824
5979 46541
5980 37797
5981 73754
5982 99958
5983 37797
5984 48166
5985 46541
5986 21050
5987 39945
5988 101448
5989 26065
5990 4552
5991 90351
5992 96157
5993 96461
5994 5472
5995 27516
5996 155766
5997 4203
5998 4896
5999 146299
6000 61016
6001 172296
6002 5472
6003 135885
6004 96455
6005 97407
6006 22823
6007 77915
6008 73657
6009 20803
6010 57725
6011 35164
6012 11109
6013 74869
6014 227539
6015 66895
6016 98128
6017 111946
6018 3936
6019 96329
6020 95690
6021 99226
6022 34282
6023 113356
6024 90351
6025 41563
6026 37332
6027 100222
6028 124247
6029 78473
6030 145552
6031 23381
6032 149645
6033 4160
6034 46541
6035 142799
6036 96406
6037 99062
6038 127367
6039 90351
6040 97581
6041 97126
6042 8127
6043 82046
6044 96848
6045 68744
6046 50394
6047 112004
6048 85366
6049 62697
6050 115259
6051 37797
6052 210860
6053 68744
6054 164080
6055 171779
6056 93229
6057 146501
6058 101706
6059 97849
6060 21456
6061 104398
6062 50900
6063 5472
6064 98125
6065 60991
6066 16127
6067 141596
6068 54484
6069 173558
6070 470
6071 99161
6072 98863
6073 23145
6074 100102
6075 93229
6076 57102
6077 86044
6078 148464
6079 138686
6080 15940
6081 66322
6082 5121
6083 8162
6084 41415
6085 37797
6086 67260
6087 98929
6088 59107
6089 60561
6090 6209
6091 85275
6092 140593
6093 47362
6094 55078
6095 96174
6096 89787
6097 206704
6098 37797
6099 107579
6100 27872
6101 101518
6102 165620
6103 6439
6104 102265
6105 50687
6106 93229
6107 93229
6108 27616
6109 123793
6110 101450
6111 96100
6112 237
6113 3936
6114 136
6115 48355
6116 65005
6117 3641
6118 46541
6119 17128
6120 46541
6121 145445
6122 87067
6123 18917
6124 28507
6125 100501
6126 119757
6127 43028
6128 30930
6129 102265
6130 54387
6131 139305
6132 52109
6133 96765
6134 573
6135 57042
6136 103173
6137 96355
6138 182128
6139 101688
6140 69442
6141 54556
6142 54484
6143 253343
6144 54484
6145 7146
6146 3936
6147 96174
6148 54484
6149 101978
6150 243624
6151 9058
6152 323785
6153 237
6154 93229
6155 96174
6156 284138
6157 194611
6158 84939
6159 427
6160 103600
6161 43113
6162 22781
6163 146475
6164 85275
6165 16180
6166 165600
6167 102779
6168 48166
6169 96174
6170 106119
6171 135616
6172 113096
6173 120927
6174 22824
6175 50401
6176 9226
6177 67260
6178 101107
6179 74657
6180 5753
6181 66697
6182 8532
6183 31413
6184 5472
6185 10304
6186 40392
6187 62134
6188 103744
6189 155343
6190 6883
6191 12774
6192 20338
6193 104679
6194 14813
6195 74657
6196 123456
6197 133440
6198 153485
6199 96174
6200 86317
6201 213642
6202 49815
6203 501
6204 74657
6205 96174
6206 105346
6207 9314
6208 90260
6209 93279
6210 106023
6211 129190
6212 99838
6213 263814
6214 17128
6215 110903
6216 104879
6217 93279
6218 37797
6219 1860
6220 90351
6221 105448
6222 22003
6223 63717
6224 17128
6225 103759
6226 292
6227 93229
6228 22824
6229 49764
6230 19871
6231 37797
6232 88106
6233 103759
6234 29095
6235 2184
6236 185967
6237 46541
6238 15562
6239 103711
6240 95876
6241 133118
6242 107222
6243 17128
6244 6541
6245 105281
6246 10214
6247 96174
6248 96765
6249 78980
6250 7314
6251 85275
6252 94184
6253 69259
6254 251859
6255 93279
6256 85275
6257 165501
6258 136379
6259 95515
6260 129209
6261 129805
6262 120462
6263 142274
6264 110224
6265 58814
6266 551
6267 46722
6268 105691
6269 47479
6270 114018
6271 103759
6272 96258
6273 103759
6274 154268
6275 292
6276 76075
6277 85275
6278 87293
6279 160407
6280 24324
6281 93229
6282 292
6283 96174
6284 110557
6285 22781
6286 40457
6287 72344
6288 111411
6289 2201
6290 85348
6291 50286
6292 44583
6293 135302
6294 167445
6295 163835
6296 92124
6297 68166
6298 427
6299 112071
6300 46541
6301 5472
6302 85940
6303 110433
6304 122974
6305 136058
6306 50781
6307 127481
6308 140664
6309 208598
6310 205981
6311 5472
6312 202347
6313 5472
6314 1860
6315 134161
6316 54484
6317 151635
6318 199522
6319 4410
6320 48166
6321 179024
6322 84989
6323 52198
6324 24954
6325 211936
6326 213861
6327 113357
6328 188610
6329 64640
6330 127114
6331 112697
6332 113551
6333 226866
6334 52062
6335 68305
6336 93229
6337 6661
6338 85275
6339 11859
6340 70930
6341 17128
6342 33046
6343 61468
6344 11840
6345 115523
6346 85275
6347 201135
6348 146087
6349 115666
6350 183602
6351 130353
6352 86248
6353 90465
6354 124175
6355 131534
6356 46541
6357 90735
6358 232239
6359 9226
6360 9058
6361 179066
6362 168832
6363 11948
6364 66753
6365 117276
6366 157788
6367 4645
6368 68708
6369 129836
6370 117464
6371 77592
6372 18917
6373 2201
6374 97727
6375 76223
6376 50599
6377 9058
6378 37797
6379 154451
6380 66935
6381 173984
6382 37797
6383 154284
6384 85940
6385 4007
6386 154834
6387 230585
6388 115523
6389 21416
6390 115523
6391 118649
6392 129989
6393 5472
6394 93229
6395 111411
6396 176471
6397 2952
6398 15562
6399 36536
6400 18133
6401 119277
6402 289942
6403 4007
6404 110666
6405 6824
6406 22781
6407 190554
6408 185208
6409 93229
6410 5472
6411 36066
6412 132235
6413 84989
6414 201416
6415 139062
6416 215160
6417 85275
6418 1916
6419 71916
6420 96174
6421 120487
6422 120697
6423 93229
6424 5472
6425 121559
6426 119271
6427 121422
6428 164730
6429 2841
6430 157572
6431 159953
6432 150671
6433 568
6434 136973
6435 85275
6436 10159
6437 62132
6438 130091
6439 89357
6440 27999
6441 153732
6442 187681
6443 219
6444 118444
6445 121709
6446 121779
6447 121801
6448 96489
6449 85225
6450 71916
6451 146762
6452 146541
6453 85275
6454 89735
6455 19582
6456 4007
6457 133607
6458 83289
6459 14295
6460 40933
6461 85199
6462 4007
6463 131428
6464 256092
6465 46541
6466 187225
6467 55028
6468 21748
6469 66313
6470 54484
6471 22909
6472 22824
6473 15733
6474 49776
6475 123887
6476 106927
6477 123879
6478 72382
6479 57994
6480 119271
6481 107044
6482 237
6483 9058
6484 9317
6485 49804
6486 227410
6487 123611
6488 173404
6489 5472
6490 131780
6491 54484
6492 68355
6493 28333
6494 187256
6495 125516
6496 85275
6497 148308
6498 22781
6499 123620
6500 122825
6501 12549
6502 85275
6503 122825
6504 74657
6505 107222
6506 120508
6507 5472
6508 37797
6509 225581
6510 264370
6511 12228
6512 62132
6513 137661
6514 128552
6515 34759
6516 156153
6517 22097
6518 49869
6519 113076
6520 212615
6521 128866
6522 5472
6523 9323
6524 7036
6525 49869
6526 38539
6527 50599
6528 53910
6529 5472
6530 76223
6531 123925
6532 34902
6533 37797
6534 37797
6535 93279
6536 46541
6537 5472
6538 119461
6539 33046
6540 132420
6541 130723
6542 66103
6543 66103
6544 22824
6545 130476
6546 143438
6547 123008
6548 123008
6549 151759
6550 96174
6551 103011
6552 96174
6553 117165
6554 3327
6555 149726
6556 149647
6557 131409
6558 96174
6559 2103
6560 285792
6561 321858
6562 238124
6563 137308
6564 132068
6565 50712
6566 68562
6567 7345
6568 9058
6569 5472
6570 129845
6571 219
6572 74719
6573 128657
6574 5472
6575 96174
6576 292
6577 291400
6578 83391
6579 119675
6580 73098
6581 91424
6582 107222
6583 25626
6584 5472
6585 237
6586 22003
6587 85275
6588 54187
6589 128730
6590 96174
6591 9058
6592 329079
6593 427
6594 149306
6595 62134
6596 131759
6597 23876
6598 119675
6599 119461
6600 427
6601 194591
6602 119404
6603 3501
6604 134290
6605 2716
6606 134307
6607 85275
6608 189463
6609 158555
6610 228537
6611 203158
6612 214825
6613 5472
6614 12345
6615 143016
6616 135295
6617 40459
6618 93279
6619 6465
6620 135673
6621 66935
6622 137603
6623 121367
6624 269904
6625 135672
6626 1526
6627 85275
6628 28074
6629 119271
6630 145759
6631 6465
6632 37797
6633 28392
6634 158950
6635 156556
6636 19289
6637 74657
6638 137233
6639 26870
6640 44602
6641 76037
6642 4027
6643 85567
6644 105297
6645 62408
6646 159889
6647 85567
6648 217134
6649 48166
6650 3685
6651 50295
6652 34532
6653 115523
6654 206080
6655 153040
6656 6417
6657 210476
6658 11135
6659 85275
6660 115523
6661 23779
6662 6883
6663 5472
6664 140991
6665 141007
6666 120171
6667 49804
6668 17128
6669 1860
6670 24130
6671 85275
6672 18079
6673 5472
6674 135441
6675 133021
6676 5472
6677 128657
6678 115523
6679 1860
6680 97727
6681 142701
6682 72684
6683 141775
6684 133941
6685 13179
6686 85275
6687 49804
6688 143172
6689 5472
6690 88656
6691 141982
6692 764
6693 220778
6694 143444
6695 178797
6696 143021
6697 5472
6698 115523
6699 183535
6700 8668
6701 14562
6702 5472
6703 52932
6704 84215
6705 185725
6706 8743
6707 15281
6708 153434
6709 93229
6710 142715
6711 2767
6712 14110
6713 93229
6714 6417
6715 85275
6716 97155
6717 115523
6718 5472
6719 182232
6720 154633
6721 149534
6722 150301
6723 153720
6724 38315
6725 96329
6726 85275
6727 147340
6728 160224
6729 5472
6730 5472
6731 190849
6732 147525
6733 85884
6734 115523
6735 120623
6736 12228
6737 25748
6738 128657
6739 46037
6740 37797
6741 79808
6742 85884
6743 79808
6744 79808
6745 79808
6746 138476
6747 19847
6748 40457
6749 79808
6750 79808
6751 73014
6752 79808
6753 18917
6754 106
6755 138476
6756 86317
6757 148289
6758 79808
6759 138476
6760 148697
6761 273419
6762 146433
6763 96748
6764 1860
6765 135508
6766 55691
6767 149597
6768 41441
6769 151863
6770 149407
6771 151130
6772 31395
6773 151914
6774 109165
6775 149721
6776 48793
6777 180360
6778 101597
6779 149544
6780 149663
6781 2201
6782 62134
6783 251859
6784 97437
6785 155185
6786 149761
6787 149626
6788 30204
6789 120171
6790 85275
6791 172474
6792 149206
6793 90426
6794 102777
6795 50131
6796 149905
6797 97870
6798 37797
6799 150340
6800 149628
6801 193694
6802 156441
6803 210459
6804 152572
6805 5472
6806 25131
6807 185987
6808 152035
6809 5472
6810 156306
6811 143849
6812 216
6813 66322
6814 150963
6815 165384
6816 89122
6817 155208
6818 144046
6819 62453
6820 205004
6821 84638
6822 181315
6823 21383
6824 167872
6825 268808
6826 181179
6827 9058
6828 62697
6829 36725
6830 37407
6831 115523
6832 272181
6833 149910
6834 174539
6835 213287
6836 41193
6837 163386
6838 159044
6839 153035
6840 152804
6841 85884
6842 190991
6843 33640
6844 194099
6845 259284
6846 100419
6847 19773
6848 250802
6849 73198
6850 218573
6851 5472
6852 96329
6853 241896
6854 143950
6855 305945
6856 14552
6857 85275
6858 223360
6859 165909
6860 173056
6861 14860
6862 646
6863 154028
6864 137145
6865 427
6866 5472
6867 93229
6868 25789
6869 161334
6870 5472
6871 243430
6872 121138
6873 2418
6874 85275
6875 163573
6876 22824
6877 119675
6878 102
6879 124108
6880 93229
6881 85275
6882 187801
6883 240660
6884 175709
6885 159756
6886 37797
6887 267181
6888 86149
6889 283752
6890 249877
6891 197099
6892 5472
6893 4007
6894 37797
6895 37797
6896 97853
6897 76957
6898 18387
6899 119675
6900 161103
6901 150839
6902 171689
6903 174296
6904 85650
6905 179641
6906 187632
6907 151555
6908 151497
6909 28536
6910 130792
6911 55028
6912 73198
6913 159962
6914 140740
6915 184474
6916 27724
6917 218917
6918 192530
6919 178832
6920 107222
6921 60161
6922 157397
6923 162720
6924 6883
6925 16290
6926 136763
6927 5472
6928 161040
6929 19829
6930 163038
6931 292013
6932 141982
6933 37797
6934 264875
6935 93229
6936 85275
6937 9058
6938 109431
6939 27844
6940 269354
6941 89968
6942 2461
6943 112143
6944 65956
6945 119675
6946 21703
6947 85088
6948 85275
6949 150109
6950 138476
6951 85275
6952 101710
6953 218735
6954 35703
6955 109900
6956 93167
6957 96329
6958 46418
6959 47136
6960 163828
6961 698
6962 93229
6963 148679
6964 7383
6965 218735
6966 62134
6967 93229
6968 264215
6969 149995
6970 169674
6971 96329
6972 158857
6973 159564
6974 164245
6975 26258
6976 227313
6977 168593
6978 164402
6979 85243
6980 159115
6981 62134
6982 147357
6983 165541
6984 213627
6985 162496
6986 165123
6987 151404
6988 197118
6989 127943
6990 66812
6991 9058
6992 152723
6993 119675
6994 149922
6995 9495
6996 166523
6997 102586
6998 86913
6999 11779
7000 56249
7001 259937
7002 119675
7003 1860
7004 13220
7005 104606
7006 273210
7007 118012
7008 11135
7009 115523
7010 188226
7011 5472
7012 168063
7013 49869
7014 136924
7015 277990
7016 75
7017 9495
7018 293490
7019 233986
7020 150839
7021 248697
7022 93229
7023 72775
7024 69259
7025 201193
7026 85275
7027 169016
7028 119271
7029 310504
7030 266093
7031 89357
7032 93229
7033 74657
7034 57046
7035 1400
7036 199055
7037 310372
7038 320763
7039 242454
7040 243039
7041 169561
7042 62907
7043 5472
7044 133503
7045 204230
7046 163697
7047 170075
7048 219540
7049 44454
7050 74657
7051 172699
7052 119271
7053 173603
7054 115523
7055 249339
7056 38321
7057 15914
7058 93229
7059 88214
7060 19595
7061 241435
7062 194616
7063 93229
7064 22781
7065 44602
7066 127306
7067 33335
7068 115523
7069 133071
7070 3988
7071 292
7072 20728
7073 40153
7074 119271
7075 175579
7076 128657
7077 115523
7078 74657
7079 176373
7080 182766
7081 179985
7082 124013
7083 17533
7084 221599
7085 1860
7086 105984
7087 216401
7088 85616
7089 27132
7090 260470
7091 128818
7092 638
7093 177537
7094 2201
7095 57102
7096 5472
7097 119271
7098 202180
7099 145472
7100 107222
7101 65956
7102 93229
7103 255044
7104 179045
7105 5392
7106 203811
7107 107222
7108 50286
7109 162909
7110 298240
7111 285624
7112 9058
7113 107222
7114 128657
7115 115523
7116 122869
7117 250979
7118 223762
7119 54512
7120 274009
7121 88313
7122 285893
7123 119271
7124 72147
7125 23254
7126 292
7127 17156
7128 170101
7129 68115
7130 9058
7131 181210
7132 6153
7133 142279
7134 127822
7135 74657
7136 88313
7137 110177
7138 5767
7139 99115
7140 73722
7141 24008
7142 280332
7143 96174
7144 170075
7145 234916
7146 281672
7147 237
7148 241517
7149 2841
7150 11758
7151 119271
7152 183535
7153 118588
7154 142875
7155 302755
7156 115523
7157 10028
7158 37797
7159 77912
7160 184674
7161 113442
7162 184981
7163 224542
7164 187452
7165 11216
7166 37797
7167 89607
7168 220129
7169 238578
7170 37797
7171 100459
7172 126929
7173 15241
7174 88313
7175 138476
7176 87092
7177 88313
7178 9240
7179 1860
7180 41827
7181 85275
7182 119271
7183 45385
7184 119271
7185 292
7186 191086
7187 202512
7188 74657
7189 223693
7190 60991
7191 119271
7192 191531
7193 105089
7194 119271
7195 201130
7196 270341
7197 35373
7198 238906
7199 245970
7200 287102
7201 191407
7202 202464
7203 194622
7204 192087
7205 250395
7206 5472
7207 253891
7208 85275
7209 214825
7210 1199
7211 85275
7212 119271
7213 284104
7214 283665
7215 47202
7216 102870
7217 178418
7218 16196
7219 10423
7220 162149
7221 237151
7222 222512
7223 22069
7224 199010
7225 45064
7226 171347
7227 283370
7228 115523
7229 250775
7230 250244
7231 28544
7232 9380
7233 225593
7234 181868
7235 169135
7236 5472
7237 62778
7238 209005
7239 153322
7240 427
7241 1860
7242 220622
7243 107222
7244 1443
7245 93229
7246 119271
7247 204845
7248 258746
7249 88489
7250 296182
7251 269600
7252 119271
7253 207327
7254 66812
7255 236092
7256 146129
7257 2313
7258 202515
7259 88313
7260 169786
7261 92712
7262 1051
7263 93229
7264 145600
7265 201668
7266 88313
7267 92444
7268 201739
7269 93229
7270 212169
7271 213827
7272 184950
7273 68665
7274 201990
7275 907
7276 217242
7277 151404
7278 101347
7279 118450
7280 22563
7281 211516
7282 176465
7283 205733
7284 203293
7285 38367
7286 52962
7287 214064
7288 207997
7289 58660
7290 111701
7291 93100
7292 85275
7293 203913
7294 68665
7295 301881
7296 28424
7297 229116
7298 183535
7299 203463
7300 235227
7301 115179
7302 48207
7303 93225
7304 178222
7305 257035
7306 43183
7307 223988
7308 237768
7309 45692
7310 10193
7311 40457
7312 1773
7313 204818
7314 212300
7315 48207
7316 22781
7317 203473
7318 34169
7319 18737
7320 45623
7321 54484
7322 290121
7323 121174
7324 225002
7325 15049
7326 81765
7327 93129
7328 112285
7329 61744
7330 183535
7331 2201
7332 199193
7333 23956
7334 85275
7335 9380
7336 233598
7337 168832
7338 16406
7339 54484
7340 427
7341 85275
7342 58176
7343 3936
7344 180636
7345 153170
7346 168832
7347 85275
7348 229935
7349 250439
7350 241698
7351 54484
7352 501
7353 205989
7354 98332
7355 211536
7356 119271
7357 168832
7358 12625
7359 207573
7360 61744
7361 533
7362 154269
7363 85275
7364 121964
7365 110485
7366 118026
7367 208192
7368 6824
7369 208139
7370 208144
7371 208164
7372 50286
7373 111701
7374 2812
7375 21140
7376 11303
7377 214381
7378 119271
7379 75981
7380 119271
7381 209509
7382 1860
7383 61319
7384 55319
7385 244536
7386 210246
7387 40225
7388 17533
7389 119271
7390 207665
7391 283583
7392 73642
7393 178068
7394 165194
7395 211172
7396 151404
7397 192789
7398 85275
7399 239435
7400 103928
7401 168832
7402 85275
7403 15065
7404 321378
7405 217384
7406 213001
7407 168832
7408 212908
7409 235039
7410 213608
7411 278922
7412 317354
7413 93229
7414 9380
7415 267523
7416 266961
7417 14832
7418 38539
7419 61744
7420 61744
7421 272885
7422 93229
7423 21703
7424 279797
7425 5550
7426 121496
7427 209866
7428 219177
7429 216290
7430 216290
7431 70505
7432 427
7433 58767
7434 300112
7435 217370
7436 241944
7437 117172
7438 61744
7439 217845
7440 168832
7441 5472
7442 237686
7443 31413
7444 22824
7445 2184
7446 9058
7447 48166
7448 85275
7449 219151
7450 296375
7451 180636
7452 243608
7453 168832
7454 219803
7455 256470
7456 168832
7457 85275
7458 220194
7459 203998
7460 180636
7461 201668
7462 158727
7463 58538
7464 221133
7465 220050
7466 50599
7467 257425
7468 236723
7469 235151
7470 259390
7471 276994
7472 168832
7473 142676
7474 27504
7475 208761
7476 88313
7477 201668
7478 162149
7479 37797
7480 149192
7481 47842
7482 37797
7483 18387
7484 216401
7485 5472
7486 56008
7487 251859
7488 180032
7489 6857
7490 255240
7491 277307
7492 99823
7493 41450
7494 119271
7495 2841
7496 173522
7497 210407
7498 180636
7499 168832
7500 2418
7501 126929
7502 115523
7503 119271
7504 87187
7505 37797
7506 145507
7507 5472
7508 168437
7509 196625
7510 23876
7511 60311
7512 50939
7513 228987
7514 145507
7515 93229
7516 162149
7517 9058
7518 93721
7519 119271
7520 258195
7521 71695
7522 84931
7523 19367
7524 230656
7525 230667
7526 230750
7527 119271
7528 302285
7529 168832
7530 180636
7531 222473
7532 210407
7533 173522
7534 231067
7535 4657
7536 119271
7537 9058
7538 106744
7539 9058
7540 230555
7541 168832
7542 9357
7543 37797
7544 261758
7545 191028
7546 70930
7547 14626
7548 203495
7549 37797
7550 5079
7551 56249
7552 275375
7553 20908
7554 9058
7555 37797
7556 2841
7557 9058
7558 93229
7559 168832
7560 145600
7561 11859
7562 168832
7563 40713
7564 5472
7565 2841
7566 5097
7567 54810
7568 249098
7569 5472
7570 289907
7571 203869
7572 250831
7573 9058
7574 37797
7575 97183
7576 93229
7577 143075
7578 119271
7579 20908
7580 17366
7581 44842
7582 55636
7583 74657
7584 155216
7585 136483
7586 86245
7587 15940
7588 104841
7589 168832
7590 151730
7591 168832
7592 2313
7593 168832
7594 237025
7595 74657
7596 168832
7597 37797
7598 68465
7599 38068
7600 72953
7601 333802
7602 168832
7603 85275
7604 37797
7605 168832
7606 79945
7607 76942
7608 319189
7609 43530
7610 260190
7611 168832
7612 85275
7613 119271
7614 142715
7615 99356
7616 240148
7617 193562
7618 85275
7619 87187
7620 240897
7621 168832
7622 119271
7623 168832
7624 5472
7625 128657
7626 118026
7627 168832
7628 239027
7629 119675
7630 37797
7631 4007
7632 61744
7633 5472
7634 62757
7635 8497
7636 78586
7637 168832
7638 37797
7639 255661
7640 18679
7641 240441
7642 243585
7643 93229
7644 119271
7645 242369
7646 37797
7647 244014
7648 203495
7649 119271
7650 119271
7651 168832
7652 244472
7653 244475
7654 242342
7655 93229
7656 168832
7657 287311
7658 191432
7659 58485
7660 337147
7661 296950
7662 307129
7663 108839
7664 37797
7665 249374
7666 115523
7667 160063
7668 12345
7669 46401
7670 249559
7671 1945
7672 249581
7673 79496
7674 57725
7675 249664
7676 249658
7677 249948
7678 5472
7679 249841
7680 128657
7681 121968
7682 141136
7683 14813
7684 251502
7685 40555
7686 284800
7687 119271
7688 199412
7689 168832
7690 85275
7691 119271
7692 120171
7693 188194
7694 2201
7695 262246
7696 37797
7697 50985
7698 4370
7699 173703
7700 251859
7701 168832
7702 178222
7703 198019
7704 160785
7705 267948
7706 189910
7707 5472
7708 427
7709 37797
7710 255368
7711 4160
7712 37797
7713 4690
7714 217102
7715 512
7716 265999
7717 251859
7718 4690
7719 2103
7720 285792
7721 4395
7722 100302
7723 258963
7724 235922
7725 79496
7726 258376
7727 202515
7728 258939
7729 92743
7730 55183
7731 257382
7732 74128
7733 173674
7734 40544
7735 74657
7736 165849
7737 13612
7738 84304
7739 265716
7740 196638
7741 70272
7742 201668
7743 53083
7744 312743
7745 281836
7746 167385
7747 93229
7748 265323
7749 64318
7750 102966
7751 5472
7752 258660
7753 258711
7754 55689
7755 265631
7756 274000
7757 271679
7758 196141
7759 261454
7760 279168
7761 288938
7762 37797
7763 26123
7764 119271
7765 119271
7766 202515
7767 119271
7768 118588
7769 219
7770 2201
7771 57725
7772 115523
7773 5472
7774 274877
7775 2822
7776 119271
7777 88313
7778 43912
7779 211884
7780 263585
7781 17907
7782 5472
7783 263173
7784 307728
7785 88313
7786 198937
7787 101825
7788 37797
7789 258380
7790 227317
7791 208571
7792 183104
7793 275438
7794 7314
7795 66468
7796 168832
7797 115
7798 93229
7799 240370
7800 168832
7801 5472
7802 202515
7803 317499
7804 88313
7805 176043
7806 9779
7807 291233
7808 304497
7809 331929
7810 276021
7811 271301
7812 103495
7813 112857
7814 5472
7815 9058
7816 5079
7817 99356
7818 301657
7819 93229
7820 267586
7821 93229
7822 268893
7823 115523
7824 235922
7825 173331
7826 5472
7827 263481
7828 115523
7829 40544
7830 222689
7831 5472
7832 267193
7833 268881
7834 168832
7835 52095
7836 83391
7837 68148
7838 35889
7839 309804
7840 258380
7841 124247
7842 111411
7843 269778
7844 290308
7845 23761
7846 1945
7847 119271
7848 9058
7849 5472
7850 115523
7851 117630
7852 5472
7853 74657
7854 188509
7855 268681
7856 269086
7857 85275
7858 5472
7859 140612
7860 271992
7861 115523
7862 311910
7863 261772
7864 58548
7865 239027
7866 85275
7867 168832
7868 37797
7869 253268
7870 235922
7871 37797
7872 291582
7873 160579
7874 270734
7875 119271
7876 6100
7877 37797
7878 37797
7879 271104
7880 93229
7881 62982
7882 201567
7883 101459
7884 5472
7885 167263
7886 1629
7887 79945
7888 37797
7889 18181
7890 275479
7891 29095
7892 304375
7893 289316
7894 199042
7895 284010
7896 1695
7897 1860
7898 37797
7899 115523
7900 2201
7901 1860
7902 119271
7903 30307
7904 1860
7905 2201
7906 289597
7907 310820
7908 9388
7909 181287
7910 150109
7911 197118
7912 107222
7913 258380
7914 185232
7915 250557
7916 324473
7917 165396
7918 279727
7919 279727
7920 111314
7921 39716
7922 37797
7923 306962
7924 286016
7925 4160
7926 134562
7927 1592
7928 279727
7929 118026
7930 69295
7931 37797
7932 18285
7933 284443
7934 284460
7935 283694
7936 1860
7937 93229
7938 101978
7939 279727
7940 22824
7941 256545
7942 151754
7943 285001
7944 33273
7945 40544
7946 22752
7947 168832
7948 38119
7949 71659
7950 263848
7951 183104
7952 301092
7953 255044
7954 97554
7955 119271
7956 17015
7957 322552
7958 49869
7959 279727
7960 191531
7961 258906
7962 306580
7963 74657
7964 168832
7965 2201
7966 119271
7967 130777
7968 278158
7969 188194
7970 10727
7971 43912
7972 49869
7973 22824
7974 119271
7975 33273
7976 15131
7977 54177
7978 218606
7979 296547
7980 310671
7981 311537
7982 168832
7983 37797
7984 188509
7985 251859
7986 291219
7987 263848
7988 291197
7989 263848
7990 168832
7991 263848
7992 196059
7993 291723
7994 77912
7995 315787
7996 49804
7997 292796
7998 255044
7999 111411
8000 5472
8001 37797
8002 288279
8003 135138
8004 297329
8005 168621
8006 43053
8007 293888
8008 173580
8009 294015
8010 293927
8011 163667
8012 284530
8013 119271
8014 9058
8015 28165
8016 5472
8017 119271
8018 197118
8019 5472
8020 231449
8021 1346
8022 49804
8023 303138
8024 5472
8025 308014
8026 28165
8027 49536
8028 295790
8029 288448
8030 263848
8031 235922
8032 302346
8033 107222
8034 37797
8035 123156
8036 29095
8037 149366
8038 288446
8039 77912
8040 6465
8041 279727
8042 85275
8043 33273
8044 123820
8045 252863
8046 299665
8047 299666
8048 133074
8049 307671
8050 79789
8051 279727
8052 91324
8053 279727
8054 128657
8055 119271
8056 85275
8057 263848
8058 89607
8059 115523
8060 1860
8061 77912
8062 279727
8063 79651
8064 199297
8065 218082
8066 303439
8067 251848
8068 36400
8069 263848
8070 300993
8071 305183
8072 303852
8073 305927
8074 132658
8075 46541
8076 149366
8077 126929
8078 151404
8079 309226
8080 192890
8081 251859
8082 279727
8083 10112
8084 304323
8085 315641
8086 133170
8087 46541
8088 281707
8089 304284
8090 308677
8091 9058
8092 56881
8093 197118
8094 305308
8095 49826
8096 5472
8097 85275
8098 275746
8099 305760
8100 192890
8101 319673
8102 46541
8103 49804
8104 43912
8105 22824
8106 307206
8107 279727
8108 194611
8109 43530
8110 79515
8111 309193
8112 123879
8113 336168
8114 279727
8115 46401
8116 9058
8117 310697
8118 146384
8119 279727
8120 311148
8121 46541
8122 37797
8123 9058
8124 279727
8125 1860
8126 77912
8127 119271
8128 77912
8129 334374
8130 65379
8131 344862
8132 87511
8133 69251
8134 316505
8135 349005
8136 196059
8137 312372
8138 291214
8139 168832
8140 312817
8141 2201
8142 111411
8143 279727
8144 107222
8145 65379
8146 168832
8147 2392
8148 101632
8149 1860
8150 119271
8151 198019
8152 121968
8153 50286
8154 566
8155 119271
8156 250322
8157 9058
8158 34798
8159 115523
8160 119271
8161 128657
8162 9058
8163 70930
8164 311311
8165 299453
8166 85275
8167 119271
8168 70930
8169 143137
8170 40457
8171 22003
8172 188194
8173 237
8174 9058
8175 323017
8176 323020
8177 251859
8178 94216
8179 9058
8180 251859
8181 30895
8182 77912
8183 107222
8184 5472
8185 11067
8186 74657
8187 77912
8188 266438
8189 5472
8190 115523
8191 10888
8192 321134
8193 325683
8194 55487
8195 321631
8196 331847
8197 178497
8198 77912
8199 237687
8200 279727
8201 97727
8202 326184
8203 188194
8204 326196
8205 5472
8206 71659
8207 79118
8208 45507
8209 98016
8210 175379
8211 133322
8212 327057
8213 37797
8214 237
8215 10842
8216 41303
8217 85275
8218 277999
8219 77912
8220 41303
8221 128657
8222 115523
8223 327185
8224 37797
8225 279727
8226 41303
8227 5472
8228 338170
8229 279727
8230 173522
8231 119271
8232 45492
8233 9058
8234 266364
8235 37797
8236 37797
8237 181273
8238 279727
8239 164515
8240 988
8241 5472
8242 205028
8243 205028
8244 2674
8245 335220
8246 22525
8247 18536
8248 135508
8249 194709
8250 37797
8251 9226
8252 279727
8253 9058
8254 279727
8255 33273
8256 115523
8257 338125
8258 9058
8259 22769
8260 338751
8261 341398
8262 279727
8263 339279
8264 5472
8265 9058
8266 44531
8267 340604
8268 168832
8269 279727
8270 340821
8271 341244
8272 66153
8273 118588
8274 5472
8275 101978
8276 313842
8277 326327
8278 168832
8279 33273
8280 115523
8281 344082
8282 9058
8283 128657
8284 85275
8285 83415
8286 1860
8287 344507
8288 168832
8289 279727
8290 2201
8291 37797
8292 5472
8293 279727
8294 77912
8295 77912
8296 168832
8297 198820
8298 88313
8299 77912
8300 292
8301 65767
8302 104054
8303 5472
8304 138155
8305 349736
8306 93229
8307 198019
8308 36725
8309 198019
8310 1667
8311 107222
8312 77912
8313 128657
8314 70951
8315 5472
8316 313842
8317 9226
8318 119271
8319 462
8320 188194