question id postid score postid score ..... 
1 1 18 2 10 3 6 
2 4 8 5 5 
3 6 26 7 5 
4 8 22 9 22 10 8 11 7 12 5 
5 13 22 14 16 15 7 
6 16 87 17 40 18 19 19 15 20 10 21 7 22 6 
7 23 202 24 119 25 45 26 29 27 19 28 14 29 8 30 7 31 7 32 7 33 6 34 5 35 5 36 5 37 5 
8 38 8 39 7 
9 40 231 41 220 42 183 43 159 44 140 45 134 46 130 47 126 48 116 49 109 50 106 51 105 52 98 53 95 54 92 55 89 56 83 57 83 58 82 59 82 60 81 61 77 62 71 63 71 64 68 65 66 66 63 67 61 68 54 69 53 70 50 71 47 72 46 73 45 74 44 75 41 76 41 77 39 78 38 79 38 80 38 81 38 82 37 83 35 84 33 85 33 86 33 87 32 88 30 89 29 90 29 91 27 92 26 93 26 94 25 95 24 96 24 97 23 98 23 99 23 100 23 101 22 102 22 103 21 104 20 105 20 106 19 107 19 108 18 109 18 110 18 111 18 112 17 113 17 114 17 115 17 116 16 117 16 118 16 119 16 120 16 121 15 122 14 123 14 124 14 125 13 126 13 127 12 128 12 129 12 130 12 131 11 132 11 133 11 134 11 135 11 136 11 137 10 138 9 139 9 140 9 141 9 142 9 143 8 144 8 145 8 146 8 147 8 148 7 149 7 150 7 151 7 152 7 153 7 154 6 155 6 156 6 157 5 158 5 159 5 160 5 161 5 162 5 163 5 164 5 165 5 166 5 167 5 168 5 169 5 170 5 171 5 172 5 173 5 174 5 
10 175 47 176 6 
11 177 9 178 5 
12 179 28 180 8 181 7 182 5 
13 183 43 184 13 185 10 186 9 
14 187 7 188 7 189 5 
15 190 23 191 11 192 11 193 8 194 5 
16 195 45 196 40 197 30 198 26 199 19 200 16 201 13 202 11 203 11 204 11 205 9 206 7 207 7 208 7 209 6 
17 210 20 211 17 212 14 213 13 214 12 215 11 216 5 217 5 218 5 
18 219 64 220 17 
19 221 9 222 6 
20 223 9 224 5 225 5 
21 226 27 227 7 
22 228 72 229 12 230 6 231 5 
23 232 8 233 7 
24 234 13 235 6 236 5 
25 237 394 238 271 239 263 240 252 241 211 242 195 243 191 244 155 245 132 246 128 247 114 248 109 249 103 250 99 251 99 252 77 253 72 254 69 255 64 256 63 257 60 258 54 259 52 260 47 261 43 262 42 263 35 264 34 265 30 266 27 267 27 268 27 269 26 270 25 271 23 272 23 273 20 274 18 275 18 276 18 277 17 278 17 279 17 280 17 281 17 282 16 283 16 284 15 285 15 286 15 287 13 288 13 289 13 290 13 291 13 292 13 293 12 294 12 295 10 296 10 297 10 298 10 299 10 300 9 301 9 302 9 303 9 304 9 305 8 306 8 307 8 308 8 309 8 310 8 311 8 312 8 313 7 314 7 315 7 316 7 317 7 318 7 319 6 320 6 321 6 322 6 323 6 324 6 325 6 326 5 327 5 328 5 329 5 330 5 331 5 332 5 333 5 
26 334 15 335 6 336 5 
27 337 17 338 6 
28 339 6 340 6 341 6 342 5 343 5 
29 344 14 345 6 
30 346 22 347 11 348 5 349 5 
31 350 18 351 8 352 5 
32 353 9 354 6 355 5 
33 356 13 357 8 
34 358 25 359 10 360 6 361 6 
35 362 59 363 26 364 12 
36 365 18 366 8 367 5 
37 368 43 369 8 370 6 
38 371 11 372 7 
39 373 19 374 13 
40 375 28 376 26 377 14 378 13 379 12 380 11 381 10 382 10 383 9 384 8 385 7 386 6 387 5 388 5 
41 389 10 390 7 
42 391 74 392 72 393 24 394 6 395 5 
43 396 13 397 5 398 5 
44 399 53 400 38 401 32 402 32 403 31 404 26 405 19 406 15 407 15 408 13 409 13 410 11 411 11 412 10 413 10 414 9 415 8 416 8 417 8 418 8 419 7 420 6 421 6 422 6 423 6 424 5 
45 425 44 426 15 427 11 428 6 
46 429 16 430 13 
47 431 13 432 7 
48 433 13 434 7 
49 435 13 436 9 
50 437 36 438 6 
51 439 21 440 8 441 6 
52 442 19 443 6 444 6 
53 445 13 446 5 
54 447 19 448 10 
55 449 48 450 23 451 21 452 20 
56 453 6 454 5 
57 455 17 456 8 457 7 458 7 459 5 
58 460 23 461 12 462 11 463 10 464 5 
59 465 24 466 16 
60 467 22 468 18 469 8 470 7 
61 471 7 472 6 
62 473 24 474 17 
63 475 46 476 13 
64 477 8 478 5 
65 479 8 480 6 
66 481 33 482 5 
67 483 10 484 6 
68 485 23 486 17 487 6 
69 488 6 489 6 
70 490 21 491 6 
71 492 7 493 5 
72 494 38 495 26 496 7 497 5 498 5 
73 499 8 500 5 
74 501 8 502 8 
75 503 9 504 5 
76 505 12 506 5 
77 507 17 508 9 
78 509 48 510 37 511 9 512 7 513 6 
79 514 10 515 5 
80 516 16 517 8 518 5 
81 519 30 520 17 521 7 522 5 
82 523 19 524 14 525 9 
83 526 11 527 9 
84 528 13 529 8 530 5 
85 531 10 532 5 
86 533 16 534 12 
87 535 30 536 26 537 12 538 11 539 10 540 5 
88 541 5 542 5 
89 543 12 544 11 545 6 546 5 
90 547 65 548 40 549 21 550 8 551 7 
91 552 7 553 5 
92 554 16 555 5 
93 556 8 557 6 558 5 
94 559 12 560 5 
95 561 12 562 5 
96 563 40 564 5 
97 565 13 566 10 
98 567 9 568 7 569 6 
99 570 10 571 9 
100 572 47 573 19 574 13 575 6 
101 576 9 577 9 
102 578 6 579 5 
103 580 16 581 7 
104 582 24 583 10 584 5 
105 585 54 586 41 
106 587 9 588 5 
107 589 9 590 7 
108 591 22 592 13 593 5 
109 594 48 595 34 596 9 597 7 598 5 599 5 
110 600 8 601 5 
111 602 9 603 9 
112 604 115 605 37 606 21 607 16 608 13 609 13 610 6 
113 611 20 612 9 613 8 614 5 
114 615 14 616 6 617 5 
115 618 41 619 8 620 6 621 6 
116 622 29 623 18 624 15 625 15 626 6 627 5 
117 628 17 629 15 630 5 
118 631 5 632 5 
119 633 10 634 8 
120 635 104 636 17 637 12 638 11 
121 639 8 640 7 641 5 
122 642 16 643 6 
123 644 14 645 5 
124 646 16 647 9 
125 648 11 649 7 
126 650 20 651 13 
127 652 51 653 14 
128 654 62 655 61 656 15 657 12 
129 658 9 659 6 
130 660 45 661 20 
131 662 6 663 6 
132 664 18 665 5 
133 666 22 667 9 
134 668 14 669 10 670 10 671 6 672 6 673 5 
135 674 27 675 21 676 6 
136 677 30 678 6 679 5 680 5 
137 681 22 682 18 683 8 
138 684 13 685 7 
139 686 48 687 14 688 5 
140 689 21 690 13 
141 691 9 692 5 
142 693 21 694 13 695 10 696 8 697 7 
143 698 90 699 15 700 7 701 5 
144 702 14 703 6 
145 704 8 705 6 
146 706 23 707 14 708 7 
147 709 8 710 6 
148 711 12 712 5 
149 713 14 714 5 
150 715 7 716 7 717 6 718 5 719 5 
151 720 16 721 5 
152 722 17 723 6 
153 724 5 725 5 
154 726 24 727 7 
155 728 9 729 7 
156 730 195 731 114 732 47 733 11 734 10 735 10 736 9 737 6 
157 738 9 739 8 
158 740 10 741 8 
159 742 6 743 6 
160 744 11 745 5 
161 746 7 747 6 
162 748 9 749 5 
163 750 93 751 70 752 56 753 39 754 25 755 20 756 10 757 9 758 8 759 7 760 7 761 7 762 6 763 5 
164 764 27 765 9 
165 766 17 767 11 768 5 
166 769 15 770 8 
167 771 7 772 6 
168 773 9 774 5 
169 775 8 776 5 
170 777 8 778 7 779 6 780 5 
171 781 7 782 6 
172 783 10 784 8 785 6 
173 786 19 787 8 
174 788 15 789 7 
175 790 15 791 10 
176 792 8 793 8 
177 794 11 795 5 
178 796 18 797 13 798 12 799 6 
179 800 12 801 6 
180 802 36 803 18 
181 804 7 805 6 
182 806 8 807 6 
183 808 8 809 7 
184 810 9 811 8 
185 812 11 813 5 
186 814 10 815 5 
187 816 18 817 5 
188 818 33 819 6 
189 820 13 821 9 822 8 823 6 824 6 
190 825 11 826 7 
191 827 6 828 5 
192 829 82 830 29 831 5 832 5 
193 833 27 834 6 
194 835 96 836 49 837 34 838 25 839 13 840 11 841 8 842 7 843 6 
195 844 7 845 6 
196 846 7 847 6 
197 848 180 849 179 850 170 851 152 852 103 853 91 854 88 855 88 856 61 857 52 858 41 859 37 860 32 861 27 862 25 863 25 864 22 865 19 866 17 867 17 868 15 869 13 870 12 871 12 872 12 873 11 874 11 875 10 876 8 877 7 878 7 879 6 880 6 881 5 882 5 883 5 884 5 885 5 
198 886 44 887 28 888 10 
199 889 15 890 10 
200 891 11 892 10 
201 893 31 894 11 
202 895 9 896 5 
203 897 16 898 6 899 5 
204 900 16 901 11 902 11 
205 903 51 904 13 
206 905 9 906 5 907 5 
207 908 7 909 5 
208 910 13 911 10 912 9 
209 913 10 914 9 
210 915 21 916 7 
211 917 13 918 8 
212 919 20 920 12 
213 921 83 922 6 
214 923 10 924 7 
215 925 44 926 5 
216 927 11 928 7 
217 929 10 930 6 
218 931 45 932 8 933 7 
219 934 31 935 12 936 7 
220 937 48 938 10 
221 939 33 940 23 941 6 942 5 
222 943 12 944 11 945 10 946 10 947 5 
223 948 16 949 7 
224 950 36 951 8 952 7 
225 953 80 954 45 955 19 956 15 957 14 958 12 959 12 960 9 961 8 962 7 
226 963 6 964 5 
227 965 20 966 19 967 17 968 8 969 8 970 6 971 5 
228 972 13 973 10 
229 974 106 975 30 976 20 977 17 978 15 979 9 980 6 
230 981 17 982 12 983 10 
231 984 50 985 43 986 18 
232 987 10 988 5 989 5 
233 990 19 991 18 992 9 993 7 
234 994 14 995 6 
235 996 5 997 5 
236 998 6 999 6 1000 5 
237 1001 44 1002 11 
238 1003 16 1004 6 
239 1005 27 1006 18 1007 6 
240 1008 9 1009 7 
241 1010 78 1011 9 
242 1012 16 1013 5 
243 1014 8 1015 6 1016 5 
244 1017 13 1018 9 
245 1019 12 1020 6 
246 1021 22 1022 7 
247 1023 20 1024 14 
248 1025 7 1026 7 
249 1027 6 1028 5 
250 1029 10 1030 5 
251 1031 37 1032 11 
252 1033 148 1034 17 
253 1035 12 1036 8 1037 5 1038 5 1039 5 
254 1040 15 1041 8 1042 6 
255 1043 14 1044 7 
256 1045 34 1046 8 1047 7 
257 1048 13 1049 6 1050 5 
258 1051 6 1052 5 
259 1053 16 1054 12 1055 5 1056 5 
260 1057 7 1058 6 
261 1059 25 1060 5 
262 1061 12 1062 8 1063 7 
263 1064 7 1065 5 
264 1066 14 1067 9 1068 7 
265 1069 11 1070 9 1071 8 
266 1072 20 1073 8 1074 6 1075 5 
267 1076 31 1077 6 
268 1078 10 1079 8 
269 1080 9 1081 7 
270 1082 65 1083 30 1084 8 
271 1085 6 1086 6 
272 1087 11 1088 5 
273 1089 9 1090 8 
274 1091 10 1092 7 
275 1093 42 1094 28 1095 5 
276 1096 52 1097 9 1098 6 1099 5 
277 1100 14 1101 8 
278 1102 41 1103 10 
279 1104 27 1105 17 1106 6 1107 5 
280 1108 14 1109 7 
281 1110 5 1111 5 
282 1112 10 1113 6 
283 1114 11 1115 7 
284 1116 10 1117 5 
285 1118 9 1119 5 
286 1120 58 1121 52 1122 20 1123 16 1124 12 1125 5 
287 1126 17 1127 9 1128 5 
288 1129 19 1130 14 1131 14 1132 6 
289 1133 14 1134 5 
290 1135 9 1136 7 
291 1137 12 1138 8 1139 6 
292 1140 56 1141 39 1142 16 
293 1143 9 1144 9 1145 6 
294 1146 8 1147 5 
295 1148 239 1149 66 1150 60 1151 53 1152 51 1153 39 1154 37 1155 34 1156 19 1157 19 1158 18 1159 18 1160 18 1161 17 1162 14 1163 13 1164 13 1165 10 1166 10 1167 8 1168 7 1169 7 1170 5 
296 1171 6 1172 5 
297 1173 36 1174 19 1175 10 
298 1176 7 1177 5 
299 1178 5 1179 5 1180 5 
300 1181 5 1182 5 
301 1183 7 1184 5 
302 1185 10 1186 6 1187 6 1188 6 
303 1189 60 1190 26 1191 23 1192 13 1193 11 1194 7 1195 5 1196 5 
304 1197 7 1198 5 
305 1199 17 1200 9 1201 6 
306 1202 106 1203 8 
307 1204 17 1205 7 
308 1206 41 1207 23 1208 17 1209 5 
309 1210 8 1211 5 
310 1212 11 1213 6 1214 5 
311 1215 13 1216 9 
312 1217 224 1218 24 1219 7 
313 1220 14 1221 12 
314 1222 23 1223 8 1224 7 1225 5 
315 1226 27 1227 11 1228 7 1229 5 1230 5 
316 1231 33 1232 19 1233 9 1234 6 
317 1235 7 1236 5 
318 1237 12 1238 11 1239 8 1240 5 
319 1241 23 1242 11 1243 5 
320 1244 6 1245 5 
321 1246 14 1247 9 1248 8 
322 1249 35 1250 12 1251 10 1252 6 1253 5 1254 5 
323 1255 8 1256 7 
324 1257 13 1258 11 
325 1259 7 1260 5 
326 1261 17 1262 13 1263 12 1264 10 1265 9 1266 7 1267 7 1268 6 1269 6 1270 6 1271 5 
327 1272 6 1273 5 
328 1274 83 1275 36 1276 29 1277 9 
329 1278 6 1279 5 
330 1280 257 1281 25 1282 6 
331 1283 26 1284 9 
332 1285 136 1286 19 1287 15 1288 14 1289 10 1290 9 
333 1291 8 1292 7 
334 1293 21 1294 16 
335 1295 10 1296 5 
336 1297 37 1298 5 
337 1299 8 1300 7 
338 1301 12 1302 12 
339 1303 106 1304 23 1305 10 
340 1306 8 1307 8 1308 8 1309 7 1310 5 
341 1311 21 1312 7 
342 1313 13 1314 12 1315 12 1316 8 1317 7 1318 6 1319 5 
343 1320 15 1321 12 1322 11 
344 1323 59 1324 33 1325 6 
345 1326 8 1327 5 
346 1328 13 1329 11 
347 1330 92 1331 62 1332 37 1333 33 1334 32 1335 24 1336 21 1337 19 1338 16 1339 16 1340 15 1341 14 1342 13 1343 12 1344 8 1345 8 1346 7 1347 5 
348 1348 14 1349 9 
349 1350 26 1351 20 
350 1352 92 1353 57 1354 7 
351 1355 22 1356 21 1357 8 1358 6 
352 1359 8 1360 5 
353 1361 13 1362 5 1363 5 
354 1364 71 1365 5 
355 1366 25 1367 21 1368 15 1369 13 
356 1370 131 1371 50 1372 12 1373 10 
357 1374 18 1375 5 
358 1376 7 1377 5 
359 1378 13 1379 5 
360 1380 17 1381 6 1382 5 
361 1383 9 1384 5 
362 1385 30 1386 14 1387 6 1388 5 
363 1389 13 1390 8 
364 1391 110 1392 29 1393 20 1394 12 1395 10 1396 6 
365 1397 71 1398 33 
366 1399 6 1400 5 
367 1401 13 1402 10 1403 7 
368 1404 24 1405 13 1406 5 
369 1407 9 1408 5 
370 1409 221 1410 98 1411 25 1412 19 1413 11 1414 6 
371 1415 7 1416 7 
372 1417 74 1418 67 1419 41 1420 6 1421 6 
373 1422 5 1423 5 
374 1424 30 1425 12 1426 8 
375 1427 22 1428 12 1429 6 
376 1430 10 1431 6 
377 1432 17 1433 6 
378 1434 14 1435 8 
379 1436 17 1437 7 1438 7 
380 1439 126 1440 39 1441 16 1442 8 1443 5 
381 1444 27 1445 10 1446 9 1447 5 1448 5 
382 1449 18 1450 10 
383 1451 11 1452 7 1453 5 
384 1454 12 1455 7 
385 1456 5 1457 5 
386 1458 6 1459 5 
387 1460 13 1461 12 1462 5 
388 1463 12 1464 6 
389 1465 6 1466 5 
390 1467 63 1468 44 1469 13 1470 10 
391 1471 39 1472 10 
392 1473 7 1474 6 
393 1475 14 1476 9 
394 1477 34 1478 14 
395 1479 115 1480 28 1481 9 1482 9 
396 1483 97 1484 18 1485 10 
397 1486 18 1487 6 
398 1488 11 1489 9 
399 1490 111 1491 62 1492 27 1493 10 1494 7 1495 5 
400 1496 26 1497 6 
401 1498 14 1499 5 
402 1500 26 1501 11 1502 8 1503 5 
403 1504 12 1505 9 1506 5 
404 1507 12 1508 10 
405 1509 10 1510 8 
406 1511 16 1512 13 
407 1513 19 1514 9 1515 6 1516 6 
408 1517 36 1518 15 1519 8 1520 8 1521 5 
409 1522 38 1523 13 1524 10 1525 5 
410 1526 18 1527 7 
411 1528 242 1529 20 1530 8 1531 8 1532 6 
412 1533 13 1534 9 
413 1535 11 1536 6 1537 5 
414 1538 7 1539 7 
415 1540 67 1541 34 1542 7 
416 1543 5 1544 5 
417 1545 24 1546 6 
418 1547 9 1548 5 
419 1549 9 1550 7 
420 1551 7 1552 5 
421 1553 15 1554 5 
422 1555 8 1556 7 1557 6 1558 6 
423 1559 6 1560 6 
424 1561 16 1562 7 1563 5 
425 1564 14 1565 6 
426 1566 23 1567 11 
427 1568 7 1569 7 
428 1570 8 1571 6 
429 1572 21 1573 11 1574 8 1575 7 1576 7 1577 5 
430 1578 308 1579 106 1580 43 1581 12 1582 9 1583 7 1584 6 1585 5 
431 1586 34 1587 5 
432 1588 12 1589 11 1590 6 1591 5 
433 1592 11 1593 9 
434 1594 13 1595 9 
435 1596 43 1597 7 1598 5 1599 5 
436 1600 106 1601 13 1602 8 1603 6 
437 1604 45 1605 5 
438 1606 14 1607 5 
439 1608 233 1609 34 
440 1610 229 1611 19 1612 9 
441 1613 33 1614 23 1615 9 
442 1616 144 1617 28 1618 9 1619 6 
443 1620 27 1621 16 
444 1622 10 1623 7 1624 5 
445 1625 48 1626 20 1627 19 1628 13 1629 8 
446 1630 7 1631 6 1632 5 
447 1633 9 1634 8 
448 1635 9 1636 5 
449 1637 7 1638 6 
450 1639 8 1640 5 
451 1641 58 1642 13 1643 11 
452 1644 27 1645 8 
453 1646 9 1647 8 
454 1648 13 1649 9 
455 1650 14 1651 10 1652 6 
456 1653 79 1654 25 
457 1655 7 1656 5 
458 1657 6 1658 6 
459 1659 10 1660 6 
460 1661 136 1662 115 1663 110 1664 100 1665 100 1666 99 1667 77 1668 74 1669 71 1670 66 1671 66 1672 62 1673 62 1674 55 1675 52 1676 50 1677 48 1678 46 1679 44 1680 43 1681 39 1682 39 1683 38 1684 36 1685 34 1686 32 1687 32 1688 32 1689 31 1690 30 1691 28 1692 27 1693 27 1694 26 1695 26 1696 25 1697 23 1698 23 1699 22 1700 21 1701 21 1702 20 1703 20 1704 19 1705 17 1706 17 1707 16 1708 16 1709 16 1710 16 1711 15 1712 15 1713 14 1714 13 1715 13 1716 12 1717 12 1718 11 1719 11 1720 11 1721 11 1722 11 1723 11 1724 10 1725 10 1726 10 1727 10 1728 9 1729 9 1730 9 1731 9 1732 8 1733 8 1734 8 1735 7 1736 7 1737 7 1738 7 1739 7 1740 6 1741 6 1742 5 1743 5 1744 5 
461 1745 22 1746 16 
462 1747 28 1748 14 1749 7 1750 6 
463 1751 65 1752 5 
464 1753 8 1754 5 
465 1755 15 1756 8 
466 1757 14 1758 7 
467 1759 9 1760 7 1761 7 
468 1762 145 1763 102 1764 42 1765 40 1766 10 
469 1767 9 1768 6 
470 1769 41 1770 24 1771 8 1772 8 
471 1773 20 1774 11 1775 5 
472 1776 21 1777 6 1778 6 
473 1779 20 1780 12 
474 1781 54 1782 32 1783 6 
475 1784 29 1785 15 1786 7 
476 1787 15 1788 11 
477 1789 51 1790 8 
478 1791 12 1792 7 1793 5 
479 1794 9 1795 7 
480 1796 9 1797 6 
481 1798 31 1799 7 1800 6 1801 5 1802 5 
482 1803 10 1804 7 
483 1805 8 1806 5 
484 1807 33 1808 13 1809 5 
485 1810 91 1811 70 1812 20 1813 17 1814 12 1815 8 1816 5 
486 1817 5 1818 5 
487 1819 72 1820 21 1821 15 1822 5 
488 1823 26 1824 6 
489 1825 21 1826 8 
490 1827 12 1828 7 
491 1829 46 1830 39 1831 25 1832 13 1833 10 1834 7 1835 6 1836 5 1837 5 1838 5 1839 5 
492 1840 12 1841 7 1842 5 1843 5 
493 1844 10 1845 7 
494 1846 11 1847 11 
495 1848 16 1849 7 
496 1850 5 1851 5 
497 1852 7 1853 7 
498 1854 30 1855 28 1856 8 1857 5 1858 5 
499 1859 49 1860 21 
500 1861 6 1862 5 1863 5 
501 1864 42 1865 16 
502 1866 21 1867 17 1868 7 1869 5 
503 1870 11 1871 9 
504 1872 195 1873 9 1874 5 
505 1875 20 1876 5 
506 1877 8 1878 6 1879 5 
507 1880 21 1881 12 1882 10 1883 6 1884 5 1885 5 
508 1886 11 1887 9 
509 1888 21 1889 8 
510 1890 82 1891 19 
511 1892 17 1893 8 
512 1894 10 1895 6 
513 1896 7 1897 5 1898 5 
514 1899 19 1900 6 
515 1901 44 1902 8 1903 5 1904 5 
516 1905 5 1906 5 
517 1907 9 1908 6 
518 1909 12 1910 5 
519 1911 14 1912 8 1913 6 
520 1914 20 1915 10 1916 5 
521 1917 134 1918 60 1919 17 1920 12 1921 12 1922 9 1923 5 
522 1924 12 1925 6 1926 5 
523 1927 5 1928 5 
524 1929 7 1930 6 
525 1931 87 1932 18 1933 5 
526 1934 172 1935 98 1936 44 1937 19 1938 17 1939 5 
527 1940 10 1941 6 1942 6 1943 5 
528 1944 17 1945 17 
529 1946 33 1947 19 
530 1948 6 1949 6 
531 1950 7 1951 7 
532 1952 34 1953 27 1954 14 1955 9 1956 6 1957 5 
533 1958 26 1959 7 
534 1960 9 1961 9 1962 6 
535 1963 365 1964 140 1965 26 1966 16 1967 8 1968 5 1969 5 
536 1970 44 1971 32 1972 14 
537 1973 22 1974 11 1975 5 
538 1976 6 1977 5 
539 1978 21 1979 18 1980 8 1981 6 
540 1982 20 1983 15 1984 7 
541 1985 20 1986 7 
542 1987 15 1988 10 
543 1989 14 1990 5 1991 5 
544 1992 7 1993 5 
545 1994 5 1995 5 
546 1996 52 1997 7 1998 5 1999 5 
547 2000 10 2001 5 
548 2002 8 2003 5 
549 2004 7 2005 5 
550 2006 13 2007 6 
551 2008 94 2009 5 
552 2010 135 2011 21 2012 10 2013 8 
553 2014 15 2015 7 
554 2016 10 2017 5 
555 2018 97 2019 14 2020 12 2021 6 
556 2022 10 2023 7 
557 2024 37 2025 5 
558 2026 42 2027 11 
559 2028 55 2029 39 
560 2030 7 2031 6 
561 2032 22 2033 10 2034 5 
562 2035 23 2036 20 2037 19 
563 2038 14 2039 13 2040 8 2041 7 2042 7 
564 2043 17 2044 9 2045 9 
565 2046 205 2047 19 2048 9 
566 2049 6 2050 5 
567 2051 17 2052 9 2053 7 
568 2054 18 2055 6 
569 2056 13 2057 9 
570 2058 26 2059 5 
571 2060 7 2061 6 
572 2062 37 2063 6 
573 2064 6 2065 5 
574 2066 12 2067 7 
575 2068 25 2069 6 
576 2070 27 2071 24 2072 6 
577 2073 9 2074 6 
578 2075 9 2076 9 
579 2077 26 2078 9 2079 6 
580 2080 32 2081 12 2082 8 2083 7 
581 2084 168 2085 35 2086 31 2087 11 2088 10 2089 7 
582 2090 42 2091 14 2092 9 2093 8 
583 2094 26 2095 19 2096 7 
584 2097 7 2098 5 
585 2099 14 2100 7 2101 6 2102 5 
586 2103 10 2104 9 2105 7 
587 2106 51 2107 15 
588 2108 18 2109 5 
589 2110 10 2111 7 
590 2112 34 2113 23 2114 6 
591 2115 27 2116 5 
592 2117 8 2118 6 
593 2119 39 2120 27 2121 12 2122 9 2123 6 2124 5 
594 2125 12 2126 8 
595 2127 38 2128 33 2129 6 2130 5 
596 2131 8 2132 5 
597 2133 18 2134 10 2135 8 2136 6 
598 2137 19 2138 9 
599 2139 8 2140 7 2141 5 
600 2142 9 2143 7 
601 2144 21 2145 7 2146 6 
602 2147 19 2148 5 2149 5 
603 2150 13 2151 5 
604 2152 44 2153 16 2154 12 2155 7 2156 6 2157 5 
605 2158 25 2159 13 2160 9 
606 2161 16 2162 6 
607 2163 9 2164 7 2165 6 
608 2166 13 2167 8 
609 2168 8 2169 6 2170 5 
610 2171 7 2172 5 
611 2173 67 2174 41 2175 17 2176 15 2177 5 
612 2178 6 2179 5 
613 2180 17 2181 7 
614 2182 13 2183 7 2184 6 
615 2185 109 2186 9 
616 2187 22 2188 5 
617 2189 10 2190 5 
618 2191 114 2192 13 
619 2193 5 2194 5 
620 2195 7 2196 5 
621 2197 38 2198 36 2199 8 2200 5 
622 2201 7 2202 5 
623 2203 92 2204 7 
624 2205 8 2206 7 
625 2207 8 2208 6 
626 2209 106 2210 7 2211 6 
627 2212 19 2213 15 2214 7 2215 7 2216 5 
628 2217 232 2218 39 2219 6 
629 2220 22 2221 7 
630 2222 12 2223 8 
631 2224 163 2225 32 2226 6 
632 2227 58 2228 46 
633 2229 10 2230 5 
634 2231 12 2232 5 
635 2233 14 2234 5 
636 2235 27 2236 10 
637 2237 51 2238 34 2239 21 2240 7 
638 2241 22 2242 5 
639 2243 92 2244 10 2245 8 2246 7 2247 6 2248 5 
640 2249 16 2250 6 
641 2251 11 2252 7 
642 2253 115 2254 54 
643 2255 63 2256 13 
644 2257 11 2258 7 
645 2259 91 2260 23 2261 15 2262 5 
646 2263 29 2264 12 2265 8 
647 2266 24 2267 17 2268 11 2269 6 
648 2270 22 2271 15 
649 2272 8 2273 6 
650 2274 16 2275 6 
651 2276 5 2277 5 
652 2278 47 2279 19 
653 2280 44 2281 14 2282 8 
654 2283 28 2284 21 2285 5 2286 5 
655 2287 16 2288 14 2289 13 
656 2290 14 2291 10 
657 2292 7 2293 6 2294 5 2295 5 
658 2296 11 2297 8 
659 2298 7 2299 6 
660 2300 12 2301 7 2302 6 
661 2303 6 2304 6 2305 5 
662 2306 11 2307 7 
663 2308 84 2309 65 2310 55 2311 51 2312 48 2313 48 2314 48 2315 47 2316 46 2317 42 2318 38 2319 35 2320 34 2321 33 2322 33 2323 29 2324 28 2325 27 2326 25 2327 25 2328 24 2329 24 2330 23 2331 23 2332 20 2333 20 2334 18 2335 17 2336 17 2337 14 2338 13 2339 12 2340 10 2341 10 2342 10 2343 10 2344 9 2345 9 2346 8 2347 8 2348 8 2349 7 2350 6 2351 5 
664 2352 8 2353 8 
665 2354 8 2355 5 
666 2356 20 2357 11 2358 10 2359 8 
667 2360 24 2361 7 
668 2362 10 2363 5 
669 2364 15 2365 6 
670 2366 18 2367 7 
671 2368 104 2369 51 2370 20 2371 13 2372 12 2373 9 2374 5 2375 5 
672 2376 8 2377 6 2378 6 
673 2379 11 2380 7 
674 2381 10 2382 7 
675 2383 26 2384 10 2385 9 
676 2386 11 2387 10 
677 2388 186 2389 10 
678 2390 16 2391 6 
679 2392 46 2393 16 2394 6 
680 2395 11 2396 7 
681 2397 22 2398 8 
682 2399 29 2400 7 
683 2401 11 2402 6 
684 2403 18 2404 14 2405 8 2406 5 2407 5 
685 2408 15 2409 7 
686 2410 13 2411 7 
687 2412 15 2413 8 
688 2414 9 2415 5 
689 2416 7 2417 6 
690 2418 8 2419 7 2420 7 
691 2421 18 2422 18 2423 18 2424 17 2425 14 2426 13 2427 13 2428 11 2429 7 2430 7 2431 6 2432 6 2433 5 2434 5 
692 2435 10 2436 8 
693 2437 15 2438 14 
694 2439 7 2440 5 
695 2441 17 2442 14 
696 2443 23 2444 10 
697 2445 14 2446 5 
698 2447 19 2448 13 
699 2449 19 2450 13 
700 2451 19 2452 5 
701 2453 60 2454 36 2455 25 2456 18 2457 10 2458 9 2459 9 2460 8 2461 7 2462 6 
702 2463 68 2464 41 2465 10 2466 6 
703 2467 12 2468 11 2469 8 
704 2470 13 2471 5 
705 2472 7 2473 5 
706 2474 11 2475 6 
707 2476 90 2477 30 
708 2478 33 2479 9 
709 2480 8 2481 7 
710 2482 94 2483 46 2484 15 2485 7 2486 5 
711 2487 16 2488 7 
712 2489 51 2490 11 
713 2491 8 2492 7 2493 5 
714 2494 11 2495 5 
715 2496 5 2497 5 
716 2498 24 2499 14 2500 6 
717 2501 16 2502 8 2503 8 2504 7 
718 2505 11 2506 5 
719 2507 18 2508 6 
720 2509 31 2510 12 2511 5 
721 2512 8 2513 5 
722 2514 11 2515 9 
723 2516 13 2517 5 
724 2518 7 2519 5 
725 2520 74 2521 43 2522 38 
726 2523 9 2524 7 
727 2525 19 2526 13 
728 2527 9 2528 6 
729 2529 7 2530 6 
730 2531 46 2532 19 2533 6 2534 6 
731 2535 43 2536 8 
732 2537 57 2538 30 2539 7 
733 2540 11 2541 9 
734 2542 11 2543 7 
735 2544 37 2545 10 
736 2546 9 2547 7 
737 2548 58 2549 13 
738 2550 42 2551 5 
739 2552 42 2553 7 
740 2554 19 2555 9 
741 2556 15 2557 7 
742 2558 11 2559 7 
743 2560 8 2561 5 
744 2562 39 2563 28 
745 2564 119 2565 57 2566 41 
746 2567 8 2568 7 
747 2569 36 2570 7 
748 2571 33 2572 13 
749 2573 105 2574 54 2575 25 2576 18 2577 15 2578 11 2579 7 
750 2580 20 2581 18 
751 2582 21 2583 6 
752 2584 20 2585 6 
753 2586 10 2587 9 2588 7 2589 5 
754 2590 7 2591 5 2592 5 
755 2593 7 2594 6 2595 5 2596 5 
756 2597 23 2598 9 
757 2599 16 2600 13 2601 6 
758 2602 6 2603 5 
759 2604 30 2605 8 2606 5 
760 2607 28 2608 16 
761 2609 57 2610 11 2611 10 
762 2612 16 2613 6 
763 2614 10 2615 5 
764 2616 12 2617 8 2618 7 2619 6 2620 5 
765 2621 11 2622 7 
766 2623 147 2624 89 2625 48 
767 2626 5 2627 5 
768 2628 192 2629 25 2630 13 2631 12 2632 8 2633 7 
769 2634 44 2635 6 
770 2636 9 2637 9 2638 7 
771 2639 58 2640 10 2641 10 
772 2642 10 2643 5 
773 2644 9 2645 6 
774 2646 11 2647 6 
775 2648 86 2649 10 2650 6 
776 2651 16 2652 5 
777 2653 37 2654 5 
778 2655 16 2656 6 
779 2657 19 2658 18 
780 2659 12 2660 10 
781 2661 38 2662 19 
782 2663 39 2664 12 2665 10 
783 2666 13 2667 8 
784 2668 19 2669 12 
785 2670 9 2671 6 2672 5 
786 2673 6 2674 6 
787 2675 13 2676 8 
788 2677 22 2678 7 
789 2679 18 2680 5 
790 2681 10 2682 8 
791 2683 11 2684 5 
792 2685 21 2686 14 
793 2687 65 2688 48 2689 6 
794 2690 20 2691 19 2692 10 
795 2693 92 2694 16 2695 14 2696 11 
796 2697 6 2698 5 
797 2699 12 2700 5 
798 2701 13 2702 6 
799 2703 29 2704 13 
800 2705 13 2706 5 
801 2707 15 2708 8 2709 6 
802 2710 199 2711 7 2712 7 
803 2713 14 2714 5 
804 2715 11 2716 5 
805 2717 17 2718 11 
806 2719 5 2720 5 
807 2721 71 2722 22 2723 7 2724 7 2725 5 
808 2726 14 2727 7 
809 2728 24 2729 9 
810 2730 11 2731 5 
811 2732 14 2733 9 
812 2734 34 2735 7 2736 5 
813 2737 17 2738 13 2739 8 
814 2740 6 2741 6 2742 5 
815 2743 6 2744 5 
816 2745 14 2746 8 2747 5 
817 2748 123 2749 23 2750 9 2751 5 
818 2752 34 2753 6 
819 2754 6 2755 6 
820 2756 20 2757 17 
821 2758 15 2759 11 
822 2760 28 2761 14 
823 2762 13 2763 7 
824 2764 28 2765 7 
825 2766 13 2767 7 
826 2768 22 2769 17 2770 7 
827 2771 10 2772 5 
828 2773 7 2774 6 
829 2775 18 2776 9 
830 2777 53 2778 24 
831 2779 9 2780 8 
832 2781 25 2782 11 
833 2783 14 2784 8 2785 5 
834 2786 147 2787 19 2788 11 2789 5 
835 2790 15 2791 6 
836 2792 10 2793 6 
837 2794 17 2795 9 
838 2796 8 2797 8 
839 2798 9 2799 5 
840 2800 38 2801 30 2802 13 
841 2803 14 2804 10 
842 2805 28 2806 24 2807 11 2808 7 
843 2809 13 2810 11 
844 2811 59 2812 44 
845 2813 9 2814 6 
846 2815 18 2816 5 
847 2817 12 2818 9 
848 2819 8 2820 6 2821 6 
849 2822 30 2823 20 2824 15 2825 7 
850 2826 37 2827 9 2828 5 
851 2829 37 2830 22 
852 2831 37 2832 20 
853 2833 5 2834 5 
854 2835 7 2836 6 
855 2837 26 2838 9 2839 6 
856 2840 7 2841 5 
857 2842 7 2843 6 2844 6 
858 2845 19 2846 5 
859 2847 9 2848 7 
860 2849 237 2850 83 2851 39 2852 19 2853 14 2854 12 
861 2855 20 2856 6 
862 2857 56 2858 6 
863 2859 17 2860 9 2861 7 
864 2862 8 2863 5 
865 2864 28 2865 23 2866 7 
866 2867 37 2868 29 
867 2869 10 2870 7 
868 2871 8 2872 7 
869 2873 47 2874 10 
870 2875 8 2876 5 
871 2877 55 2878 14 
872 2879 7 2880 5 
873 2881 19 2882 6 
874 2883 8 2884 5 
875 2885 15 2886 6 
876 2887 7 2888 5 
877 2889 15 2890 5 
878 2891 13 2892 10 
879 2893 6 2894 5 2895 5 
880 2896 21 2897 15 2898 12 
881 2899 11 2900 6 
882 2901 6 2902 5 
883 2903 59 2904 6 2905 5 
884 2906 111 2907 21 
885 2908 6 2909 6 
886 2910 7 2911 7 
887 2912 7 2913 5 
888 2914 14 2915 6 
889 2916 67 2917 11 
890 2918 19 2919 8 
891 2920 19 2921 8 
892 2922 27 2923 12 
893 2924 8 2925 6 
894 2926 13 2927 7 2928 7 
895 2929 16 2930 10 2931 5 
896 2932 11 2933 5 
897 2934 30 2935 19 2936 13 2937 7 
898 2938 19 2939 10 
899 2940 15 2941 7 
900 2942 94 2943 20 2944 16 2945 8 
901 2946 18 2947 7 2948 5 
902 2949 11 2950 7 2951 5 
903 2952 72 2953 20 2954 11 2955 8 
904 2956 10 2957 10 2958 6 
905 2959 17 2960 7 
906 2961 33 2962 6 
907 2963 100 2964 7 
908 2965 22 2966 8 
909 2967 18 2968 13 2969 9 2970 5 
910 2971 10 2972 6 
911 2973 14 2974 8 2975 8 
912 2976 24 2977 10 
913 2978 13 2979 10 
914 2980 10 2981 5 
915 2982 18 2983 6 
916 2984 39 2985 12 
917 2986 13 2987 6 
918 2988 30 2989 26 
919 2990 52 2991 30 
920 2992 52 2993 21 2994 5 2995 5 
921 2996 5 2997 5 
922 2998 24 2999 11 
923 3000 9 3001 5 
924 3002 9 3003 8 
925 3004 7 3005 5 
926 3006 24 3007 6 
927 3008 31 3009 20 
928 3010 8 3011 5 
929 3012 11 3013 8 3014 5 
930 3015 8 3016 6 
931 3017 8 3018 7 
932 3019 9 3020 6 
933 3021 46 3022 8 
934 3023 8 3024 7 
935 3025 9 3026 5 
936 3027 12 3028 5 
937 3029 11 3030 6 
938 3031 11 3032 6 
939 3033 26 3034 8 
940 3035 14 3036 9 3037 6 
941 3038 8 3039 5 
942 3040 38 3041 5 
943 3042 26 3043 11 
944 3044 6 3045 6 
945 3046 64 3047 25 3048 10 
946 3049 12 3050 6 
947 3051 23 3052 13 3053 8 
948 3054 7 3055 5 
949 3056 25 3057 12 
950 3058 97 3059 6 
951 3060 18 3061 5 
952 3062 8 3063 7 
953 3064 6 3065 5 
954 3066 9 3067 5 
955 3068 12 3069 8 
956 3070 36 3071 12 3072 10 
957 3073 12 3074 10 
958 3075 62 3076 27 3077 14 
959 3078 18 3079 10 3080 5 
960 3081 39 3082 5 
961 3083 48 3084 27 3085 17 3086 5 
962 3087 17 3088 8 3089 6 3090 5 
963 3091 12 3092 8 
964 3093 8 3094 7 3095 5 
965 3096 7 3097 5 
966 3098 21 3099 13 
967 3100 9 3101 9 
968 3102 37 3103 11 3104 11 
969 3105 37 3106 7 
970 3107 9 3108 7 3109 7 
971 3110 7 3111 6 
972 3112 10 3113 9 
973 3114 13 3115 12 
974 3116 20 3117 7 3118 7 
975 3119 16 3120 5 
976 3121 106 3122 25 3123 11 
977 3124 12 3125 6 
978 3126 6 3127 5 
979 3128 11 3129 10 3130 6 
980 3131 6 3132 5 
981 3133 18 3134 13 3135 8 3136 8 
982 3137 16 3138 5 
983 3139 6 3140 5 
984 3141 37 3142 14 
985 3143 56 3144 28 3145 16 3146 6 
986 3147 7 3148 6 
987 3149 8 3150 6 
988 3151 23 3152 5 
989 3153 12 3154 7 
990 3155 7 3156 7 
991 3157 14 3158 6 3159 5 
992 3160 16 3161 8 
993 3162 15 3163 12 
994 3164 9 3165 6 
995 3166 14 3167 12 3168 6 
996 3169 17 3170 6 
997 3171 39 3172 15 3173 6 
998 3174 8 3175 6 
999 3176 13 3177 6 
1000 3178 6 3179 5 
1001 3180 6 3181 6 3182 6 3183 5 
1002 3184 8 3185 5 
1003 3186 29 3187 6 
1004 3188 44 3189 9 3190 5 
1005 3191 29 3192 13 3193 6 
1006 3194 7 3195 5 
1007 3196 28 3197 8 
1008 3198 9 3199 8 3200 6 
1009 3201 12 3202 9 3203 8 
1010 3204 44 3205 14 3206 8 3207 8 
1011 3208 17 3209 12 
1012 3210 24 3211 21 3212 7 
1013 3213 33 3214 6 
1014 3215 7 3216 5 
1015 3217 30 3218 6 
1016 3219 5 3220 5 
1017 3221 22 3222 9 3223 5 
1018 3224 14 3225 11 
1019 3226 8 3227 6 
1020 3228 20 3229 8 
1021 3230 10 3231 5 
1022 3232 5 3233 5 
1023 3234 14 3235 5 
1024 3236 7 3237 7 
1025 3238 13 3239 8 3240 5 
1026 3241 8 3242 7 
1027 3243 8 3244 7 3245 5 
1028 3246 19 3247 14 
1029 3248 15 3249 5 
1030 3250 16 3251 7 
1031 3252 8 3253 7 
1032 3254 10 3255 6 
1033 3256 16 3257 10 
1034 3258 24 3259 10 3260 7 
1035 3261 36 3262 33 3263 30 3264 25 3265 22 3266 8 3267 8 3268 6 
1036 3269 25 3270 7 
1037 3271 17 3272 5 
1038 3273 15 3274 6 
1039 3275 21 3276 8 
1040 3277 14 3278 7 
1041 3279 7 3280 7 
1042 3281 16 3282 16 3283 12 
1043 3284 18 3285 6 
1044 3286 40 3287 11 
1045 3288 8 3289 5 
1046 3290 51 3291 26 
1047 3292 33 3293 13 3294 5 
1048 3295 8 3296 5 
1049 3297 8 3298 5 
1050 3299 22 3300 16 3301 6 
1051 3302 31 3303 15 
1052 3304 14 3305 11 3306 5 
1053 3307 20 3308 10 3309 8 
1054 3310 10 3311 5 
1055 3312 24 3313 9 
1056 3314 8 3315 7 
1057 3316 26 3317 7 3318 7 
1058 3319 9 3320 6 3321 5 
1059 3322 9 3323 6 
1060 3324 57 3325 9 3326 7 
1061 3327 716 3328 25 3329 13 3330 8 3331 7 
1062 3332 14 3333 10 
1063 3334 8 3335 5 
1064 3336 213 3337 13 3338 6 3339 5 
1065 3340 12 3341 5 
1066 3342 8 3343 5 
1067 3344 11 3345 6 
1068 3346 39 3347 29 3348 26 3349 7 3350 6 
1069 3351 34 3352 18 
1070 3353 8 3354 5 
1071 3355 19 3356 10 3357 9 
1072 3358 19 3359 7 
1073 3360 73 3361 5 
1074 3362 7 3363 5 
1075 3364 30 3365 10 
1076 3366 11 3367 7 
1077 3368 8 3369 5 
1078 3370 10 3371 5 
1079 3372 46 3373 7 
1080 3374 31 3375 24 3376 7 
1081 3377 13 3378 10 
1082 3379 14 3380 7 3381 6 
1083 3382 26 3383 6 
1084 3384 9 3385 5 
1085 3386 15 3387 9 
1086 3388 12 3389 5 
1087 3390 11 3391 6 3392 5 
1088 3393 79 3394 23 
1089 3395 12 3396 9 
1090 3397 63 3398 53 3399 26 3400 17 3401 8 3402 7 3403 6 3404 5 
1091 3405 8 3406 5 
1092 3407 54 3408 8 
1093 3409 5 3410 5 
1094 3411 11 3412 5 3413 5 
1095 3414 8 3415 8 
1096 3416 127 3417 12 
1097 3418 101 3419 100 3420 21 
1098 3421 88 3422 63 3423 23 3424 8 
1099 3425 25 3426 16 
1100 3427 258 3428 46 3429 24 
1101 3430 14 3431 6 
1102 3432 21 3433 5 
1103 3434 10 3435 9 
1104 3436 5 3437 5 3438 5 3439 5 
1105 3440 7 3441 6 
1106 3442 14 3443 11 3444 6 
1107 3445 5 3446 5 
1108 3447 10 3448 6 
1109 3449 21 3450 7 
1110 3451 38 3452 19 3453 17 3454 11 
1111 3455 12 3456 10 
1112 3457 50 3458 49 3459 6 
1113 3460 8 3461 7 
1114 3462 74 3463 45 3464 11 
1115 3465 90 3466 22 
1116 3467 17 3468 14 
1117 3469 36 3470 5 
1118 3471 17 3472 6 
1119 3473 13 3474 5 
1120 3475 26 3476 5 
1121 3477 5 3478 5 
1122 3479 13 3480 8 
1123 3481 17 3482 8 
1124 3483 16 3484 14 3485 7 3486 6 
1125 3487 66 3488 18 3489 10 3490 9 
1126 3491 9 3492 8 
1127 3493 252 3494 186 3495 33 3496 19 3497 9 3498 7 3499 6 3500 6 
1128 3501 15 3502 5 
1129 3503 28 3504 8 3505 6 
1130 3506 8 3507 6 
1131 3508 17 3509 5 
1132 3510 15 3511 8 3512 5 
1133 3513 7 3514 6 3515 5 
1134 3516 24 3517 10 
1135 3518 8 3519 5 
1136 3520 13 3521 7 
1137 3522 17 3523 5 
1138 3524 17 3525 9 
1139 3526 10 3527 5 
1140 3528 10 3529 8 3530 5 
1141 3531 7 3532 6 
1142 3533 9 3534 5 
1143 3535 27 3536 7 
1144 3537 11 3538 5 
1145 3539 23 3540 23 
1146 3541 57 3542 5 
1147 3543 36 3544 13 3545 10 
1148 3546 6 3547 5 
1149 3548 6 3549 5 
1150 3550 25 3551 9 3552 8 3553 7 
1151 3554 18 3555 6 
1152 3556 28 3557 6 3558 5 
1153 3559 13 3560 12 
1154 3561 10 3562 8 
1155 3563 7 3564 5 
1156 3565 13 3566 6 
1157 3567 35 3568 23 
1158 3569 7 3570 6 
1159 3571 194 3572 33 3573 25 3574 18 
1160 3575 23 3576 14 3577 8 
1161 3578 77 3579 39 3580 14 3581 5 
1162 3582 48 3583 26 3584 21 3585 9 3586 8 
1163 3587 14 3588 7 
1164 3589 19 3590 7 3591 5 
1165 3592 12 3593 10 
1166 3594 24 3595 7 
1167 3596 17 3597 7 
1168 3598 9 3599 6 3600 5 
1169 3601 12 3602 6 
1170 3603 11 3604 7 
1171 3605 10 3606 10 
1172 3607 13 3608 7 3609 5 
1173 3610 9 3611 5 
1174 3612 39 3613 10 
1175 3614 31 3615 29 3616 19 3617 11 3618 6 
1176 3619 10 3620 8 
1177 3621 94 3622 28 3623 26 
1178 3624 53 3625 32 
1179 3626 72 3627 60 3628 12 3629 6 3630 6 3631 6 3632 5 
1180 3633 17 3634 12 
1181 3635 132 3636 8 
1182 3637 6 3638 6 
1183 3639 7 3640 7 
1184 3641 490 3642 94 3643 32 3644 12 3645 8 
1185 3646 6 3647 5 
1186 3648 17 3649 17 
1187 3650 33 3651 7 
1188 3652 7 3653 7 
1189 3654 5 3655 5 
1190 3656 382 3657 77 
1191 3658 10 3659 9 
1192 3660 7 3661 6 
1193 3662 12 3663 6 
1194 3664 8 3665 6 
1195 3666 9 3667 5 
1196 3668 14 3669 8 
1197 3670 6 3671 5 
1198 3672 22 3673 9 3674 6 
1199 3675 12 3676 5 
1200 3677 8 3678 5 3679 5 
1201 3680 25 3681 10 
1202 3682 10 3683 8 
1203 3684 16 3685 8 3686 5 
1204 3687 8 3688 5 
1205 3689 24 3690 19 3691 6 
1206 3692 75 3693 15 
1207 3694 42 3695 7 
1208 3696 16 3697 7 3698 5 
1209 3699 9 3700 7 
1210 3701 9 3702 6 
1211 3703 46 3704 43 3705 39 3706 38 3707 36 3708 31 3709 29 3710 27 3711 27 3712 25 3713 25 3714 25 3715 24 3716 19 3717 19 3718 18 3719 18 3720 16 3721 15 3722 14 3723 14 3724 13 3725 13 3726 12 3727 11 3728 10 3729 9 3730 9 3731 8 3732 8 3733 8 3734 7 3735 6 3736 6 3737 6 3738 6 3739 5 3740 5 3741 5 3742 5 
1212 3743 5 3744 5 
1213 3745 22 3746 21 3747 10 
1214 3748 435 3749 97 3750 30 3751 23 3752 16 3753 16 3754 14 3755 12 3756 8 3757 6 3758 5 
1215 3759 18 3760 11 3761 11 3762 5 
1216 3763 14 3764 5 
1217 3765 40 3766 13 3767 11 
1218 3768 5 3769 5 
1219 3770 20 3771 5 
1220 3772 69 3773 23 3774 15 
1221 3775 14 3776 14 
1222 3777 46 3778 15 3779 9 
1223 3780 9 3781 9 
1224 3782 17 3783 15 
1225 3784 21 3785 5 
1226 3786 60 3787 34 3788 12 
1227 3789 15 3790 7 
1228 3791 5 3792 5 
1229 3793 14 3794 5 
1230 3795 8 3796 5 
1231 3797 72 3798 19 
1232 3799 17 3800 7 3801 5 
1233 3802 6 3803 5 3804 5 
1234 3805 19 3806 11 3807 5 
1235 3808 40 3809 22 3810 12 3811 9 3812 6 3813 5 
1236 3814 34 3815 8 3816 6 
1237 3817 40 3818 8 3819 8 
1238 3820 6 3821 5 
1239 3822 12 3823 8 3824 5 3825 5 
1240 3826 6 3827 5 
1241 3828 9 3829 6 3830 5 
1242 3831 35 3832 10 3833 6 
1243 3834 10 3835 7 
1244 3836 32 3837 5 
1245 3838 50 3839 17 3840 10 3841 6 3842 5 
1246 3843 33 3844 5 
1247 3845 8 3846 7 
1248 3847 19 3848 5 3849 5 
1249 3850 13 3851 7 
1250 3852 26 3853 8 
1251 3854 37 3855 11 
1252 3856 24 3857 8 
1253 3858 6 3859 6 
1254 3860 11 3861 7 3862 5 
1255 3863 25 3864 9 
1256 3865 13 3866 6 
1257 3867 15 3868 5 
1258 3869 48 3870 6 
1259 3871 9 3872 8 
1260 3873 6 3874 5 
1261 3875 13 3876 8 
1262 3877 40 3878 40 3879 8 
1263 3880 46 3881 15 3882 13 3883 5 
1264 3884 11 3885 9 
1265 3886 15 3887 11 3888 8 3889 8 
1266 3890 19 3891 16 
1267 3892 13 3893 10 3894 7 
1268 3895 31 3896 13 3897 9 3898 6 
1269 3899 28 3900 5 
1270 3901 9 3902 7 3903 6 3904 6 
1271 3905 6 3906 6 3907 5 
1272 3908 87 3909 21 3910 9 
1273 3911 7 3912 5 
1274 3913 8 3914 5 
1275 3915 9 3916 9 
1276 3917 19 3918 7 
1277 3919 8 3920 7 3921 5 
1278 3922 8 3923 8 
1279 3924 12 3925 10 3926 7 
1280 3927 80 3928 19 3929 14 
1281 3930 13 3931 7 
1282 3932 72 3933 5 
1283 3934 31 3935 18 3936 10 3937 10 3938 9 
1284 3939 18 3940 10 3941 5 
1285 3942 6 3943 6 
1286 3944 35 3945 12 3946 8 
1287 3947 28 3948 15 
1288 3949 82 3950 11 3951 7 
1289 3952 5 3953 5 
1290 3954 12 3955 12 3956 5 3957 5 
1291 3958 59 3959 25 3960 17 3961 7 
1292 3962 7 3963 7 
1293 3964 50 3965 6 
1294 3966 10 3967 8 
1295 3968 17 3969 13 3970 10 3971 5 
1296 3972 30 3973 9 
1297 3974 15 3975 6 
1298 3976 24 3977 19 3978 9 
1299 3979 22 3980 6 3981 5 
1300 3982 36 3983 5 
1301 3984 19 3985 11 3986 8 3987 6 
1302 3988 8 3989 5 
1303 3990 10 3991 5 3992 5 
1304 3993 324 3994 78 3995 33 
1305 3996 11 3997 10 
1306 3998 15 3999 5 
1307 4000 18 4001 7 
1308 4002 17 4003 8 4004 6 
1309 4005 9 4006 5 
1310 4007 76 4008 38 4009 32 4010 8 
1311 4011 7 4012 6 
1312 4013 20 4014 5 
1313 4015 16 4016 6 4017 6 
1314 4018 13 4019 7 4020 5 
1315 4021 9 4022 6 
1316 4023 8 4024 6 
1317 4025 15 4026 5 
1318 4027 15 4028 5 
1319 4029 10 4030 5 
1320 4031 45 4032 7 4033 6 
1321 4034 35 4035 33 4036 32 4037 32 4038 28 4039 27 4040 27 4041 26 4042 26 4043 25 4044 24 4045 24 4046 23 4047 23 4048 22 4049 19 4050 19 4051 18 4052 17 4053 16 4054 15 4055 15 4056 15 4057 13 4058 11 4059 9 4060 7 4061 7 4062 7 4063 6 
1322 4064 39 4065 31 4066 17 
1323 4067 29 4068 26 4069 24 
1324 4070 7 4071 5 
1325 4072 13 4073 8 4074 5 
1326 4075 30 4076 8 4077 5 
1327 4078 14 4079 7 4080 6 
1328 4081 15 4082 14 
1329 4083 17 4084 6 
1330 4085 11 4086 6 
1331 4087 15 4088 8 4089 7 
1332 4090 24 4091 15 
1333 4092 13 4093 11 
1334 4094 8 4095 5 4096 5 
1335 4097 10 4098 7 4099 6 4100 5 4101 5 
1336 4102 30 4103 10 4104 8 
1337 4105 13 4106 7 
1338 4107 11 4108 5 
1339 4109 12 4110 8 
1340 4111 13 4112 8 4113 6 
1341 4114 56 4115 15 4116 6 
1342 4117 54 4118 19 4119 17 
1343 4120 39 4121 7 4122 5 
1344 4123 9 4124 6 
1345 4125 24 4126 13 4127 5 4128 5 
1346 4129 9 4130 5 
1347 4131 302 4132 128 4133 43 4134 21 4135 8 4136 7 
1348 4137 18 4138 13 
1349 4139 7 4140 7 
1350 4141 39 4142 10 
1351 4143 39 4144 10 
1352 4145 42 4146 6 
1353 4147 14 4148 9 
1354 4149 7 4150 6 
1355 4151 143 4152 6 
1356 4153 34 4154 24 
1357 4155 20 4156 9 
1358 4157 6 4158 6 
1359 4159 39 4160 23 4161 10 4162 7 
1360 4163 22 4164 6 4165 5 4166 5 
1361 4167 6 4168 6 
1362 4169 100 4170 52 4171 16 4172 10 
1363 4173 35 4174 7 
1364 4175 22 4176 9 
1365 4177 7 4178 7 
1366 4179 29 4180 12 
1367 4181 10 4182 5 
1368 4183 214 4184 50 4185 17 4186 8 4187 5 
1369 4188 16 4189 5 
1370 4190 22 4191 7 
1371 4192 65 4193 22 4194 20 4195 8 
1372 4196 42 4197 14 4198 10 4199 8 
1373 4200 31 4201 8 4202 7 4203 7 4204 5 
1374 4205 16 4206 7 
1375 4207 14 4208 10 
1376 4209 8 4210 5 
1377 4211 39 4212 10 
1378 4213 6 4214 5 
1379 4215 6 4216 5 
1380 4217 7 4218 6 
1381 4219 27 4220 12 4221 5 
1382 4222 10 4223 5 
1383 4224 9 4225 9 4226 5 
1384 4227 12 4228 11 
1385 4229 68 4230 35 4231 24 4232 12 4233 9 4234 6 
1386 4235 59 4236 28 4237 13 4238 8 4239 5 
1387 4240 8 4241 6 
1388 4242 6 4243 5 
1389 4244 45 4245 14 4246 5 
1390 4247 73 4248 19 4249 6 
1391 4250 9 4251 6 
1392 4252 70 4253 21 4254 15 
1393 4255 20 4256 17 
1394 4257 9 4258 5 
1395 4259 11 4260 7 
1396 4261 16 4262 15 4263 6 
1397 4264 17 4265 16 
1398 4266 6 4267 6 
1399 4268 7 4269 5 
1400 4270 10 4271 9 4272 8 4273 5 4274 5 
1401 4275 5 4276 5 
1402 4277 9 4278 6 4279 5 
1403 4280 47 4281 5 
1404 4282 65 4283 8 
1405 4284 19 4285 5 4286 5 
1406 4287 52 4288 32 4289 10 
1407 4290 11 4291 7 4292 7 
1408 4293 180 4294 26 4295 10 4296 8 4297 7 
1409 4298 18 4299 6 
1410 4300 11 4301 6 
1411 4302 6 4303 6 
1412 4304 13 4305 5 
1413 4306 6 4307 6 
1414 4308 8 4309 5 
1415 4310 7 4311 6 4312 5 
1416 4313 71 4314 19 4315 5 4316 5 
1417 4317 40 4318 33 4319 20 4320 7 4321 5 
1418 4322 8 4323 5 
1419 4324 10 4325 6 
1420 4326 8 4327 8 
1421 4328 56 4329 13 
1422 4330 7 4331 6 4332 5 
1423 4333 7 4334 7 
1424 4335 15 4336 13 
1425 4337 37 4338 11 4339 8 4340 5 
1426 4341 12 4342 9 
1427 4343 38 4344 7 4345 6 
1428 4346 15 4347 9 
1429 4348 14 4349 6 
1430 4350 8 4351 5 
1431 4352 12 4353 11 4354 6 
1432 4355 22 4356 11 
1433 4357 25 4358 10 
1434 4359 9 4360 8 
1435 4361 117 4362 8 
1436 4363 44 4364 10 
1437 4365 12 4366 6 
1438 4367 12 4368 8 4369 5 4370 5 4371 5 
1439 4372 35 4373 5 4374 5 
1440 4375 21 4376 6 
1441 4377 34 4378 5 
1442 4379 62 4380 8 
1443 4381 7 4382 5 
1444 4383 10 4384 6 
1445 4385 13 4386 6 
1446 4387 5 4388 5 
1447 4389 9 4390 6 
1448 4391 26 4392 12 4393 9 
1449 4394 25 4395 20 
1450 4396 120 4397 7 4398 6 4399 5 
1451 4400 6 4401 6 
1452 4402 18 4403 10 
1453 4404 11 4405 5 
1454 4406 10 4407 6 
1455 4408 15 4409 5 
1456 4410 13 4411 8 
1457 4412 9 4413 5 
1458 4414 35 4415 5 4416 5 
1459 4417 20 4418 7 
1460 4419 21 4420 7 
1461 4421 32 4422 18 4423 12 
1462 4424 50 4425 41 4426 15 4427 15 4428 8 
1463 4429 8 4430 5 
1464 4431 22 4432 6 
1465 4433 10 4434 5 
1466 4435 32 4436 31 4437 13 
1467 4438 11 4439 9 
1468 4440 30 4441 11 4442 6 
1469 4443 27 4444 9 
1470 4445 30 4446 18 
1471 4447 19 4448 14 
1472 4449 22 4450 13 4451 7 
1473 4452 16 4453 14 
1474 4454 29 4455 24 4456 17 
1475 4457 11 4458 11 
1476 4459 28 4460 8 
1477 4461 8 4462 6 
1478 4463 26 4464 11 4465 8 
1479 4466 31 4467 15 
1480 4468 6 4469 5 
1481 4470 21 4471 14 
1482 4472 17 4473 5 
1483 4474 9 4475 8 4476 7 
1484 4477 12 4478 11 4479 6 
1485 4480 33 4481 14 
1486 4482 16 4483 8 
1487 4484 19 4485 6 
1488 4486 17 4487 8 
1489 4488 6 4489 5 4490 5 
1490 4491 9 4492 5 
1491 4493 17 4494 5 
1492 4495 10 4496 7 
1493 4497 13 4498 9 
1494 4499 36 4500 10 
1495 4501 7 4502 6 
1496 4503 7 4504 6 
1497 4505 7 4506 6 
1498 4507 49 4508 10 
1499 4509 18 4510 6 
1500 4511 28 4512 9 
1501 4513 20 4514 9 
1502 4515 44 4516 11 
1503 4517 25 4518 11 4519 8 4520 7 
1504 4521 21 4522 5 
1505 4523 9 4524 5 
1506 4525 8 4526 8 
1507 4527 26 4528 5 
1508 4529 67 4530 17 4531 14 4532 14 4533 14 4534 12 4535 7 
1509 4536 5 4537 5 
1510 4538 88 4539 16 4540 9 4541 9 4542 6 
1511 4543 21 4544 5 
1512 4545 146 4546 11 
1513 4547 6 4548 5 
1514 4549 8 4550 8 4551 5 
1515 4552 10 4553 8 
1516 4554 16 4555 5 
1517 4556 9 4557 7 
1518 4558 9 4559 5 
1519 4560 14 4561 6 
1520 4562 8 4563 7 
1521 4564 9 4565 5 
1522 4566 13 4567 8 
1523 4568 6 4569 5 
1524 4570 22 4571 7 4572 5 
1525 4573 36 4574 17 
1526 4575 140 4576 32 4577 5 
1527 4578 20 4579 13 
1528 4580 62 4581 14 4582 14 
1529 4583 47 4584 6 
1530 4585 10 4586 6 
1531 4587 10 4588 7 
1532 4589 7 4590 6 
1533 4591 12 4592 7 
1534 4593 11 4594 11 4595 8 
1535 4596 6 4597 5 
1536 4598 14 4599 6 
1537 4600 58 4601 13 4602 10 4603 7 
1538 4604 16 4605 7 
1539 4606 88 4607 11 
1540 4608 16 4609 13 
1541 4610 112 4611 10 
1542 4612 35 4613 19 4614 14 
1543 4615 9 4616 8 
1544 4617 20 4618 14 
1545 4619 13 4620 9 
1546 4621 105 4622 38 4623 13 
1547 4624 40 4625 7 
1548 4626 27 4627 19 4628 8 4629 5 
1549 4630 32 4631 7 
1550 4632 49 4633 10 
1551 4634 8 4635 7 
1552 4636 8 4637 5 
1553 4638 11 4639 7 4640 6 
1554 4641 8 4642 5 
1555 4643 10 4644 5 
1556 4645 13 4646 6 
1557 4647 16 4648 6 
1558 4649 20 4650 18 
1559 4651 32 4652 20 
1560 4653 51 4654 7 4655 6 
1561 4656 6 4657 6 
1562 4658 9 4659 9 4660 6 
1563 4661 6 4662 6 
1564 4663 45 4664 7 
1565 4665 8 4666 6 
1566 4667 25 4668 6 
1567 4669 7 4670 5 
1568 4671 8 4672 5 
1569 4673 37 4674 7 
1570 4675 18 4676 5 
1571 4677 17 4678 11 
1572 4679 79 4680 16 4681 9 
1573 4682 13 4683 8 4684 7 4685 6 
1574 4686 10 4687 5 4688 5 
1575 4689 86 4690 5 
1576 4691 12 4692 12 4693 9 4694 6 
1577 4695 6 4696 5 
1578 4697 107 4698 44 4699 36 4700 9 
1579 4701 8 4702 5 
1580 4703 11 4704 5 
1581 4705 6 4706 5 
1582 4707 7 4708 6 
1583 4709 8 4710 6 
1584 4711 12 4712 8 
1585 4713 16 4714 7 4715 7 4716 6 
1586 4717 83 4718 16 4719 7 
1587 4720 10 4721 8 
1588 4722 12 4723 5 
1589 4724 13 4725 11 
1590 4726 28 4727 10 
1591 4728 16 4729 7 4730 5 
1592 4731 33 4732 15 
1593 4733 11 4734 7 
1594 4735 16 4736 14 
1595 4737 7 4738 6 
1596 4739 84 4740 31 
1597 4741 21 4742 13 4743 8 4744 5 4745 5 
1598 4746 6 4747 5 
1599 4748 16 4749 9 
1600 4750 58 4751 54 4752 7 
1601 4753 9 4754 8 
1602 4755 19 4756 11 4757 9 4758 5 
1603 4759 46 4760 13 
1604 4761 13 4762 5 
1605 4763 7 4764 6 
1606 4765 84 4766 22 4767 6 
1607 4768 15 4769 5 
1608 4770 12 4771 9 
1609 4772 7 4773 6 
1610 4774 19 4775 5 
1611 4776 12 4777 9 4778 8 4779 8 
1612 4780 8 4781 6 
1613 4782 9 4783 7 
1614 4784 36 4785 5 
1615 4786 24 4787 11 4788 10 4789 7 
1616 4790 35 4791 11 
1617 4792 40 4793 5 
1618 4794 6 4795 5 
1619 4796 13 4797 10 4798 5 
1620 4799 22 4800 10 4801 5 
1621 4802 9 4803 6 4804 6 
1622 4805 69 4806 37 4807 7 
1623 4808 7 4809 6 
1624 4810 65 4811 34 
1625 4812 6 4813 6 
1626 4814 6 4815 6 
1627 4816 9 4817 5 
1628 4818 9 4819 5 
1629 4820 44 4821 7 
1630 4822 16 4823 6 
1631 4824 10 4825 6 
1632 4826 82 4827 70 4828 17 
1633 4829 19 4830 15 4831 12 
1634 4832 8 4833 5 
1635 4834 39 4835 39 4836 15 4837 6 
1636 4838 7 4839 6 
1637 4840 20 4841 18 4842 11 
1638 4843 52 4844 25 4845 8 
1639 4846 96 4847 15 4848 13 4849 7 
1640 4850 23 4851 6 
1641 4852 20 4853 10 
1642 4854 6 4855 5 
1643 4856 53 4857 9 
1644 4858 13 4859 10 4860 5 
1645 4861 6 4862 6 
1646 4863 11 4864 5 
1647 4865 19 4866 13 
1648 4867 7 4868 5 
1649 4869 15 4870 7 
1650 4871 127 4872 23 4873 8 
1651 4874 8 4875 6 
1652 4876 34 4877 9 
1653 4878 7 4879 7 
1654 4880 8 4881 6 
1655 4882 7 4883 5 
1656 4884 588 4885 293 4886 66 4887 23 4888 6 
1657 4889 22 4890 10 
1658 4891 20 4892 5 
1659 4893 84 4894 30 4895 5 
1660 4896 21 4897 17 4898 14 4899 14 4900 13 4901 13 4902 10 4903 10 4904 9 4905 9 4906 9 4907 9 4908 8 4909 8 4910 7 4911 6 4912 6 4913 6 4914 6 4915 5 4916 5 
1661 4917 20 4918 15 
1662 4919 23 4920 5 
1663 4921 10 4922 5 4923 5 
1664 4924 6 4925 5 
1665 4926 11 4927 11 
1666 4928 13 4929 7 
1667 4930 9 4931 8 4932 5 
1668 4933 17 4934 6 
1669 4935 64 4936 37 
1670 4937 11 4938 9 4939 8 
1671 4940 14 4941 7 
1672 4942 147 4943 98 
1673 4944 58 4945 21 
1674 4946 11 4947 6 
1675 4948 49 4949 24 
1676 4950 163 4951 5 
1677 4952 12 4953 7 
1678 4954 16 4955 7 
1679 4956 8 4957 5 4958 5 
1680 4959 25 4960 18 4961 12 
1681 4962 16 4963 5 
1682 4964 25 4965 16 
1683 4966 16 4967 9 4968 6 
1684 4969 5 4970 5 
1685 4971 11 4972 5 
1686 4973 34 4974 7 
1687 4975 132 4976 31 4977 15 4978 6 
1688 4979 35 4980 12 4981 6 
1689 4982 9 4983 6 
1690 4984 11 4985 10 
1691 4986 25 4987 13 4988 10 4989 7 
1692 4990 124 4991 45 4992 34 4993 8 
1693 4994 51 4995 23 
1694 4996 6 4997 6 
1695 4998 8 4999 7 
1696 5000 17 5001 10 
1697 5002 54 5003 48 5004 45 5005 42 5006 41 5007 36 5008 36 5009 33 5010 31 5011 30 5012 25 5013 24 5014 22 5015 21 5016 20 5017 19 5018 19 5019 15 5020 15 5021 12 5022 11 5023 11 5024 11 5025 10 5026 10 5027 10 5028 10 5029 10 5030 8 5031 7 5032 6 5033 5 5034 5 5035 5 5036 5 5037 5 
1698 5038 13 5039 10 5040 10 
1699 5041 16 5042 15 
1700 5043 9 5044 6 
1701 5045 10 5046 5 
1702 5047 35 5048 12 5049 10 
1703 5050 25 5051 7 
1704 5052 25 5053 6 
1705 5054 79 5055 17 5056 6 
1706 5057 11 5058 9 
1707 5059 6 5060 5 
1708 5061 15 5062 6 
1709 5063 51 5064 11 
1710 5065 171 5066 29 5067 13 5068 6 
1711 5069 35 5070 12 5071 6 
1712 5072 88 5073 12 5074 5 
1713 5075 10 5076 7 
1714 5077 45 5078 24 5079 10 5080 7 5081 5 
1715 5082 27 5083 15 5084 13 
1716 5085 10 5086 6 
1717 5087 51 5088 30 5089 14 
1718 5090 33 5091 12 5092 5 
1719 5093 36 5094 35 5095 5 
1720 5096 19 5097 6 
1721 5098 30 5099 18 5100 6 5101 6 
1722 5102 17 5103 8 5104 8 
1723 5105 169 5106 33 5107 24 
1724 5108 5 5109 5 
1725 5110 18 5111 10 5112 5 
1726 5113 9 5114 5 
1727 5115 10 5116 6 
1728 5117 123 5118 20 
1729 5119 8 5120 5 
1730 5121 27 5122 22 
1731 5123 20 5124 12 5125 11 5126 6 
1732 5127 21 5128 13 
1733 5129 16 5130 16 
1734 5131 21 5132 10 
1735 5133 17 5134 6 
1736 5135 17 5136 11 
1737 5137 57 5138 14 5139 6 
1738 5140 15 5141 6 
1739 5142 8 5143 6 
1740 5144 6 5145 5 
1741 5146 7 5147 5 
1742 5148 46 5149 35 5150 17 5151 9 5152 8 5153 7 
1743 5154 44 5155 11 
1744 5156 16 5157 5 
1745 5158 33 5159 8 
1746 5160 17 5161 5 5162 5 
1747 5163 27 5164 6 
1748 5165 6 5166 6 
1749 5167 19 5168 6 
1750 5169 23 5170 6 
1751 5171 10 5172 10 
1752 5173 16 5174 5 
1753 5175 16 5176 12 
1754 5177 13 5178 12 5179 8 5180 5 
1755 5181 6 5182 5 
1756 5183 6 5184 6 
1757 5185 22 5186 5 
1758 5187 33 5188 24 5189 23 5190 17 5191 8 
1759 5192 113 5193 8 5194 7 
1760 5195 16 5196 13 5197 8 
1761 5198 18 5199 14 5200 8 
1762 5201 48 5202 12 
1763 5203 29 5204 8 
1764 5205 28 5206 21 5207 7 
1765 5208 11 5209 6 
1766 5210 22 5211 7 5212 5 
1767 5213 13 5214 11 
1768 5215 13 5216 5 
1769 5217 7 5218 5 
1770 5219 19 5220 9 
1771 5221 84 5222 22 
1772 5223 6 5224 5 
1773 5225 11 5226 5 
1774 5227 8 5228 5 
1775 5229 9 5230 6 
1776 5231 15 5232 12 5233 6 5234 5 
1777 5235 14 5236 8 
1778 5237 6 5238 5 
1779 5239 7 5240 5 
1780 5241 39 5242 19 
1781 5243 33 5244 30 5245 7 5246 6 5247 5 
1782 5248 5 5249 5 
1783 5250 23 5251 13 
1784 5252 8 5253 5 
1785 5254 10 5255 8 
1786 5256 8 5257 6 
1787 5258 8 5259 6 
1788 5260 6 5261 6 
1789 5262 10 5263 7 
1790 5264 11 5265 5 
1791 5266 25 5267 13 5268 12 
1792 5269 32 5270 7 
1793 5271 6 5272 5 
1794 5273 23 5274 6 
1795 5275 24 5276 5 
1796 5277 60 5278 38 
1797 5279 23 5280 7 5281 6 
1798 5282 106 5283 21 5284 14 5285 13 5286 8 5287 6 
1799 5288 20 5289 19 
1800 5290 13 5291 11 
1801 5292 9 5293 5 
1802 5294 5 5295 5 
1803 5296 6 5297 5 
1804 5298 74 5299 7 
1805 5300 550 5301 73 5302 33 5303 28 5304 5 
1806 5305 14 5306 11 5307 5 
1807 5308 12 5309 10 
1808 5310 66 5311 38 5312 7 5313 6 5314 5 
1809 5315 6 5316 5 
1810 5317 12 5318 5 
1811 5319 5 5320 5 5321 5 
1812 5322 48 5323 7 
1813 5324 22 5325 11 5326 11 5327 6 5328 5 
1814 5329 185 5330 72 5331 24 5332 15 5333 12 5334 9 5335 8 5336 7 5337 6 
1815 5338 37 5339 24 5340 7 5341 7 5342 6 
1816 5343 29 5344 13 
1817 5345 33 5346 16 
1818 5347 12 5348 8 5349 7 
1819 5350 45 5351 9 
1820 5352 22 5353 7 5354 6 
1821 5355 146 5356 5 
1822 5357 316 5358 65 5359 8 5360 7 
1823 5361 55 5362 20 5363 6 
1824 5364 15 5365 7 
1825 5366 71 5367 5 
1826 5368 11 5369 6 
1827 5370 21 5371 8 
1828 5372 27 5373 14 
1829 5374 13 5375 7 5376 6 
1830 5377 9 5378 7 
1831 5379 24 5380 15 5381 5 
1832 5382 11 5383 9 5384 6 
1833 5385 13 5386 7 
1834 5387 9 5388 5 
1835 5389 5 5390 5 
1836 5391 7 5392 6 
1837 5393 72 5394 10 5395 7 
1838 5396 61 5397 6 
1839 5398 7 5399 6 
1840 5400 22 5401 6 
1841 5402 12 5403 11 
1842 5404 27 5405 9 
1843 5406 19 5407 9 5408 7 
1844 5409 90 5410 19 
1845 5411 24 5412 9 
1846 5413 11 5414 9 
1847 5415 7 5416 5 
1848 5417 73 5418 9 
1849 5419 5 5420 5 
1850 5421 47 5422 5 
1851 5423 15 5424 7 
1852 5425 39 5426 17 5427 6 
1853 5428 73 5429 17 
1854 5430 56 5431 15 5432 7 
1855 5433 30 5434 10 5435 7 5436 6 
1856 5437 7 5438 6 
1857 5439 12 5440 6 
1858 5441 8 5442 6 
1859 5443 8 5444 5 
1860 5445 35 5446 29 5447 6 5448 5 
1861 5449 115 5450 29 5451 18 5452 6 
1862 5453 19 5454 5 
1863 5455 25 5456 22 5457 6 5458 5 
1864 5459 12 5460 5 
1865 5461 15 5462 5 
1866 5463 11 5464 7 
1867 5465 11 5466 8 5467 5 5468 5 
1868 5469 54 5470 19 5471 9 5472 9 
1869 5473 10 5474 5 
1870 5475 25 5476 13 
1871 5477 30 5478 6 
1872 5479 22 5480 6 
1873 5481 32 5482 5 
1874 5483 15 5484 5 
1875 5485 11 5486 7 
1876 5487 35 5488 10 
1877 5489 17 5490 7 
1878 5491 6 5492 5 
1879 5493 11 5494 9 5495 6 
1880 5496 21 5497 14 
1881 5498 50 5499 44 5500 39 5501 22 5502 15 5503 5 
1882 5504 59 5505 39 5506 8 
1883 5507 13 5508 5 
1884 5509 15 5510 12 
1885 5511 13 5512 7 
1886 5513 14 5514 10 
1887 5515 12 5516 6 
1888 5517 18 5518 8 5519 5 
1889 5520 167 5521 41 5522 24 5523 7 5524 5 
1890 5525 8 5526 6 
1891 5527 37 5528 15 5529 11 
1892 5530 23 5531 14 
1893 5532 6 5533 5 
1894 5534 19 5535 7 5536 5 
1895 5537 14 5538 7 
1896 5539 9 5540 5 
1897 5541 17 5542 13 5543 9 
1898 5544 11 5545 5 
1899 5546 15 5547 12 
1900 5548 13 5549 8 
1901 5550 8 5551 5 
1902 5552 267 5553 16 
1903 5554 7 5555 6 5556 5 
1904 5557 17 5558 15 5559 10 5560 6 
1905 5561 7 5562 7 
1906 5563 6 5564 5 
1907 5565 16 5566 9 
1908 5567 346 5568 22 5569 12 
1909 5570 21 5571 18 5572 6 
1910 5573 73 5574 20 5575 18 5576 6 5577 5 
1911 5578 17 5579 11 
1912 5580 16 5581 7 
1913 5582 7 5583 6 
1914 5584 75 5585 10 
1915 5586 16 5587 12 
1916 5588 56 5589 15 
1917 5590 13 5591 9 5592 8 
1918 5593 19 5594 8 5595 5 
1919 5596 33 5597 6 
1920 5598 32 5599 29 5600 16 
1921 5601 147 5602 14 5603 6 
1922 5604 63 5605 16 5606 10 
1923 5607 9 5608 8 5609 5 
1924 5610 43 5611 19 
1925 5612 18 5613 9 
1926 5614 6 5615 5 
1927 5616 25 5617 6 
1928 5618 9 5619 6 
1929 5620 9 5621 7 
1930 5622 9 5623 6 5624 5 
1931 5625 8 5626 7 
1932 5627 123 5628 21 5629 11 5630 6 
1933 5631 15 5632 5 
1934 5633 11 5634 9 5635 5 
1935 5636 6 5637 6 
1936 5638 21 5639 17 
1937 5640 71 5641 17 5642 10 5643 6 
1938 5644 11 5645 5 
1939 5646 39 5647 7 
1940 5648 12 5649 11 
1941 5650 44 5651 8 
1942 5652 7 5653 5 
1943 5654 18 5655 7 
1944 5656 23 5657 9 
1945 5658 27 5659 12 
1946 5660 11 5661 5 
1947 5662 7 5663 5 
1948 5664 21 5665 8 5666 5 
1949 5667 8 5668 5 
1950 5669 5 5670 5 
1951 5671 21 5672 10 
1952 5673 10 5674 7 
1953 5675 21 5676 7 
1954 5677 9 5678 5 
1955 5679 18 5680 9 
1956 5681 9 5682 8 
1957 5683 7 5684 6 
1958 5685 7 5686 6 
1959 5687 12 5688 5 5689 5 5690 5 
1960 5691 7 5692 6 
1961 5693 7 5694 7 5695 6 
1962 5696 15 5697 9 
1963 5698 6 5699 5 
1964 5700 24 5701 22 
1965 5702 52 5703 8 5704 6 
1966 5705 6 5706 5 
1967 5707 36 5708 12 5709 6 
1968 5710 37 5711 24 5712 13 5713 13 5714 5 
1969 5715 38 5716 8 
1970 5717 10 5718 6 5719 6 5720 6 
1971 5721 7 5722 5 
1972 5723 19 5724 16 
1973 5725 32 5726 8 
1974 5727 14 5728 7 
1975 5729 28 5730 8 
1976 5731 16 5732 14 5733 8 5734 6 5735 5 
1977 5736 7 5737 6 5738 6 
1978 5739 28 5740 14 
1979 5741 11 5742 9 
1980 5743 50 5744 7 
1981 5745 25 5746 13 
1982 5747 20 5748 8 
1983 5749 40 5750 19 5751 8 5752 6 
1984 5753 17 5754 5 5755 5 
1985 5756 57 5757 9 
1986 5758 9 5759 5 
1987 5760 80 5761 12 5762 9 
1988 5763 69 5764 11 
1989 5765 13 5766 7 
1990 5767 48 5768 10 5769 6 
1991 5770 34 5771 10 
1992 5772 26 5773 11 
1993 5774 46 5775 14 
1994 5776 13 5777 12 
1995 5778 7 5779 7 5780 6 
1996 5781 31 5782 12 
1997 5783 15 5784 5 
1998 5785 30 5786 12 5787 9 
1999 5788 8 5789 7 
2000 5790 8 5791 6 
2001 5792 271 5793 164 5794 24 5795 10 
2002 5796 11 5797 5 
2003 5798 18 5799 8 5800 5 
2004 5801 96 5802 12 
2005 5803 5 5804 5 
2006 5805 17 5806 10 
2007 5807 10 5808 8 
2008 5809 372 5810 45 5811 19 
2009 5812 8 5813 7 
2010 5814 19 5815 12 
2011 5816 23 5817 5 
2012 5818 26 5819 9 
2013 5820 12 5821 7 5822 6 
2014 5823 114 5824 20 
2015 5825 9 5826 5 
2016 5827 201 5828 76 5829 13 5830 9 5831 9 
2017 5832 31 5833 5 
2018 5834 98 5835 8 
2019 5836 45 5837 5 
2020 5838 23 5839 12 
2021 5840 8 5841 6 
2022 5842 15 5843 9 
2023 5844 16 5845 7 
2024 5846 25 5847 7 
2025 5848 24 5849 10 5850 9 
2026 5851 34 5852 26 5853 11 5854 6 
2027 5855 9 5856 5 
2028 5857 26 5858 9 
2029 5859 41 5860 35 5861 31 
2030 5862 27 5863 21 5864 5 
2031 5865 12 5866 7 5867 5 
2032 5868 10 5869 8 
2033 5870 21 5871 7 5872 6 
2034 5873 12 5874 5 
2035 5875 78 5876 13 5877 9 
2036 5878 21 5879 5 
2037 5880 30 5881 23 5882 5 
2038 5883 5 5884 5 
2039 5885 5 5886 5 
2040 5887 10 5888 7 5889 7 
2041 5890 14 5891 7 
2042 5892 55 5893 10 5894 6 
2043 5895 7 5896 5 
2044 5897 15 5898 10 5899 6 
2045 5900 6 5901 5 
2046 5902 177 5903 5 
2047 5904 47 5905 42 5906 33 5907 6 5908 6 
2048 5909 15 5910 14 5911 6 
2049 5912 12 5913 10 5914 10 
2050 5915 7 5916 6 
2051 5917 28 5918 17 5919 5 
2052 5920 8 5921 8 5922 8 5923 7 5924 6 5925 5 
2053 5926 29 5927 8 
2054 5928 183 5929 25 5930 20 5931 7 5932 5 
2055 5933 17 5934 11 5935 10 5936 8 
2056 5937 10 5938 5 
2057 5939 8 5940 6 
2058 5941 17 5942 10 
2059 5943 18 5944 7 
2060 5945 14 5946 9 
2061 5947 26 5948 7 
2062 5949 15 5950 5 
2063 5951 429 5952 18 5953 17 5954 15 5955 5 5956 5 
2064 5957 46 5958 37 
2065 5959 17 5960 5 
2066 5961 6 5962 5 
2067 5963 14 5964 5 
2068 5965 62 5966 19 5967 5 5968 5 
2069 5969 16 5970 6 
2070 5971 69 5972 33 
2071 5973 10 5974 5 
2072 5975 7 5976 7 
2073 5977 12 5978 8 
2074 5979 15 5980 7 
2075 5981 21 5982 16 
2076 5983 7 5984 6 
2077 5985 10 5986 8 
2078 5987 53 5988 7 
2079 5989 9 5990 6 5991 5 
2080 5992 9 5993 5 
2081 5994 21 5995 5 
2082 5996 18 5997 5 
2083 5998 22 5999 11 
2084 6000 10 6001 9 
2085 6002 30 6003 16 
2086 6004 23 6005 18 
2087 6006 42 6007 19 
2088 6008 38 6009 27 
2089 6010 37 6011 16 6012 12 
2090 6013 23 6014 10 
2091 6015 51 6016 47 6017 18 6018 12 
2092 6019 9 6020 5 
2093 6021 9 6022 5 
2094 6023 204 6024 20 6025 15 6026 5 6027 5 
2095 6028 35 6029 27 6030 6 
2096 6031 9 6032 7 6033 6 
2097 6034 14 6035 11 
2098 6036 20 6037 11 6038 5 
2099 6039 97 6040 8 6041 5 
2100 6042 15 6043 6 
2101 6044 16 6045 7 
2102 6046 58 6047 24 6048 16 6049 8 
2103 6050 7 6051 6 6052 5 
2104 6053 108 6054 17 6055 13 
2105 6056 24 6057 6 
2106 6058 60 6059 11 
2107 6060 28 6061 15 6062 8 6063 5 
2108 6064 45 6065 13 6066 9 6067 8 6068 7 6069 5 
2109 6070 95 6071 26 6072 13 6073 9 6074 6 
2110 6075 10 6076 8 
2111 6077 38 6078 15 6079 14 6080 7 
2112 6081 239 6082 48 6083 22 
2113 6084 27 6085 27 6086 13 
2114 6087 14 6088 11 
2115 6089 9 6090 7 6091 5 
2116 6092 350 6093 149 6094 49 6095 36 6096 12 
2117 6097 17 6098 17 
2118 6099 30 6100 5 
2119 6101 20 6102 5 
2120 6103 132 6104 18 6105 6 
2121 6106 43 6107 12 6108 11 
2122 6109 20 6110 12 
2123 6111 40 6112 7 6113 5 
2124 6114 11 6115 5 6116 5 
2125 6117 13 6118 6 
2126 6119 25 6120 6 
2127 6121 8 6122 7 
2128 6123 18 6124 6 
2129 6125 29 6126 9 
2130 6127 17 6128 16 
2131 6129 53 6130 10 6131 6 6132 6 
2132 6133 15 6134 5 
2133 6135 30 6136 5 
2134 6137 20 6138 7 6139 7 6140 5 6141 5 
2135 6142 6 6143 5 
2136 6144 6 6145 5 
2137 6146 5 6147 5 
2138 6148 27 6149 16 6150 11 
2139 6151 15 6152 6 6153 6 6154 5 
2140 6155 13 6156 9 
2141 6157 22 6158 10 
2142 6159 61 6160 17 
2143 6161 9 6162 5 
2144 6163 23 6164 8 
2145 6165 11 6166 8 6167 8 
2146 6168 27 6169 7 
2147 6170 7 6171 6 
2148 6172 16 6173 9 
2149 6174 11 6175 6 
2150 6176 28 6177 13 6178 7 
2151 6179 30 6180 9 
2152 6181 11 6182 6 
2153 6183 20 6184 5 
2154 6185 19 6186 10 
2155 6187 12 6188 8 6189 6 
2156 6190 7 6191 5 
2157 6192 64 6193 50 6194 10 
2158 6195 13 6196 6 
2159 6197 9 6198 8 6199 7 
2160 6200 9 6201 5 
2161 6202 9 6203 6 
2162 6204 48 6205 21 6206 9 6207 5 
2163 6208 9 6209 5 
2164 6210 23 6211 8 
2165 6212 28 6213 13 6214 13 
2166 6215 21 6216 10 
2167 6217 6 6218 6 
2168 6219 19 6220 16 
2169 6221 8 6222 7 
2170 6223 9 6224 6 
2171 6225 24 6226 6 
2172 6227 39 6228 33 
2173 6229 6 6230 5 
2174 6231 80 6232 24 6233 6 
2175 6234 12 6235 9 
2176 6236 8 6237 6 6238 5 
2177 6239 15 6240 13 
2178 6241 7 6242 6 
2179 6243 19 6244 11 
2180 6245 27 6246 10 
2181 6247 11 6248 8 
2182 6249 11 6250 7 6251 7 
2183 6252 53 6253 10 6254 8 
2184 6255 6 6256 5 
2185 6257 14 6258 6 
2186 6259 127 6260 10 6261 6 
2187 6262 68 6263 11 6264 11 
2188 6265 6 6266 5 6267 5 
2189 6268 45 6269 13 
2190 6270 37 6271 15 
2191 6272 6 6273 6 
2192 6274 9 6275 7 
2193 6276 10 6277 5 
2194 6278 7 6279 6 
2195 6280 6 6281 6 
2196 6282 8 6283 7 
2197 6284 23 6285 6 
2198 6286 13 6287 10 6288 8 6289 7 
2199 6290 5 6291 5 
2200 6292 434 6293 28 6294 22 6295 20 6296 19 6297 6 
2201 6298 152 6299 73 
2202 6300 7 6301 5 
2203 6302 7 6303 5 
2204 6304 112 6305 18 6306 9 
2205 6307 32 6308 15 
2206 6309 22 6310 12 6311 11 6312 7 
2207 6313 5 6314 5 
2208 6315 5 6316 5 
2209 6317 65 6318 11 
2210 6319 16 6320 12 
2211 6321 64 6322 6 6323 5 
2212 6324 362 6325 40 6326 16 6327 11 6328 10 6329 5 
2213 6330 8 6331 5 
2214 6332 16 6333 14 
2215 6334 16 6335 6 
2216 6336 7 6337 5 
2217 6338 6 6339 5 
2218 6340 14 6341 12 
2219 6342 15 6343 9 
2220 6344 13 6345 8 
2221 6346 9 6347 6 
2222 6348 19 6349 12 6350 7 6351 6 6352 5 
2223 6353 114 6354 29 6355 6 
2224 6356 7 6357 7 6358 5 
2225 6359 76 6360 10 
2226 6361 48 6362 15 6363 9 
2227 6364 43 6365 23 6366 15 6367 6 
2228 6368 8 6369 5 
2229 6370 15 6371 6 
2230 6372 13 6373 6 
2231 6374 8 6375 7 6376 6 6377 5 
2232 6378 14 6379 9 
2233 6380 51 6381 6 
2234 6382 19 6383 13 
2235 6384 38 6385 19 6386 6 
2236 6387 5 6388 5 
2237 6389 9 6390 8 6391 6 
2238 6392 5 6393 5 
2239 6394 11 6395 8 
2240 6396 7 6397 6 
2241 6398 18 6399 8 6400 5 
2242 6401 11 6402 5 
2243 6403 7 6404 5 6405 5 
2244 6406 178 6407 6 
2245 6408 10 6409 8 
2246 6410 13 6411 5 
2247 6412 25 6413 10 
2248 6414 6 6415 5 
2249 6416 15 6417 6 
2250 6418 17 6419 5 
2251 6420 7 6421 5 
2252 6422 25 6423 14 6424 8 
2253 6425 14 6426 8 6427 7 
2254 6428 6 6429 5 
2255 6430 10 6431 7 6432 7 
2256 6433 8 6434 6 
2257 6435 10 6436 7 
2258 6437 10 6438 7 
2259 6439 12 6440 7 
2260 6441 10 6442 9 
2261 6443 90 6444 29 6445 9 6446 8 6447 6 6448 5 
2262 6449 70 6450 11 
2263 6451 10 6452 6 
2264 6453 19 6454 11 
2265 6455 6 6456 5 
2266 6457 37 6458 9 
2267 6459 6 6460 5 
2268 6461 22 6462 8 
2269 6463 32 6464 5 
2270 6465 11 6466 9 
2271 6467 25 6468 5 
2272 6469 8 6470 8 
2273 6471 8 6472 7 
2274 6473 12 6474 5 
2275 6475 31 6476 17 6477 10 6478 10 
2276 6479 30 6480 10 6481 6 
2277 6482 13 6483 7 
2278 6484 55 6485 40 6486 12 
2279 6487 12 6488 7 6489 6 
2280 6490 49 6491 9 6492 6 
2281 6493 8 6494 7 6495 5 
2282 6496 6 6497 5 
2283 6498 8 6499 6 
2284 6500 14 6501 5 
2285 6502 13 6503 7 
2286 6504 457 6505 23 
2287 6506 7 6507 6 
2288 6508 18 6509 7 6510 5 
2289 6511 21 6512 9 
2290 6513 17 6514 15 
2291 6515 30 6516 20 
2292 6517 8 6518 7 
2293 6519 7 6520 6 
2294 6521 35 6522 21 6523 8 
2295 6524 23 6525 15 
2296 6526 35 6527 24 6528 10 
2297 6529 8 6530 5 6531 5 
2298 6532 14 6533 7 6534 6 
2299 6535 36 6536 6 
2300 6537 8 6538 8 6539 5 
2301 6540 9 6541 8 
2302 6542 7 6543 7 
2303 6544 10 6545 6 
2304 6546 25 6547 23 6548 19 6549 12 6550 10 6551 6 
2305 6552 32 6553 11 
2306 6554 8 6555 6 6556 6 
2307 6557 10 6558 5 
2308 6559 65 6560 15 6561 7 6562 6 
2309 6563 15 6564 5 6565 5 
2310 6566 10 6567 5 
2311 6568 14 6569 6 
2312 6570 11 6571 5 
2313 6572 16 6573 7 6574 5 
2314 6575 26 6576 22 6577 10 
2315 6578 355 6579 23 6580 16 6581 15 6582 10 
2316 6583 11 6584 5 
2317 6585 24 6586 11 
2318 6587 13 6588 7 
2319 6589 12 6590 8 
2320 6591 72 6592 5 
2321 6593 280 6594 93 6595 49 
2322 6596 62 6597 52 6598 36 
2323 6599 7 6600 5 
2324 6601 8 6602 8 
2325 6603 25 6604 8 
2326 6605 8 6606 5 
2327 6607 343 6608 80 6609 21 6610 16 6611 10 6612 5 
2328 6613 14 6614 5 
2329 6615 9 6616 5 
2330 6617 56 6618 30 
2331 6619 14 6620 5 
2332 6621 7 6622 5 
2333 6623 16 6624 6 
2334 6625 12 6626 5 6627 5 
2335 6628 26 6629 10 6630 9 
2336 6631 75 6632 8 
2337 6633 12 6634 7 
2338 6635 21 6636 9 
2339 6637 30 6638 21 6639 15 6640 6 
2340 6641 10 6642 9 
2341 6643 32 6644 7 6645 6 
2342 6646 7 6647 7 
2343 6648 27 6649 7 
2344 6650 185 6651 8 6652 6 
2345 6653 27 6654 12 
2346 6655 70 6656 6 
2347 6657 12 6658 8 
2348 6659 41 6660 7 
2349 6661 22 6662 9 
2350 6663 22 6664 11 6665 7 
2351 6666 13 6667 5 
2352 6668 7 6669 5 
2353 6670 11 6671 8 
2354 6672 20 6673 17 
2355 6674 23 6675 7 6676 7 
2356 6677 5 6678 5 
2357 6679 22 6680 14 6681 7 6682 5 
2358 6683 42 6684 20 
2359 6685 7 6686 5 
2360 6687 159 6688 65 6689 30 6690 9 6691 6 
2361 6692 10 6693 9 
2362 6694 8 6695 5 
2363 6696 15 6697 9 
2364 6698 14 6699 7 
2365 6700 33 6701 7 6702 7 
2366 6703 30 6704 14 6705 7 
2367 6706 13 6707 8 6708 6 
2368 6709 17 6710 7 
2369 6711 18 6712 9 
2370 6713 32 6714 9 6715 9 
2371 6716 6 6717 6 
2372 6718 34 6719 9 
2373 6720 30 6721 22 6722 13 6723 10 6724 9 
2374 6725 13 6726 6 
2375 6727 30 6728 6 6729 6 
2376 6730 23 6731 7 
2377 6732 9 6733 5 
2378 6734 7 6735 6 
2379 6736 13 6737 6 6738 5 
2380 6739 8 6740 5 
2381 6741 32 6742 31 6743 29 6744 18 6745 16 6746 15 6747 14 6748 12 6749 11 6750 10 6751 9 6752 9 6753 8 6754 8 6755 7 
2382 6756 19 6757 12 
2383 6758 18 6759 11 
2384 6760 39 6761 7 6762 5 6763 5 
2385 6764 56 6765 16 6766 6 
2386 6767 29 6768 7 
2387 6769 157 6770 28 6771 19 6772 18 6773 16 6774 6 
2388 6775 26 6776 24 6777 15 6778 8 
2389 6779 86 6780 5 
2390 6781 150 6782 105 6783 13 6784 7 6785 6 
2391 6786 50 6787 32 
2392 6788 38 6789 19 
2393 6790 11 6791 5 
2394 6792 27 6793 6 
2395 6794 31 6795 9 6796 8 6797 6 
2396 6798 34 6799 16 
2397 6800 13 6801 5 
2398 6802 60 6803 9 
2399 6804 26 6805 7 
2400 6806 39 6807 10 6808 5 
2401 6809 84 6810 77 6811 57 6812 31 
2402 6813 151 6814 45 
2403 6815 34 6816 15 
2404 6817 10 6818 9 
2405 6819 22 6820 6 
2406 6821 7 6822 5 
2407 6823 44 6824 9 6825 6 6826 5 6827 5 
2408 6828 16 6829 5 
2409 6830 6 6831 5 
2410 6832 8 6833 8 6834 6 
2411 6835 8 6836 7 6837 5 
2412 6838 35 6839 16 
2413 6840 12 6841 9 
2414 6842 31 6843 23 6844 9 6845 8 
2415 6846 17 6847 6 
2416 6848 20 6849 14 
2417 6850 5 6851 5 
2418 6852 22 6853 20 6854 18 6855 6 6856 6 
2419 6857 8 6858 6 
2420 6859 77 6860 11 
2421 6861 112 6862 11 6863 9 6864 5 
2422 6865 14 6866 8 6867 5 
2423 6868 32 6869 5 
2424 6870 12 6871 7 
2425 6872 15 6873 8 
2426 6874 32 6875 6 6876 5 
2427 6877 10 6878 6 6879 5 
2428 6880 28 6881 17 
2429 6882 12 6883 7 
2430 6884 10 6885 7 
2431 6886 19 6887 8 6888 7 6889 5 
2432 6890 8 6891 7 
2433 6892 17 6893 7 
2434 6894 17 6895 6 
2435 6896 14 6897 5 
2436 6898 14 6899 6 
2437 6900 139 6901 21 6902 13 6903 9 6904 6 
2438 6905 24 6906 15 
2439 6907 11 6908 5 
2440 6909 51 6910 8 
2441 6911 6 6912 5 
2442 6913 6 6914 5 
2443 6915 42 6916 16 6917 11 6918 7 6919 6 6920 5 
2444 6921 6 6922 5 
2445 6923 30 6924 8 6925 6 
2446 6926 20 6927 6 6928 5 
2447 6929 25 6930 16 6931 5 6932 5 
2448 6933 15 6934 5 
2449 6935 14 6936 12 
2450 6937 36 6938 6 
2451 6939 37 6940 5 6941 5 
2452 6942 10 6943 8 6944 7 
2453 6945 24 6946 5 
2454 6947 51 6948 38 
2455 6949 9 6950 5 
2456 6951 14 6952 9 
2457 6953 13 6954 9 6955 6 
2458 6956 27 6957 24 6958 10 6959 5 
2459 6960 14 6961 10 
2460 6962 21 6963 5 
2461 6964 19 6965 5 
2462 6966 8 6967 5 
2463 6968 8 6969 6 6970 6 
2464 6971 17 6972 6 
2465 6973 74 6974 14 6975 10 
2466 6976 7 6977 7 
2467 6978 25 6979 19 
2468 6980 15 6981 6 
2469 6982 29 6983 7 6984 6 
2470 6985 13 6986 12 
2471 6987 6 6988 6 
2472 6989 16 6990 9 
2473 6991 19 6992 6 
2474 6993 15 6994 8 
2475 6995 93 6996 28 
2476 6997 20 6998 6 
2477 6999 25 7000 8 
2478 7001 5 7002 5 
2479 7003 17 7004 5 
2480 7005 8 7006 5 
2481 7007 11 7008 7 
2482 7009 13 7010 12 
2483 7011 19 7012 12 
2484 7013 48 7014 14 7015 6 
2485 7016 24 7017 5 
2486 7018 12 7019 9 7020 5 
2487 7021 13 7022 6 
2488 7023 30 7024 11 7025 8 
2489 7026 5 7027 5 
2490 7028 18 7029 7 7030 6 
2491 7031 13 7032 5 
2492 7033 15 7034 8 
2493 7035 21 7036 7 
2494 7037 9 7038 5 7039 5 
2495 7040 29 7041 6 7042 5 
2496 7043 14 7044 6 7045 5 
2497 7046 9 7047 7 
2498 7048 17 7049 13 7050 8 7051 7 
2499 7052 21 7053 8 
2500 7054 44 7055 5 
2501 7056 8 7057 5 
2502 7058 12 7059 12 
2503 7060 14 7061 5 
2504 7062 79 7063 36 
2505 7064 15 7065 11 
2506 7066 58 7067 20 
2507 7068 75 7069 28 
2508 7070 159 7071 89 7072 6 7073 6 
2509 7074 6 7075 6 
2510 7076 8 7077 6 
2511 7078 25 7079 5 
2512 7080 8 7081 5 
2513 7082 25 7083 12 
2514 7084 151 7085 13 7086 8 7087 5 
2515 7088 16 7089 7 
2516 7090 15 7091 5 
2517 7092 8 7093 6 
2518 7094 10 7095 8 
2519 7096 9 7097 6 
2520 7098 7 7099 5 
2521 7100 57 7101 25 7102 8 7103 5 
2522 7104 10 7105 5 
2523 7106 8 7107 8 
2524 7108 107 7109 12 7110 9 7111 6 
2525 7112 13 7113 8 
2526 7114 7 7115 6 
2527 7116 23 7117 5 
2528 7118 40 7119 24 
2529 7120 22 7121 16 7122 10 
2530 7123 24 7124 10 7125 7 
2531 7126 18 7127 6 
2532 7128 13 7129 5 
2533 7130 11 7131 5 
2534 7132 15 7133 7 
2535 7134 8 7135 5 
2536 7136 187 7137 81 7138 11 7139 7 7140 6 
2537 7141 18 7142 6 
2538 7143 11 7144 6 
2539 7145 47 7146 36 7147 11 7148 5 
2540 7149 17 7150 6 
2541 7151 39 7152 10 7153 5 
2542 7154 17 7155 8 
2543 7156 16 7157 6 
2544 7158 7 7159 5 
2545 7160 23 7161 10 
2546 7162 9 7163 8 
2547 7164 12 7165 7 
2548 7166 33 7167 19 
2549 7168 7 7169 6 
2550 7170 28 7171 8 
2551 7172 12 7173 9 
2552 7174 13 7175 6 
2553 7176 12 7177 7 
2554 7178 141 7179 48 
2555 7180 5 7181 5 
2556 7182 36 7183 13 
2557 7184 22 7185 7 
2558 7186 74 7187 23 7188 12 
2559 7189 7 7190 6 
2560 7191 9 7192 6 
2561 7193 7 7194 5 
2562 7195 17 7196 13 
2563 7197 13 7198 8 
2564 7199 28 7200 5 7201 5 
2565 7202 9 7203 7 
2566 7204 10 7205 5 
2567 7206 15 7207 6 
2568 7208 16 7209 10 
2569 7210 7 7211 5 
2570 7212 33 7213 15 7214 8 
2571 7215 21 7216 6 7217 5 
2572 7218 27 7219 7 
2573 7220 12 7221 5 
2574 7222 5 7223 5 
2575 7224 9 7225 9 7226 7 
2576 7227 12 7228 6 
2577 7229 6 7230 5 
2578 7231 6 7232 5 
2579 7233 16 7234 5 
2580 7235 23 7236 14 7237 7 
2581 7238 28 7239 6 
2582 7240 29 7241 6 
2583 7242 10 7243 8 
2584 7244 10 7245 7 
2585 7246 7 7247 7 
2586 7248 25 7249 17 7250 7 7251 5 
2587 7252 27 7253 25 7254 9 7255 7 
2588 7256 65 7257 6 
2589 7258 22 7259 13 7260 7 
2590 7261 23 7262 6 
2591 7263 7 7264 5 
2592 7265 15 7266 6 7267 5 
2593 7268 8 7269 5 
2594 7270 55 7271 29 7272 8 7273 6 
2595 7274 19 7275 6 
2596 7276 22 7277 7 
2597 7278 13 7279 10 
2598 7280 15 7281 8 7282 5 
2599 7283 27 7284 20 
2600 7285 13 7286 12 
2601 7287 11 7288 8 
2602 7289 18 7290 9 
2603 7291 10 7292 8 
2604 7293 14 7294 9 
2605 7295 10 7296 10 
2606 7297 8 7298 8 
2607 7299 16 7300 10 
2608 7301 48 7302 34 
2609 7303 2296 7304 73 7305 43 7306 28 7307 19 7308 13 7309 11 
2610 7310 220 7311 107 7312 16 7313 15 7314 8 
2611 7315 115 7316 41 7317 10 
2612 7318 19 7319 6 
2613 7320 6 7321 5 
2614 7322 11 7323 6 
2615 7324 9 7325 5 
2616 7326 14 7327 9 7328 9 
2617 7329 44 7330 24 7331 16 
2618 7332 9 7333 5 
2619 7334 10 7335 5 
2620 7336 25 7337 15 
2621 7338 8 7339 7 
2622 7340 9 7341 8 
2623 7342 20 7343 7 
2624 7344 13 7345 6 
2625 7346 14 7347 5 
2626 7348 10 7349 7 
2627 7350 14 7351 13 
2628 7352 40 7353 19 
2629 7354 30 7355 8 
2630 7356 22 7357 5 
2631 7358 98 7359 68 7360 10 7361 7 
2632 7362 23 7363 6 
2633 7364 9 7365 8 
2634 7366 24 7367 10 7368 7 
2635 7369 29 7370 7 7371 5 
2636 7372 5 7373 5 
2637 7374 77 7375 29 7376 14 
2638 7377 15 7378 10 7379 9 
2639 7380 8 7381 5 
2640 7382 27 7383 6 
2641 7384 43 7385 9 
2642 7386 10 7387 6 
2643 7388 17 7389 13 
2644 7390 37 7391 17 7392 5 
2645 7393 9 7394 6 
2646 7395 129 7396 86 7397 7 
2647 7398 8 7399 7 
2648 7400 10 7401 5 
2649 7402 21 7403 15 7404 6 
2650 7405 16 7406 5 
2651 7407 14 7408 6 
2652 7409 11 7410 9 
2653 7411 21 7412 14 
2654 7413 12 7414 6 
2655 7415 14 7416 10 
2656 7417 25 7418 9 7419 5 
2657 7420 14 7421 7 
2658 7422 16 7423 9 
2659 7424 9 7425 5 
2660 7426 19 7427 13 7428 6 
2661 7429 12 7430 8 
2662 7431 23 7432 14 
2663 7433 11 7434 6 
2664 7435 35 7436 7 7437 7 
2665 7438 41 7439 6 
2666 7440 13 7441 6 7442 5 
2667 7443 7 7444 6 
2668 7445 18 7446 11 7447 8 
2669 7448 60 7449 11 
2670 7450 6 7451 6 
2671 7452 9 7453 8 
2672 7454 16 7455 12 
2673 7456 7 7457 5 
2674 7458 40 7459 21 7460 21 
2675 7461 7 7462 5 
2676 7463 18 7464 10 
2677 7465 23 7466 5 
2678 7467 9 7468 7 
2679 7469 23 7470 14 7471 7 
2680 7472 28 7473 11 7474 9 
2681 7475 11 7476 9 
2682 7477 10 7478 6 
2683 7479 8 7480 6 7481 6 
2684 7482 12 7483 6 
2685 7484 7 7485 5 
2686 7486 44 7487 6 
2687 7488 22 7489 21 7490 6 
2688 7491 10 7492 10 
2689 7493 20 7494 19 7495 8 
2690 7496 18 7497 14 
2691 7498 6 7499 5 
2692 7500 6 7501 6 
2693 7502 22 7503 7 
2694 7504 45 7505 14 
2695 7506 28 7507 6 
2696 7508 37 7509 5 
2697 7510 10 7511 7 
2698 7512 17 7513 6 
2699 7514 18 7515 6 
2700 7516 20 7517 19 
2701 7518 28 7519 6 
2702 7520 19 7521 9 
2703 7522 13 7523 6 
2704 7524 27 7525 13 7526 12 7527 5 
2705 7528 15 7529 6 
2706 7530 6 7531 5 
2707 7532 6 7533 6 7534 5 
2708 7535 10 7536 9 
2709 7537 21 7538 6 
2710 7539 10 7540 6 
2711 7541 13 7542 12 
2712 7543 9 7544 7 
2713 7545 16 7546 8 
2714 7547 35 7548 7 
2715 7549 18 7550 11 7551 11 
2716 7552 9 7553 5 
2717 7554 14 7555 6 
2718 7556 15 7557 8 
2719 7558 15 7559 10 7560 8 7561 5 
2720 7562 13 7563 5 
2721 7564 14 7565 5 
2722 7566 16 7567 11 
2723 7568 9 7569 6 7570 5 
2724 7571 8 7572 7 
2725 7573 8 7574 8 
2726 7575 9 7576 5 
2727 7577 27 7578 18 7579 8 7580 6 
2728 7581 64 7582 9 
2729 7583 8 7584 7 
2730 7585 37 7586 15 7587 8 7588 7 
2731 7589 58 7590 22 
2732 7591 16 7592 5 
2733 7593 34 7594 15 
2734 7595 10 7596 5 
2735 7597 13 7598 8 7599 5 
2736 7600 25 7601 6 
2737 7602 19 7603 12 
2738 7604 17 7605 14 7606 10 
2739 7607 34 7608 5 
2740 7609 55 7610 14 
2741 7611 10 7612 8 
2742 7613 82 7614 13 
2743 7615 29 7616 9 7617 8 
2744 7618 34 7619 15 7620 9 
2745 7621 6 7622 5 
2746 7623 31 7624 8 
2747 7625 14 7626 7 
2748 7627 65 7628 24 7629 15 
2749 7630 14 7631 12 
2750 7632 48 7633 19 
2751 7634 18 7635 6 7636 6 
2752 7637 32 7638 8 
2753 7639 32 7640 7 7641 7 7642 5 
2754 7643 8 7644 7 
2755 7645 39 7646 6 
2756 7647 7 7648 7 7649 5 
2757 7650 7 7651 5 
2758 7652 9 7653 8 7654 7 
2759 7655 27 7656 27 
2760 7657 26 7658 11 
2761 7659 12 7660 6 
2762 7661 9 7662 8 
2763 7663 19 7664 11 
2764 7665 8 7666 7 
2765 7667 21 7668 13 7669 9 
2766 7670 51 7671 41 7672 30 7673 28 7674 19 7675 16 7676 10 7677 7 7678 7 7679 5 
2767 7680 49 7681 34 7682 13 
2768 7683 13 7684 6 
2769 7685 21 7686 8 
2770 7687 55 7688 8 
2771 7689 44 7690 28 
2772 7691 10 7692 9 
2773 7693 13 7694 6 
2774 7695 6 7696 6 
2775 7697 38 7698 27 7699 5 
2776 7700 5 7701 5 
2777 7702 26 7703 6 
2778 7704 137 7705 11 7706 9 
2779 7707 8 7708 6 
2780 7709 25 7710 5 
2781 7711 10 7712 6 
2782 7713 70 7714 20 7715 14 7716 13 
2783 7717 10 7718 6 
2784 7719 35 7720 31 
2785 7721 17 7722 9 
2786 7723 24 7724 7 
2787 7725 55 7726 25 7727 18 7728 9 
2788 7729 19 7730 15 7731 11 7732 11 7733 5 
2789 7734 19 7735 6 
2790 7736 61 7737 11 7738 10 7739 5 
2791 7740 25 7741 8 
2792 7742 7 7743 5 
2793 7744 6 7745 6 7746 6 
2794 7747 38 7748 6 
2795 7749 15 7750 11 
2796 7751 12 7752 5 
2797 7753 138 7754 7 7755 6 7756 5 
2798 7757 7 7758 5 
2799 7759 9 7760 5 
2800 7761 18 7762 5 
2801 7763 6 7764 6 
2802 7765 32 7766 11 
2803 7767 9 7768 5 
2804 7769 34 7770 34 7771 18 
2805 7772 11 7773 5 
2806 7774 47 7775 28 
2807 7776 10 7777 6 
2808 7778 25 7779 9 7780 6 
2809 7781 24 7782 7 
2810 7783 16 7784 6 
2811 7785 9 7786 8 7787 5 
2812 7788 15 7789 8 7790 7 7791 5 
2813 7792 5 7793 5 
2814 7794 9 7795 6 
2815 7796 64 7797 22 
2816 7798 14 7799 12 
2817 7800 5 7801 5 
2818 7802 22 7803 7 
2819 7804 62 7805 33 7806 28 7807 14 7808 6 7809 5 
2820 7810 9 7811 5 
2821 7812 11 7813 6 
2822 7814 5 7815 5 
2823 7816 9 7817 6 7818 5 
2824 7819 10 7820 6 
2825 7821 9 7822 5 
2826 7823 6 7824 5 
2827 7825 40 7826 10 
2828 7827 102 7828 13 7829 7 
2829 7830 10 7831 10 
2830 7832 30 7833 9 
2831 7834 38 7835 9 7836 5 
2832 7837 6 7838 5 
2833 7839 13 7840 5 
2834 7841 19 7842 15 7843 12 7844 6 7845 6 
2835 7846 6 7847 5 
2836 7848 6 7849 5 
2837 7850 20 7851 10 7852 5 
2838 7853 38 7854 13 
2839 7855 21 7856 12 
2840 7857 48 7858 6 
2841 7859 11 7860 5 
2842 7861 18 7862 5 
2843 7863 28 7864 6 
2844 7865 8 7866 7 
2845 7867 44 7868 16 
2846 7869 5 7870 5 
2847 7871 22 7872 15 7873 10 
2848 7874 15 7875 10 
2849 7876 36 7877 23 
2850 7878 13 7879 5 
2851 7880 12 7881 8 
2852 7882 7 7883 5 
2853 7884 6 7885 5 
2854 7886 33 7887 13 
2855 7888 18 7889 8 7890 6 
2856 7891 9 7892 5 
2857 7893 20 7894 9 7895 7 7896 5 
2858 7897 13 7898 7 7899 6 
2859 7900 6 7901 5 
2860 7902 21 7903 16 
2861 7904 17 7905 9 
2862 7906 33 7907 8 7908 7 7909 5 
2863 7910 51 7911 27 7912 15 
2864 7913 6 7914 6 
2865 7915 16 7916 5 
2866 7917 37 7918 17 
2867 7919 28 7920 7 7921 5 
2868 7922 28 7923 11 
2869 7924 24 7925 6 
2870 7926 6 7927 6 
2871 7928 7 7929 6 
2872 7930 5 7931 5 
2873 7932 40 7933 17 7934 16 7935 6 
2874 7936 13 7937 7 7938 5 
2875 7939 13 7940 5 
2876 7941 7 7942 7 
2877 7943 31 7944 24 7945 18 7946 6 
2878 7947 10 7948 5 
2879 7949 7 7950 6 
2880 7951 37 7952 5 7953 5 
2881 7954 7 7955 5 
2882 7956 12 7957 5 
2883 7958 8 7959 6 7960 6 
2884 7961 45 7962 8 
2885 7963 36 7964 20 7965 5 
2886 7966 219 7967 94 7968 56 7969 38 
2887 7970 54 7971 17 7972 8 7973 7 
2888 7974 39 7975 20 
2889 7976 13 7977 6 7978 6 
2890 7979 25 7980 17 7981 5 
2891 7982 15 7983 11 
2892 7984 9 7985 5 
2893 7986 10 7987 10 
2894 7988 26 7989 20 
2895 7990 30 7991 9 
2896 7992 8 7993 7 
2897 7994 29 7995 12 
2898 7996 44 7997 22 
2899 7998 16 7999 5 8000 5 
2900 8001 6 8002 5 
2901 8003 84 8004 52 8005 11 
2902 8006 45 8007 19 8008 12 8009 10 8010 5 
2903 8011 20 8012 13 8013 5 8014 5 
2904 8015 5 8016 5 
2905 8017 12 8018 5 
2906 8019 6 8020 5 
2907 8021 15 8022 12 
2908 8023 10 8024 9 8025 6 
2909 8026 10 8027 9 
2910 8028 11 8029 5 
2911 8030 17 8031 10 
2912 8032 22 8033 5 
2913 8034 23 8035 7 
2914 8036 14 8037 5 
2915 8038 12 8039 9 
2916 8040 21 8041 5 
2917 8042 8 8043 5 
2918 8044 14 8045 12 
2919 8046 11 8047 9 8048 8 
2920 8049 15 8050 7 8051 5 
2921 8052 9 8053 8 
2922 8054 6 8055 5 
2923 8056 10 8057 5 
2924 8058 11 8059 5 
2925 8060 6 8061 5 
2926 8062 10 8063 8 
2927 8064 57 8065 9 
2928 8066 16 8067 6 
2929 8068 34 8069 24 
2930 8070 15 8071 7 8072 5 
2931 8073 51 8074 36 8075 18 8076 9 
2932 8077 11 8078 6 
2933 8079 23 8080 21 
2934 8081 8 8082 7 
2935 8083 23 8084 6 
2936 8085 13 8086 5 
2937 8087 7 8088 5 
2938 8089 10 8090 5 
2939 8091 76 8092 68 8093 12 
2940 8094 26 8095 8 
2941 8096 52 8097 35 8098 16 8099 6 
2942 8100 14 8101 6 
2943 8102 16 8103 16 8104 5 
2944 8105 39 8106 12 
2945 8107 22 8108 18 8109 11 
2946 8110 7 8111 7 
2947 8112 14 8113 7 
2948 8114 14 8115 8 
2949 8116 7 8117 5 
2950 8118 9 8119 9 8120 5 8121 5 
2951 8122 25 8123 13 8124 6 
2952 8125 9 8126 5 
2953 8127 12 8128 9 
2954 8129 37 8130 9 8131 8 8132 6 
2955 8133 28 8134 13 8135 9 
2956 8136 10 8137 10 8138 5 
2957 8139 19 8140 5 
2958 8141 26 8142 7 8143 5 
2959 8144 6 8145 5 
2960 8146 39 8147 13 8148 10 
2961 8149 7 8150 6 
2962 8151 8 8152 5 
2963 8153 14 8154 8 
2964 8155 20 8156 5 
2965 8157 18 8158 14 
2966 8159 12 8160 5 
2967 8161 17 8162 11 
2968 8163 151 8164 59 8165 52 8166 42 
2969 8167 36 8168 8 
2970 8169 51 8170 13 8171 10 8172 8 
2971 8173 8 8174 7 
2972 8175 12 8176 8 8177 6 8178 5 
2973 8179 15 8180 11 8181 8 
2974 8182 6 8183 5 
2975 8184 11 8185 5 
2976 8186 15 8187 6 
2977 8188 6 8189 5 
2978 8190 25 8191 19 8192 12 8193 8 8194 6 
2979 8195 7 8196 5 
2980 8197 10 8198 6 
2981 8199 71 8200 32 8201 18 8202 8 8203 8 8204 5 
2982 8205 8 8206 5 
2983 8207 38 8208 28 
2984 8209 27 8210 16 8211 10 8212 9 
2985 8213 12 8214 5 
2986 8215 8 8216 6 
2987 8217 34 8218 7 
2988 8219 25 8220 20 8221 5 
2989 8222 6 8223 5 
2990 8224 12 8225 11 
2991 8226 11 8227 9 8228 5 
2992 8229 10 8230 7 
2993 8231 7 8232 5 
2994 8233 13 8234 5 
2995 8235 15 8236 5 
2996 8237 12 8238 11 8239 6 
2997 8240 126 8241 15 8242 6 
2998 8243 20 8244 13 8245 8 
2999 8246 7 8247 6 
3000 8248 7 8249 7 
3001 8250 15 8251 5 
3002 8252 11 8253 6 
3003 8254 55 8255 21 8256 8 8257 6 
3004 8258 11 8259 9 
3005 8260 6 8261 5 
3006 8262 29 8263 9 8264 7 
3007 8265 18 8266 12 8267 7 
3008 8268 15 8269 9 8270 6 
3009 8271 25 8272 5 
3010 8273 15 8274 9 8275 7 
3011 8276 6 8277 5 
3012 8278 10 8279 5 
3013 8280 6 8281 5 
3014 8282 12 8283 5 
3015 8284 17 8285 7 
3016 8286 20 8287 16 
3017 8288 46 8289 24 8290 14 
3018 8291 42 8292 5 
3019 8293 16 8294 9 
3020 8295 13 8296 8 8297 5 
3021 8298 6 8299 6 
3022 8300 23 8301 7 
3023 8302 8 8303 6 
3024 8304 60 8305 7 
3025 8306 42 8307 6 
3026 8308 26 8309 25 8310 9 
3027 8311 5 8312 5 
3028 8313 10 8314 9 
3029 8315 8 8316 5 
3030 8317 20 8318 12 
3031 8319 29 8320 5 