postid userid
1 22
2 877
3 2399
4 63
5 57064
6 21
7 43
8 6037
9 10750
10 18
11 25
12 174
13 26
14 832
15 24
16 14
17 21
18 82
19 18
20 136
21 116
22 106
23 60
24 34
25 30
26 31
27 4939
28 7
29 186
30 61
31 877
32 22
33 1876
34 14
35 2326
36 386
37 46
38 79
39 130
40 77
41 970
42 107
43 386
44 44
45 34007
46 351
47 14
48 102
49 33203
50 151
51 3417
52 50
53 61
54 157
55 60
56 61
57 130
58 174
59 60
60 61
61 60
62 244
63 22411
64 708
65 92
66 92
67 136
68 107
69 112
70 78
71 43
72 11
73 61
74 82
75 109
76 120
77 120
78 63
79 14
80 172
81 154
82 30792
83 97
84 97
85 125
86 51
87 119
88 139
89 82
90 68
91 2092
92 321
93 321
94 151
95 418
96 51
97 1336
98 12885
99 860
100 97
101 130
102 630
103 11122
104 24
105 61
106 22
107 141
108 61
109 21137
110 42414
111 8545
112 63
113 11
114 64
115 24
116 154
117 139
118 3847
119 13
120 14
121 180
122 877
123 51
124 1469
125 22
126 50
127 877
128 63
129 97
130 61
131 157
132 51
133 877
134 24
135 1186
136 109
137 2092
138 16
139 34
140 116
141 77
142 110
143 13
144 41
145 1553
146 63
147 127
148 97
149 81
150 97
151 51
152 174
153 92
154 174
155 63780
156 418
157 60
158 82
159 130
160 174
161 62705
162 34
163 130
164 61
165 53
166 3847
167 92
168 2660
169 4839
170 1561
171 177
172 4325
173 154
174 92
175 154
176 63
177 97
178 14
179 34
180 50
181 97
182 97
183 61
184 1097
185 877
186 171
187 97
188 8484
189 130
190 533
191 4229
192 97
193 379
194 953
195 92
196 130
197 9434
198 20179
199 76
200 130
201 64
202 182
203 50
204 41
205 130
206 81
207 81
208 82
209 190
210 2833
211 630
212 2660
213 2660
214 274
215 88
216 154
217 5501
218 136
219 154
220 877
221 1268
222 1876
223 352
224 171
225 97
226 515
227 97
228 191
229 515
230 193
231 261
232 2455
233 180
234 51
235 61
236 247
237 154
238 63
239 18
240 97
241 192
242 162
243 61
244 60
245 253
246 61
247 130
248 3466
249 51
250 154
251 34
252 260
253 686
254 508
255 39
256 86
257 82
258 247
259 352
260 297
261 171
262 11
263 3847
264 130
265 76
266 24246
267 321
268 247
269 473
270 136
271 832
272 116
273 2038
274 886
275 10776
276 5845
277 8783
278 5025
279 7304
280 21674
281 64224
282 260
283 81
284 244
285 81
286 244
287 171
288 61
289 63
290 102
291 373
292 392
293 877
294 63
295 39
296 192
297 1710
298 953
299 61
300 171
301 51
302 82
303 34
304 278
305 278
306 32208
307 361
308 331
309 171
310 61
311 16
312 171
313 442
314 130
315 60
316 63
317 418
318 2660
319 630
320 4839
321 171
322 171
323 809
324 507
325 533
326 23721
327 51
328 154
329 515
330 154
331 473
332 11
333 72633
334 136
335 515
336 154
337 63
338 877
339 115
340 290
341 1396
342 515
343 79735
344 154
345 154
346 4704
347 3455
348 515
349 63
350 533
351 630
352 247
353 63
354 51
355 365
356 586
357 2882
358 94938
359 247
360 533
361 34
362 63
363 418
364 192
365 81
366 61
367 39
368 599
369 418
370 34
371 115
372 630
373 63
374 2092
375 63
376 630
377 116
378 63
379 34
380 81
381 630
382 247
383 632
384 640
385 63
386 39
387 686
388 260
389 82
390 674
391 193
392 418
393 630
394 426
395 51
396 3183
397 814
398 4939
399 630
400 81
401 247
402 136
403 6965
404 33413
405 203
406 630
407 2703
408 710
409 2092
410 1836
411 832
412 291
413 18
414 81
415 711
416 710
417 691
418 691
419 61
420 7823
421 4386
422 278
423 34
424 630
425 710
426 193
427 29
428 171
429 710
430 630
431 426
432 4631
433 171
434 154
435 710
436 877
437 63
438 247
439 3354
440 34
441 157
442 630
443 418
444 51
445 50
446 805
447 18
448 51
449 877
450 76
451 508
452 630
453 247
454 82
455 826
456 22049
457 29
458 63
459 171
460 61
461 630
462 171
463 171
464 34
465 911
466 154
467 29
468 555
469 515
470 247
471 76
472 21575
473 60146
474 48235
475 555
476 247
477 50
478 61
479 63
480 154
481 630
482 247
483 180
484 50
485 171
486 533
487 877
488 18155
489 1876
490 322
491 79433
492 322
493 1196
494 26131
495 10271
496 322
497 877
498 14506
499 940
500 45509
501 15754
502 1997
503 630
504 136
505 154
506 555
507 555
508 51
509 63
510 877
511 953
512 247
513 51
514 82
515 973
516 33362
517 972
518 51
519 61
520 260
521 630
522 34
523 6355
524 877
525 993
526 630
527 533
528 345
529 154
530 180
531 247
532 61
533 1160
534 8278
535 630
536 34
537 51
538 953
539 26
540 247
541 940
542 630
543 1053
544 953
545 154
546 630
547 941
548 418
549 877
550 71791
551 50
552 2487
553 1828
554 193
555 154
556 24
557 1089
558 61
559 247
560 154
561 1111
562 63
563 29
564 630
565 426
566 247
567 630
568 34
569 244
570 1120
571 877
572 630
573 34
574 10298
575 34
576 3690
577 34
578 630
579 136
580 630
581 973
582 34
583 1196
584 287
585 1196
586 911
587 911
588 418
589 1268
590 63
591 260
592 418
593 154
594 558
595 120
596 35444
597 940
598 81
599 154
600 154
601 63
602 1396
603 61514
604 1376
605 630
606 260
607 192
608 418
609 154
610 630
611 136
612 260
613 192
614 154
615 260
616 192
617 192
618 877
619 180
620 1219
621 993
622 63
623 1268
624 1876
625 61
626 1268
627 686
628 630
629 260
630 1096
631 863
632 63
633 244
634 247
635 192
636 630
637 630
638 260
639 192
640 260
641 63
642 6776
643 973
644 244
645 34
646 63
647 1160
648 130
649 1260
650 180
651 630
652 260
653 973
654 47387
655 83177
656 418
657 154
658 63
659 7240
660 3459
661 6993
662 63
663 630
664 1664
665 610
666 3684
667 973
668 208
669 260
670 1369
671 5754
672 260
673 1369
674 1174
675 1290
676 1406
677 192
678 260
679 61
680 555
681 154
682 260
683 1428
684 154
685 555
686 877
687 180
688 260
689 686
690 630
691 154
692 33489
693 3684
694 555
695 1469
696 1533
697 630
698 1064
699 1357
700 82
701 1396
702 60
703 1561
704 1064
705 154
706 136
707 1186
708 686
709 63
710 26790
711 8783
712 418
713 63
714 116
715 630
716 953
717 22673
718 44406
719 11240
720 2639
721 1561
722 14595
723 1625
724 630
725 1064
726 1625
727 1396
728 63
729 171
730 1542
731 877
732 877
733 1561
734 2050
735 63
736 154
737 953
738 3640
739 1978
740 630
741 1625
742 1050
743 30859
744 45616
745 630
746 1396
747 3459
748 418
749 1625
750 973
751 1396
752 1396
753 193
754 154
755 630
756 260
757 1607
758 283
759 1396
760 154
761 1469
762 1369
763 1396
764 877
765 8546
766 877
767 1396
768 1607
769 283
770 154
771 1201
772 1756
773 154
774 1396
775 1580
776 1369
777 290
778 180
779 1369
780 630
781 418
782 1369
783 418
784 85642
785 244
786 1396
787 154
788 1396
789 1860
790 1607
791 1369
792 1186
793 1369
794 973
795 1396
796 877
797 180
798 973
799 63
800 31358
801 1396
802 50252
803 1396
804 993
805 7832
806 61
807 1860
808 877
809 877
810 4084
811 1721
812 877
813 171
814 630
815 61
816 154
817 877
818 71
819 1396
820 171
821 180
822 1875
823 11240
824 1050
825 18861
826 33354
827 35341
828 877
829 1469
830 1908
831 1396
832 1860
833 1921
834 1920
835 1396
836 141401
837 63
838 136
839 1396
840 1822
841 555
842 558
843 63
844 1396
845 1710
846 1860
847 16892
848 22230
849 1822
850 1710
851 1469
852 1357
853 2744
854 1994
855 1369
856 462
857 5092
858 1369
859 418
860 630
861 418
862 426
863 374
864 1994
865 5845
866 418
867 1357
868 171
869 1710
870 847
871 154
872 462
873 1396
874 69835
875 630
876 1781
877 973
878 1860
879 877
880 7680
881 2069
882 1396
883 418
884 3594
885 1822
886 7490
887 1396
888 508
889 630
890 1842
891 630
892 1469
893 1469
894 418
895 180
896 877
897 877
898 3551
899 82
900 90846
901 2293
902 877
903 2186
904 555
905 2252
906 630
907 877
908 1167
909 877
910 2129
911 154
912 1663
913 1357
914 3106
915 2201
916 1842
917 2069
918 1994
919 953
920 193
921 260
922 418
923 1186
924 1777
925 4648
926 1817
927 847
928 154
929 911
930 63
931 630
932 3640
933 1064
934 1710
935 260
936 630
937 1186
938 34
939 877
940 1357
941 50
942 10776
943 6926
944 2374
945 630
946 2382
947 1396
948 2430
949 3769
950 1396
951 555
952 630
953 34
954 1111
955 2397
956 3640
957 34
958 630
959 1186
960 630
961 2431
962 2423
963 11240
964 630
965 1607
966 418
967 418
968 2420
969 180
970 25836
971 32138
972 1822
973 86
974 2492
975 877
976 2511
977 1396
978 2503
979 1876
980 630
981 1186
982 630
983 507
984 418
985 1096
986 877
987 180
988 283
989 51
990 507
991 2374
992 610
993 24246
994 610
995 2374
996 630
997 418
998 809
999 610
1000 4224
1001 877
1002 877
1003 180
1004 180
1005 877
1006 1822
1007 193
1008 180
1009 2374
1010 630
1011 2374
1012 2660
1013 3690
1014 1396
1015 426
1016 630
1017 426
1018 2129
1019 877
1020 630
1021 2374
1022 1186
1023 244
1024 2660
1025 34
1026 140614
1027 61796
1028 973
1029 1396
1030 108321
1031 30035
1032 37492
1033 82947
1034 2660
1035 2663
1036 418
1037 630
1038 1396
1039 5555
1040 2682
1041 34
1042 630
1043 1186
1044 34
1045 1262
1046 1396
1047 2621
1048 1186
1049 630
1050 1396
1051 1396
1052 630
1053 136
1054 426
1055 507
1056 630
1057 1561
1058 81
1059 426
1060 630
1061 1469
1062 2744
1063 2754
1064 418
1065 2682
1066 610
1067 426
1068 2374
1069 426
1070 2626
1071 877
1072 1290
1073 2092
1074 1186
1075 630
1076 2682
1077 2453
1078 193
1079 1396
1080 555
1081 1396
1082 877
1083 630
1084 1186
1085 1828
1086 28984
1087 3684
1088 2382
1089 2374
1090 2415
1091 2374
1092 809
1093 877
1094 2626
1095 154
1096 1910
1097 2131
1098 630
1099 2131
1100 3046
1101 1357
1102 34
1103 50
1104 2718
1105 418
1106 877
1107 50
1108 2626
1109 2374
1110 2682
1111 1419
1112 1186
1113 1396
1114 418
1115 2626
1116 418
1117 1396
1118 34
1119 2374
1120 820
1121 2626
1122 180
1123 30750
1124 18697
1125 3684
1126 1396
1127 2453
1128 1396
1129 2626
1130 1186
1131 2626
1132 1396
1133 2660
1134 630
1135 630
1136 418
1137 508
1138 2374
1139 1396
1140 558
1141 2958
1142 1396
1143 1396
1144 630
1145 3847
1146 2528
1147 877
1148 2374
1149 630
1150 2974
1151 2626
1152 2374
1153 2626
1154 2374
1155 1469
1156 1357
1157 1064
1158 1822
1159 1357
1160 630
1161 2626
1162 34637
1163 260
1164 34
1165 630
1166 2374
1167 630
1168 877
1169 2663
1170 4967
1171 630
1172 21728
1173 2374
1174 1396
1175 121237
1176 630
1177 1186
1178 630
1179 2374
1180 1396
1181 154
1182 2483
1183 1357
1184 3064
1185 1469
1186 50
1187 877
1188 630
1189 1828
1190 2251
1191 244
1192 2573
1193 2397
1194 1186
1195 1767
1196 2374
1197 53729
1198 9434
1199 11240
1200 180
1201 1268
1202 877
1203 2374
1204 1396
1205 1186
1206 1469
1207 11240
1208 7788
1209 1396
1210 2374
1211 34
1212 152889
1213 1396
1214 1822
1215 2397
1216 1396
1217 630
1218 2573
1219 1357
1220 3211
1221 2756
1222 2374
1223 418
1224 1186
1225 630
1226 3106
1227 3236
1228 154
1229 1186
1230 1186
1231 2241
1232 630
1233 558
1234 154
1235 2374
1236 630
1237 1186
1238 154
1239 555
1240 2767
1241 630
1242 2660
1243 1186
1244 35142
1245 2660
1246 3309
1247 2660
1248 34
1249 2453
1250 1396
1251 1186
1252 1064
1253 1396
1254 1186
1255 4839
1256 34
1257 508
1258 1396
1259 81
1260 154
1261 630
1262 877
1263 180
1264 1876
1265 33466
1266 47448
1267 2660
1268 2432
1269 3106
1270 1822
1271 3594
1272 630
1273 34
1274 2660
1275 1186
1276 877
1277 3417
1278 2374
1279 1469
1280 2374
1281 1064
1282 877
1283 3423
1284 877
1285 1268
1286 2660
1287 2756
1288 180
1289 1186
1290 3409
1291 877
1292 1639
1293 1064
1294 1396
1295 2660
1296 3548
1297 3551
1298 877
1299 3423
1300 1268
1301 33962
1302 7203
1303 3106
1304 630
1305 1396
1306 3684
1307 1822
1308 3684
1309 3684
1310 1396
1311 2142
1312 34
1313 507
1314 7882
1315 77365
1316 3583
1317 83982
1318 111872
1319 877
1320 3417
1321 3594
1322 1396
1323 1186
1324 630
1325 1096
1326 180
1327 877
1328 3528
1329 1186
1330 876
1331 3585
1332 1268
1333 418
1334 51
1335 2241
1336 507
1337 34
1338 2374
1339 2374
1340 34
1341 2241
1342 876
1343 2407
1344 877
1345 2131
1346 30006
1347 154
1348 1396
1349 1469
1350 34
1351 3659
1352 630
1353 34
1354 1396
1355 180
1356 3690
1357 34
1358 507
1359 2897
1360 1573
1361 418
1362 34
1363 3651
1364 630
1365 508
1366 630
1367 1561
1368 2660
1369 1396
1370 2374
1371 630
1372 180
1373 877
1374 3459
1375 1396
1376 708
1377 2374
1378 630
1379 2660
1380 630
1381 877
1382 2092
1383 2241
1384 2092
1385 3640
1386 2374
1387 708
1388 8215
1389 34
1390 630
1391 3798
1392 3803
1393 1268
1394 4939
1395 3815
1396 426
1397 2374
1398 2374
1399 630
1400 630
1401 2374
1402 1290
1403 6236
1404 1357
1405 51
1406 877
1407 2663
1408 4839
1409 708
1410 1945
1411 3640
1412 708
1413 630
1414 1290
1415 22230
1416 171
1417 1268
1418 2682
1419 2241
1420 2374
1421 1268
1422 2660
1423 3690
1424 82
1425 2131
1426 2374
1427 1573
1428 877
1429 180
1430 911
1431 2374
1432 136
1433 708
1434 426
1435 877
1436 2399
1437 3106
1438 976
1439 630
1440 2682
1441 2374
1442 418
1443 2399
1444 3106
1445 555
1446 1396
1447 24247
1448 630
1449 1396
1450 2374
1451 4008
1452 2374
1453 426
1454 877
1455 1822
1456 38400
1457 4065
1458 1357
1459 708
1460 426
1461 2131
1462 2241
1463 1357
1464 4008
1465 1192
1466 3859
1467 1192
1468 2374
1469 3690
1470 630
1471 4105
1472 630
1473 2294
1474 2374
1475 630
1476 3396
1477 4143
1478 3690
1479 2374
1480 4134
1481 708
1482 2682
1483 4103
1484 136
1485 1822
1486 1396
1487 4272
1488 154
1489 630
1490 1258
1491 2374
1492 4008
1493 1192
1494 4103
1495 630
1496 4259
1497 2660
1498 2092
1499 2374
1500 630
1501 2241
1502 1096
1503 1201
1504 4293
1505 2399
1506 22707
1507 34
1508 100801
1509 2399
1510 4315
1511 2374
1512 4331
1513 34
1514 1561
1515 4314
1516 708
1517 3690
1518 708
1519 3351
1520 15715
1521 68606
1522 154
1523 4325
1524 4396
1525 4395
1526 426
1527 2374
1528 7061
1529 1863
1530 1396
1531 630
1532 4008
1533 2374
1534 877
1535 976
1536 2374
1537 4008
1538 4103
1539 507
1540 4008
1541 976
1542 4468
1543 877
1544 2374
1545 4103
1546 1945
1547 4008
1548 4517
1549 2374
1550 81
1551 4512
1552 877
1553 4468
1554 1561
1555 16057
1556 1396
1557 3684
1558 1111
1559 1396
1560 3594
1561 4571
1562 4468
1563 7888
1564 69123
1565 136386
1566 507
1567 630
1568 2142
1569 1945
1570 8335
1571 22575
1572 630
1573 2374
1574 2374
1575 3475
1576 2374
1577 34
1578 76537
1579 630
1580 56431
1581 708
1582 2703
1583 2241
1584 2374
1585 993
1586 2241
1587 630
1588 1945
1589 4097
1590 82
1591 6393
1592 34
1593 2880
1594 1945
1595 2374
1596 3690
1597 708
1598 4659
1599 3511
1600 24700
1601 34
1602 3761
1603 34
1604 630
1605 4864
1606 1561
1607 3106
1608 1514
1609 2374
1610 4325
1611 1396
1612 3594
1613 247
1614 630
1615 4659
1616 3461
1617 4438
1618 877
1619 42104
1620 3690
1621 1945
1622 2542
1623 630
1624 4116
1625 247
1626 1754
1627 3690
1628 2374
1629 877
1630 5121
1631 1064
1632 630
1633 2453
1634 63
1635 3941
1636 1192
1637 1945
1638 1192
1639 4103
1640 1822
1641 154
1642 630
1643 3168
1644 5208
1645 1822
1646 15533
1647 4846
1648 7274
1649 37007
1650 557
1651 1822
1652 1945
1653 708
1654 877
1655 2479
1656 9540
1657 28198
1658 5185
1659 4957
1660 630
1661 4688
1662 4377
1663 5203
1664 5199
1665 120
1666 1396
1667 5072
1668 3690
1669 3690
1670 1192
1671 630
1672 877
1673 993
1674 877
1675 1348
1676 877
1677 27924
1678 3684
1679 3403
1680 993
1681 630
1682 5355
1683 2092
1684 4839
1685 630
1686 1945
1687 3690
1688 552
1689 9434
1690 4792
1691 807
1692 3690
1693 3690
1694 630
1695 2483
1696 630
1697 5393
1698 3690
1699 8360
1700 877
1701 464
1702 877
1703 34
1704 1192
1705 31066
1706 5475
1707 1584
1708 5469
1709 69133
1710 1822
1711 973
1712 1192
1713 4839
1714 630
1715 708
1716 36812
1717 708
1718 630
1719 4456
1720 4839
1721 630
1722 2092
1723 1561
1724 1514
1725 4826
1726 1561
1727 3690
1728 1514
1729 3594
1730 1396
1731 49019
1732 1192
1733 3690
1734 708
1735 4179
1736 2092
1737 2660
1738 1945
1739 630
1740 418
1741 1514
1742 5558
1743 5573
1744 2584
1745 2445
1746 11240
1747 5621
1748 11238
1749 736
1750 2452
1751 5562
1752 48095
1753 5469
1754 630
1755 2092
1756 5641
1757 630
1758 2374
1759 5726
1760 3594
1761 3735
1762 1822
1763 3710
1764 5735
1765 2374
1766 1945
1767 3690
1768 1186
1769 5717
1770 3690
1771 708
1772 4839
1773 6671
1774 877
1775 3098
1776 2232
1777 3684
1778 3847
1779 3690
1780 3690
1781 708
1782 630
1783 1064
1784 630
1785 630
1786 1561
1787 630
1788 41302
1789 8221
1790 877
1791 3423
1792 3690
1793 22447
1794 630
1795 2374
1796 180
1797 877
1798 3690
1799 630
1800 2660
1801 507
1802 1945
1803 5754
1804 5189
1805 5951
1806 5951
1807 5868
1808 15035
1809 1822
1810 877
1811 180
1812 630
1813 1186
1814 2092
1815 630
1816 630
1817 15761
1818 630
1819 87899
1820 2193
1821 200
1822 2028
1823 10776
1824 8337
1825 2241
1826 1186
1827 507
1828 6381
1829 8783
1830 115695
1831 3815
1832 30859
1833 5189
1834 3858
1835 13119
1836 109813
1837 2660
1838 3461
1839 630
1840 5189
1841 5555
1842 3769
1843 32815
1844 708
1845 1186
1846 1945
1847 4839
1848 708
1849 10776
1850 5189
1851 5754
1852 630
1853 3847
1854 630
1855 1945
1856 1186
1857 630
1858 1357
1859 630
1860 807
1861 114590
1862 630
1863 33992
1864 630
1865 1192
1866 4839
1867 630
1868 2275
1869 1514
1870 21809
1871 6235
1872 3710
1873 53304
1874 3684
1875 361
1876 1945
1877 6257
1878 5365
1879 5189
1880 3654
1881 6235
1882 6334
1883 1990
1884 4195
1885 79544
1886 101095
1887 3690
1888 1945
1889 1822
1890 630
1891 200
1892 1573
1893 708
1894 3423
1895 6435
1896 2092
1897 3847
1898 6481
1899 569
1900 3690
1901 90973
1902 89503
1903 47366
1904 6534
1905 22447
1906 1945
1907 1186
1908 6173
1909 1186
1910 877
1911 16938
1912 5935
1913 3690
1914 4839
1915 3684
1916 4408
1917 877
1918 4846
1919 32791
1920 2092
1921 6612
1922 1945
1923 3931
1924 1186
1925 1514
1926 3651
1927 3690
1928 4839
1929 2374
1930 2572
1931 24862
1932 3690
1933 1186
1934 6597
1935 1064
1936 2241
1937 6909
1938 630
1939 708
1940 6597
1941 708
1942 708
1943 6597
1944 2374
1945 2092
1946 1021
1947 24176
1948 23331
1949 708
1950 552
1951 630
1952 1945
1953 1945
1954 807
1955 1945
1956 1186
1957 1192
1958 3690
1959 3690
1960 6236
1961 515
1962 847
1963 5555
1964 877
1965 4846
1966 1945
1967 171
1968 5622
1969 2092
1970 5189
1971 16029
1972 34746
1973 5189
1974 6597
1975 708
1976 2374
1977 2103
1978 1469
1979 3690
1980 32281
1981 4846
1982 6903
1983 180
1984 877
1985 630
1986 2374
1987 14706
1988 154
1989 630
1990 1357
1991 426
1992 11635
1993 11151
1994 708
1995 847
1996 418
1997 630
1998 6897
1999 3798
2000 260
2001 3690
2002 1945
2003 3347
2004 877
2005 2232
2006 180
2007 630
2008 18927
2009 1111
2010 3046
2011 322
2012 5208
2013 35479
2014 3690
2015 6597
2016 630
2017 1469
2018 630
2019 807
2020 2193
2021 1698
2022 630
2023 1945
2024 6687
2025 877
2026 6381
2027 1186
2028 7005
2029 7042
2030 7131
2031 708
2032 3996
2033 5531
2034 43985
2035 877
2036 180
2037 1268
2038 3396
2039 877
2040 708
2041 2374
2042 2241
2043 7150
2044 1470
2045 1342
2046 7157
2047 7005
2048 4364
2049 4839
2050 993
2051 154
2052 877
2053 1945
2054 3640
2055 1945
2056 154
2057 3106
2058 630
2059 3858
2060 877
2061 2660
2062 1396
2063 2092
2064 1470
2065 361
2066 1830
2067 10312
2068 1580
2069 6129
2070 3690
2071 708
2072 1186
2073 4839
2074 2092
2075 3640
2076 1822
2077 132220
2078 1822
2079 2682
2080 876
2081 708
2082 1186
2083 3858
2084 877
2085 3690
2086 6597
2087 2241
2088 4325
2089 1186
2090 3690
2091 1514
2092 3690
2093 2241
2094 708
2095 2241
2096 6597
2097 2232
2098 708
2099 6597
2100 7494
2101 3847
2102 31805
2103 911
2104 6970
2105 3106
2106 2241
2107 3106
2108 6236
2109 2092
2110 34
2111 4203
2112 7541
2113 555
2114 4826
2115 877
2116 81333
2117 2241
2118 67685
2119 154
2120 5555
2121 426
2122 57559
2123 1186
2124 2241
2125 4203
2126 877
2127 2092
2128 2241
2129 3858
2130 7269
2131 3858
2132 5555
2133 3423
2134 70693
2135 877
2136 3423
2137 993
2138 993
2139 630
2140 2573
2141 2092
2142 877
2143 630
2144 2241
2145 4839
2146 1754
2147 426
2148 1469
2149 53657
2150 7788
2151 30859
2152 3690
2153 3436
2154 80047
2155 1469
2156 2682
2157 3640
2158 2092
2159 1469
2160 1561
2161 1186
2162 2241
2163 7024
2164 2232
2165 877
2166 7846
2167 2232
2168 52150
2169 5555
2170 1396
2171 8335
2172 3106
2173 6823
2174 1754
2175 1469
2176 5645
2177 25998
2178 993
2179 1120
2180 50
2181 73196
2182 4826
2183 8304
2184 877
2185 6037
2186 180
2187 7902
2188 3690
2189 15143
2190 877
2191 8070
2192 5555
2193 154
2194 3684
2195 8044
2196 8044
2197 2047
2198 21435
2199 2092
2200 555
2201 708
2202 1470
2203 2241
2204 22893
2205 3106
2206 2092
2207 630
2208 1357
2209 2092
2210 51444
2211 7343
2212 1822
2213 1945
2214 1514
2215 6173
2216 8213
2217 8224
2218 4839
2219 4826
2220 7279
2221 1754
2222 6823
2223 1186
2224 4826
2225 877
2226 1186
2227 6823
2228 6823
2229 1186
2230 1561
2231 8044
2232 41734
2233 29700
2234 1186
2235 911
2236 2092
2237 630
2238 877
2239 24122
2240 85955
2241 2092
2242 8493
2243 1561
2244 2374
2245 2241
2246 2897
2247 877
2248 1186
2249 3684
2250 1822
2251 708
2252 8418
2253 4659
2254 34652
2255 2374
2256 993
2257 154
2258 34
2259 8044
2260 877
2261 630
2262 1186
2263 2718
2264 1186
2265 2241
2266 4203
2267 25441
2268 3684
2269 993
2270 4103
2271 2645
2272 630
2273 708
2274 993
2275 10361
2276 1186
2277 61
2278 2241
2279 8449
2280 4102
2281 4839
2282 8544
2283 2927
2284 1186
2285 2241
2286 15321
2287 30417
2288 877
2289 112485
2290 24553
2291 55293
2292 1186
2293 15833
2294 5555
2295 2047
2296 877
2297 18929
2298 877
2299 8852
2300 68346
2301 736
2302 8578
2303 3858
2304 877
2305 953
2306 847
2307 8044
2308 3640
2309 8044
2310 68127
2311 8044
2312 3684
2313 180
2314 993
2315 7119
2316 322
2317 4839
2318 555
2319 1186
2320 993
2321 2703
2322 1186
2323 2718
2324 708
2325 877
2326 25995
2327 2241
2328 630
2329 1186
2330 1186
2331 31215
2332 1561
2333 877
2334 2374
2335 8283
2336 2103
2337 2718
2338 23886
2339 1186
2340 993
2341 1396
2342 3684
2343 708
2344 1258
2345 2374
2346 11526
2347 2241
2348 1945
2349 8278
2350 1186
2351 9088
2352 877
2353 8771
2354 708
2355 134289
2356 3722
2357 9085
2358 321
2359 8278
2360 321
2361 63980
2362 36615
2363 154
2364 558
2365 1186
2366 6823
2367 708
2368 392
2369 1192
2370 3690
2371 708
2372 558
2373 154
2374 7119
2375 3684
2376 10271
2377 993
2378 1186
2379 1945
2380 6563
2381 8278
2382 8278
2383 2241
2384 1186
2385 321
2386 2374
2387 2028
2388 2241
2389 2718
2390 7119
2391 3684
2392 1186
2393 708
2394 1186
2395 2103
2396 1186
2397 9261
2398 1186
2399 2241
2400 2241
2401 2374
2402 2241
2403 8771
2404 3690
2405 1064
2406 630
2407 877
2408 4659
2409 33786
2410 6393
2411 8771
2412 2092
2413 9434
2414 805
2415 2241
2416 56173
2417 2374
2418 708
2419 6441
2420 9345
2421 1186
2422 8789
2423 2241
2424 2718
2425 321
2426 2718
2427 2241
2428 6675
2429 6219
2430 2241
2431 24985
2432 9377
2433 9598
2434 100315
2435 1186
2436 33568
2437 1342
2438 820
2439 630
2440 7203
2441 3106
2442 2374
2443 2241
2444 25998
2445 21086
2446 7005
2447 820
2448 1186
2449 4490
2450 8215
2451 8215
2452 9558
2453 1842
2454 2241
2455 4846
2456 3858
2457 6503
2458 1174
2459 1186
2460 2374
2461 9932
2462 9823
2463 9824
2464 9846
2465 321
2466 5371
2467 9842
2468 9908
2469 9865
2470 9825
2471 9866
2472 9843
2473 9914
2474 953
2475 5555
2476 2241
2477 2374
2478 708
2479 2374
2480 2718
2481 708
2482 5645
2483 1945
2484 2374
2485 9261
2486 64489
2487 180
2488 90197
2489 5555
2490 8783
2491 1186
2492 24126
2493 708
2494 1186
2495 244
2496 2833
2497 2718
2498 42017
2499 81550
2500 10059
2501 15356
2502 11369
2503 7342
2504 2241
2505 2445
2506 3761
2507 1111
2508 3684
2509 16798
2510 9003
2511 877
2512 4659
2513 2718
2514 21728
2515 6318
2516 9616
2517 5743
2518 1186
2519 6548
2520 3684
2521 1822
2522 4839
2523 154
2524 322
2525 9356
2526 10074
2527 19117
2528 4408
2529 103762
2530 4659
2531 877
2532 1876
2533 1186
2534 36809
2535 41581
2536 877
2537 15819
2538 877
2539 1282
2540 321
2541 21272
2542 16732
2543 180
2544 13212
2545 1186
2546 2663
2547 2241
2548 1186
2549 3690
2550 67515
2551 993
2552 1186
2553 10082
2554 1186
2555 3684
2556 36066
2557 1186
2558 3690
2559 9824
2560 39384
2561 50
2562 877
2563 10144
2564 8771
2565 78081
2566 6173
2567 2718
2568 2103
2569 10442
2570 7119
2571 877
2572 2374
2573 5555
2574 9003
2575 3858
2576 10522
2577 1186
2578 152144
2579 1186
2580 85642
2581 4008
2582 7035
2583 6318
2584 2718
2585 38099
2586 8044
2587 5555
2588 5555
2589 2047
2590 6236
2591 1186
2592 807
2593 34
2594 34
2595 2131
2596 1186
2597 2718
2598 30211
2599 6120
2600 630
2601 3690
2602 993
2603 34
2604 4490
2605 695
2606 1064
2607 3684
2608 2639
2609 10650
2610 2718
2611 7788
2612 1396
2613 4103
2614 11240
2615 708
2616 321
2617 4490
2618 2193
2619 4103
2620 1698
2621 2718
2622 7788
2623 1822
2624 2241
2625 10650
2626 2718
2627 10650
2628 546
2629 8823
2630 10650
2631 2663
2632 555
2633 154
2634 5555
2635 993
2636 9617
2637 1186
2638 10768
2639 4490
2640 8412
2641 708
2642 6318
2643 10251
2644 10090
2645 4103
2646 11240
2647 911
2648 10650
2649 322
2650 4103
2651 3858
2652 993
2653 4103
2654 911
2655 10927
2656 993
2657 34361
2658 3423
2659 20333
2660 10090
2661 28009
2662 6037
2663 85706
2664 5555
2665 180
2666 555
2667 1764
2668 7203
2669 1186
2670 15587
2671 11151
2672 708
2673 11360
2674 26604
2675 3684
2676 10064
2677 1186
2678 4490
2679 3925
2680 763
2681 403
2682 1186
2683 72290
2684 30859
2685 10832
2686 11151
2687 6823
2688 1192
2689 8215
2690 4839
2691 1192
2692 11151
2693 321
2694 10064
2695 322
2696 2232
2697 807
2698 630
2699 2193
2700 418
2701 33226
2702 47722
2703 3684
2704 993
2705 92554
2706 1514
2707 2241
2708 5555
2709 154
2710 84013
2711 10650
2712 877
2713 10832
2714 6318
2715 9803
2716 2193
2717 10650
2718 1561
2719 9164
2720 7788
2721 8044
2722 1186
2723 708
2724 5555
2725 20727
2726 3684
2727 7119
2728 11240
2729 3296
2730 7482
2731 63684
2732 10414
2733 11178
2734 877
2735 2397
2736 1186
2737 10144
2738 1822
2739 2718
2740 27707
2741 6219
2742 37732
2743 1288
2744 4839
2745 10827
2746 24865
2747 70633
2748 7788
2749 8044
2750 1186
2751 30859
2752 10650
2753 2718
2754 6219
2755 2639
2756 36983
2757 877
2758 1186
2759 11537
2760 1192
2761 1186
2762 11651
2763 1064
2764 13032
2765 49126
2766 1192
2767 4103
2768 2038
2769 12999
2770 3690
2771 12878
2772 72776
2773 558
2774 12938
2775 12878
2776 10414
2777 10562
2778 1288
2779 11372
2780 10832
2781 7342
2782 3690
2783 3684
2784 13097
2785 3690
2786 13131
2787 5555
2788 11525
2789 1186
2790 807
2791 11063
2792 3640
2793 10414
2794 8834
2795 6219
2796 13096
2797 13185
2798 15876
2799 6219
2800 5208
2801 12792
2802 121096
2803 807
2804 45849
2805 2718
2806 6219
2807 9003
2808 1186
2809 993
2810 1192
2811 13073
2812 555
2813 154
2814 1186
2815 4839
2816 14562
2817 7788
2818 877
2819 4839
2820 1186
2821 25998
2822 361
2823 1396
2824 13101
2825 2718
2826 877
2827 1876
2828 1876
2829 35657
2830 244
2831 708
2832 34
2833 708
2834 1186
2835 1822
2836 7788
2837 3684
2838 13073
2839 9003
2840 9332
2841 2808
2842 8044
2843 2808
2844 3684
2845 2808
2846 15091
2847 1396
2848 72635
2849 44223
2850 7788
2851 106724
2852 6219
2853 11588
2854 60187
2855 11240
2856 3684
2857 7788
2858 14907
2859 1186
2860 630
2861 24164
2862 877
2863 14907
2864 37889
2865 52543
2866 6173
2867 154
2868 2453
2869 14907
2870 1561
2871 29178
2872 4826
2873 12707
2874 4008
2875 15163
2876 630
2877 1896
2878 64142
2879 14907
2880 6219
2881 90146
2882 12818
2883 3106
2884 2374
2885 15011
2886 15091
2887 13073
2888 14907
2889 322
2890 7788
2891 4008
2892 15356
2893 1186
2894 14907
2895 15718
2896 7788
2897 6219
2898 708
2899 708
2900 14907
2901 1186
2902 993
2903 11588
2904 60603
2905 13073
2906 4008
2907 14907
2908 10832
2909 14907
2910 202
2911 16142
2912 1192
2913 9142
2914 4008
2915 12818
2916 2131
2917 1830
2918 1186
2919 14988
2920 1186
2921 3690
2922 29401
2923 13073
2924 2131
2925 1186
2926 7611
2927 664
2928 93384
2929 1822
2930 14857
2931 1192
2932 2142
2933 6219
2934 118736
2935 1192
2936 1192
2937 15698
2938 8514
2939 4008
2940 1186
2941 26006
2942 128145
2943 2374
2944 14533
2945 877
2946 180
2947 1192
2948 1421
2949 41145
2950 6219
2951 180
2952 877
2953 1822
2954 72070
2955 708
2956 3690
2957 9003
2958 2131
2959 2232
2960 4008
2961 1192
2962 1192
2963 2374
2964 1186
2965 1192
2966 4008
2967 16203
2968 4844
2969 708
2970 1186
2971 16181
2972 11651
2973 877
2974 7788
2975 38839
2976 708
2977 16386
2978 7788
2979 33955
2980 1186
2981 12818
2982 1192
2983 1186
2984 877
2985 36367
2986 1064
2987 3684
2988 1186
2989 2374
2990 1192
2991 931
2992 11240
2993 3481
2994 1186
2995 15011
2996 993
2997 2232
2998 6977
2999 2131
3000 2131
3001 3481
3002 169074
3003 7788
3004 82
3005 3460
3006 26006
3007 171
3008 2092
3009 1561
3010 1514
3011 3690
3012 7611
3013 3640
3014 911
3015 1064
3016 3684
3017 10721
3018 877
3019 1514
3020 1186
3021 877
3022 13362
3023 16950
3024 9003
3025 154
3026 1186
3027 171
3028 5555
3029 321
3030 4839
3031 15518
3032 92406
3033 58071
3034 877
3035 7611
3036 5951
3037 993
3038 3690
3039 426
3040 3690
3041 807
3042 3690
3043 3684
3044 993
3045 7119
3046 18266
3047 1186
3048 4490
3049 3684
3050 6219
3051 993
3052 877
3053 2374
3054 2241
3055 18429
3056 3684
3057 3684
3058 4490
3059 2241
3060 6173
3061 7611
3062 1192
3063 708
3064 6441
3065 19152
3066 3690
3067 1192
3068 22162
3069 127725
3070 807
3071 4903
3072 24862
3073 1192
3074 993
3075 2103
3076 1514
3077 11240
3078 4839
3079 5555
3080 3568
3081 993
3082 3684
3083 11240
3084 3020
3085 3690
3086 6219
3087 18695
3088 92616
3089 46027
3090 3690
3091 32281
3092 1186
3093 34430
3094 418
3095 50676
3096 82
3097 18810
3098 993
3099 1186
3100 558
3101 18869
3102 15011
3103 18767
3104 18936
3105 2814
3106 18767
3107 993
3108 9003
3109 3698
3110 15833
3111 418
3112 5645
3113 11651
3114 877
3115 1186
3116 13101
3117 3659
3118 21777
3119 3690
3120 708
3121 1514
3122 24862
3123 5555
3124 8332
3125 34
3126 418
3127 27502
3128 877
3129 2503
3130 13355
3131 2092
3132 20769
3133 11240
3134 6194
3135 6173
3136 6974
3137 157
3138 3651
3139 2374
3140 708
3141 15011
3142 1192
3143 2241
3144 708
3145 877
3146 27049
3147 20364
3148 154
3149 5555
3150 1514
3151 2241
3152 7611
3153 1186
3154 2718
3155 2092
3156 630
3157 3912
3158 11240
3159 1561
3160 12818
3161 7119
3162 7788
3163 15287
3164 2808
3165 3684
3166 19117
3167 3684
3168 3684
3169 1396
3170 34
3171 2718
3172 6219
3173 6965
3174 9003
3175 2241
3176 1186
3177 6393
3178 3684
3179 1096
3180 8783
3181 6816
3182 783
3183 877
3184 552
3185 1186
3186 12671
3187 11240
3188 3684
3189 20565
3190 708
3191 20740
3192 2718
3193 1192
3194 1186
3195 154
3196 555
3197 3684
3198 53681
3199 8332
3200 12818
3201 877
3202 81574
3203 708
3204 1186
3205 5555
3206 2232
3207 20877
3208 3020
3209 1186
3210 1514
3211 46305
3212 3690
3213 6783
3214 1186
3215 10832
3216 1192
3217 2103
3218 1186
3219 877
3220 12926
3221 5125
3222 24549
3223 8783
3224 34
3225 10832
3226 1514
3227 40924
3228 3684
3229 6393
3230 5199
3231 20682
3232 4839
3233 2374
3234 10832
3235 21338
3236 4826
3237 138561
3238 21353
3239 8783
3240 16399
3241 21751
3242 1064
3243 21390
3244 3684
3245 1064
3246 46021
3247 1822
3248 1064
3249 6965
3250 3684
3251 1945
3252 993
3253 3684
3254 44271
3255 1186
3256 2241
3257 94401
3258 11240
3259 29183
3260 134138
3261 1186
3262 7611
3263 34
3264 21137
3265 2374
3266 13101
3267 6974
3268 708
3269 68426
3270 20225
3271 32663
3272 89553
3273 1186
3274 2718
3275 8783
3276 2241
3277 3684
3278 11240
3279 1945
3280 1186
3281 4653
3282 10832
3283 708
3284 3996
3285 9865
3286 10832
3287 7933
3288 2131
3289 418
3290 24495
3291 1186
3292 1782
3293 708
3294 1064
3295 3640
3296 15833
3297 2103
3298 61
3299 6974
3300 708
3301 21137
3302 10832
3303 1186
3304 708
3305 22008
3306 22206
3307 21777
3308 39278
3309 2718
3310 23221
3311 12818
3312 37889
3313 63738
3314 8783
3315 3684
3316 22703
3317 931
3318 10832
3319 7788
3320 6219
3321 267
3322 75736
3323 1186
3324 34
3325 61
3326 10361
3327 10832
3328 11530
3329 10361
3330 6687
3331 21083
3332 3640
3333 154
3334 21137
3335 1186
3336 18697
3337 15583
3338 6393
3339 22403
3340 1064
3341 22530
3342 1514
3343 34
3344 1822
3345 15778
3346 33090
3347 45509
3348 10090
3349 1863
3350 1186
3351 12818
3352 8791
3353 22701
3354 1186
3355 9119
3356 1064
3357 3684
3358 15011
3359 11240
3360 4490
3361 418
3362 11240
3363 1186
3364 1759
3365 18861
3366 2808
3367 103070
3368 109576
3369 3690
3370 630
3371 1186
3372 21777
3373 12818
3374 15077
3375 8215
3376 23076
3377 2241
3378 7611
3379 22673
3380 63032
3381 1192
3382 3481
3383 877
3384 180
3385 92560
3386 1822
3387 21083
3388 877
3389 23159
3390 60470
3391 877
3392 180
3393 21372
3394 23076
3395 708
3396 8215
3397 9950
3398 877
3399 22673
3400 1860
3401 1111
3402 7788
3403 23345
3404 22673
3405 708
3406 9616
3407 14774
3408 1342
3409 21731
3410 2131
3411 8783
3412 23517
3413 16417
3414 630
3415 6974
3416 630
3417 10776
3418 1514
3419 630
3420 20877
3421 34
3422 8783
3423 23455
3424 708
3425 8783
3426 8783
3427 34
3428 7788
3429 5555
3430 23639
3431 1186
3432 1186
3433 15427
3434 12818
3435 34
3436 3684
3437 6219
3438 1186
3439 15410
3440 61
3441 1295
3442 15143
3443 18861
3444 1192
3445 1186
3446 1192
3447 1186
3448 34177
3449 993
3450 22673
3451 2880
3452 2241
3453 3484
3454 2718
3455 154
3456 2142
3457 171
3458 8783
3459 820
3460 22673
3461 1830
3462 21924
3463 154
3464 20225
3465 708
3466 2374
3467 2718
3468 1262
3469 24404
3470 8783
3471 21551
3472 8783
3473 15077
3474 993
3475 9415
3476 23293
3477 2232
3478 3690
3479 2241
3480 18400
3481 8270
3482 3174
3483 1514
3484 8783
3485 877
3486 9405
3487 8791
3488 4839
3489 993
3490 1186
3491 24246
3492 1186
3493 708
3494 8783
3495 1186
3496 7788
3497 107033
3498 2542
3499 81559
3500 7788
3501 630
3502 2241
3503 6219
3504 7788
3505 34361
3506 877
3507 2131
3508 708
3509 2142
3510 2092
3511 1514
3512 1186
3513 24969
3514 36438
3515 6219
3516 11651
3517 114275
3518 30859
3519 1186
3520 6965
3521 1186
3522 9003
3523 993
3524 1842
3525 1342
3526 1193
3527 20225
3528 3690
3529 21724
3530 1186
3531 10832
3532 993
3533 1064
3534 2241
3535 1186
3536 1186
3537 2241
3538 9655
3539 708
3540 8783
3541 2241
3542 72529
3543 4124
3544 2660
3545 6974
3546 8834
3547 418
3548 2092
3549 993
3550 3690
3551 3690
3552 15077
3553 1945
3554 20535
3555 6393
3556 27041
3557 1111
3558 25608
3559 877
3560 25615
3561 708
3562 630
3563 9486
3564 630
3565 2374
3566 7157
3567 708
3568 7788
3569 7119
3570 34999
3571 708
3572 78230
3573 25098
3574 1186
3575 2241
3576 20225
3577 11651
3578 877
3579 7157
3580 34
3581 8783
3582 1295
3583 6219
3584 154112
3585 25871
3586 16074
3587 877
3588 25900
3589 7788
3590 1945
3591 2241
3592 8783
3593 2374
3594 25674
3595 8783
3596 4490
3597 1192
3598 2151
3599 20225
3600 21137
3601 3684
3602 82
3603 993
3604 3684
3605 7611
3606 8783
3607 20225
3608 2718
3609 6974
3610 8783
3611 20225
3612 22169
3613 4490
3614 64044
3615 2241
3616 8783
3617 25234
3618 6219
3619 4613
3620 23859
3621 1192
3622 3690
3623 7157
3624 8783
3625 2241
3626 418
3627 8783
3628 25995
3629 3690
3630 4846
3631 45954
3632 8783
3633 6974
3634 20225
3635 272
3636 65964
3637 6219
3638 24131
3639 1192
3640 993
3641 8783
3642 708
3643 61
3644 20225
3645 8783
3646 1192
3647 26533
3648 1192
3649 6819
3650 52054
3651 27816
3652 7118
3653 26131
3654 3098
3655 1186
3656 1514
3657 2663
3658 9003
3659 26051
3660 1186
3661 34
3662 1186
3663 20225
3664 2241
3665 34
3666 51618
3667 2718
3668 12818
3669 2374
3670 6974
3671 7611
3672 10832
3673 507
3674 8783
3675 3106
3676 44779
3677 9622
3678 11651
3679 9003
3680 22471
3681 6819
3682 8783
3683 6974
3684 8783
3685 2103
3686 1186
3687 11651
3688 877
3689 61
3690 3690
3691 877
3692 45437
3693 5479
3694 11240
3695 1192
3696 8783
3697 8783
3698 30859
3699 1186
3700 26626
3701 2092
3702 41022
3703 90504
3704 3640
3705 1192
3706 708
3707 61
3708 20225
3709 1186
3710 71119
3711 47327
3712 24131
3713 1192
3714 26764
3715 3684
3716 6219
3717 3690
3718 2131
3719 1186
3720 507
3721 3690
3722 8783
3723 2639
3724 3690
3725 993
3726 11240
3727 1111
3728 2718
3729 2241
3730 2397
3731 160746
3732 708
3733 1186
3734 3690
3735 26481
3736 1186
3737 26626
3738 3684
3739 28014
3740 11240
3741 7257
3742 1186
3743 6974
3744 5555
3745 154
3746 9400
3747 26006
3748 28217
3749 2718
3750 34
3751 708
3752 761
3753 2142
3754 8044
3755 8783
3756 2241
3757 55596
3758 28788
3759 847
3760 21083
3761 28445
3762 8783
3763 4008
3764 21216
3765 7119
3766 1186
3767 28773
3768 23159
3769 28775
3770 6974
3771 28533
3772 708
3773 6586
3774 28938
3775 10832
3776 708
3777 4490
3778 71751
3779 36333
3780 1896
3781 6974
3782 7611
3783 2131
3784 8783
3785 7611
3786 2241
3787 7611
3788 1192
3789 20225
3790 993
3791 102781
3792 36809
3793 20225
3794 68536
3795 21137
3796 29521
3797 3690
3798 28620
3799 5555
3800 21919
3801 7611
3802 50845
3803 115603
3804 1192
3805 11537
3806 2639
3807 52830
3808 95929
3809 1822
3810 24393
3811 4659
3812 1192
3813 3690
3814 10832
3815 3690
3816 1186
3817 877
3818 29453
3819 3684
3820 43529
3821 7611
3822 9434
3823 32696
3824 30790
3825 2837
3826 30371
3827 30273
3828 27058
3829 2639
3830 39650
3831 6974
3832 25995
3833 1186
3834 2398
3835 3684
3836 20299
3837 4008
3838 2241
3839 2374
3840 2718
3841 1186
3842 6965
3843 1186
3844 507
3845 1186
3846 6974
3847 4008
3848 8783
3849 82
3850 87355
3851 877
3852 30431
3853 30541
3854 2639
3855 993
3856 10832
3857 4008
3858 30626
3859 4008
3860 2718
3861 1822
3862 140541
3863 18661
3864 41640
3865 1192
3866 8783
3867 18851
3868 2131
3869 21137
3870 2374
3871 4490
3872 4008
3873 2241
3874 4008
3875 21137
3876 10832
3877 46413
3878 139113
3879 4008
3880 18861
3881 34780
3882 5555
3883 4008
3884 21137
3885 2241
3886 1258
3887 2047
3888 28019
3889 21472
3890 180
3891 9003
3892 993
3893 3684
3894 77539
3895 33099
3896 3690
3897 5717
3898 31276
3899 8783
3900 877
3901 52618
3902 708
3903 73830
3904 1192
3905 1514
3906 2374
3907 1192
3908 22315
3909 653
3910 2142
3911 28367
3912 31714
3913 52107
3914 56613
3915 10090
3916 5555
3917 4490
3918 34
3919 3690
3920 31844
3921 29098
3922 1186
3923 3684
3924 4946
3925 507
3926 31950
3927 993
3928 29808
3929 28019
3930 28854
3931 31426
3932 21011
3933 2135
3934 31714
3935 7788
3936 1396
3937 91173
3938 143806
3939 4846
3940 3684
3941 7119
3942 2374
3943 2241
3944 3684
3945 7788
3946 7119
3947 1396
3948 7102
3949 32394
3950 3336
3951 1396
3952 9434
3953 53162
3954 39164
3955 38087
3956 3594
3957 1967
3958 47009
3959 3119
3960 877
3961 11651
3962 1876
3963 1186
3964 20225
3965 44812
3966 27438
3967 50365
3968 41746
3969 8783
3970 157
3971 10562
3972 11151
3973 7611
3974 993
3975 31401
3976 1030
3977 31426
3978 72261
3979 1111
3980 993
3981 2663
3982 16403
3983 123241
3984 3690
3985 1186
3986 7788
3987 107865
3988 30647
3989 877
3990 7788
3991 48896
3992 60581
3993 122773
3994 426
3995 2241
3996 3684
3997 7788
3998 25280
3999 33970
4000 33970
4001 3020
4002 1192
4003 8791
4004 3684
4005 2639
4006 18625
4007 34451
4008 20299
4009 19079
4010 159017
4011 2295
4012 29098
4013 10832
4014 507
4015 3684
4016 7788
4017 1186
4018 10414
4019 125010
4020 30522
4021 41863
4022 78515
4023 90136
4024 16768
4025 8783
4026 2232
4027 34681
4028 34662
4029 22673
4030 1326
4031 24056
4032 34939
4033 82251
4034 41594
4035 7611
4036 2142
4037 7788
4038 7119
4039 7611
4040 20225
4041 35136
4042 8783
4043 6974
4044 1192
4045 35249
4046 8783
4047 73805
4048 708
4049 8791
4050 125457
4051 708
4052 7119
4053 3684
4054 6965
4055 16399
4056 13162
4057 20299
4058 76811
4059 1192
4060 708
4061 1186
4062 3761
4063 22155
4064 26833
4065 993
4066 34857
4067 1186
4068 708
4069 7611
4070 28634
4071 26006
4072 33638
4073 42379
4074 36089
4075 1186
4076 2241
4077 50537
4078 33226
4079 767
4080 30322
4081 33354
4082 708
4083 37727
4084 2103
4085 2241
4086 105913
4087 877
4088 34681
4089 53266
4090 6037
4091 8019
4092 34007
4093 1186
4094 2241
4095 36529
4096 36448
4097 139243
4098 22315
4099 708
4100 36483
4101 7611
4102 1186
4103 3684
4104 993
4105 1186
4106 63530
4107 3684
4108 1822
4109 708
4110 74288
4111 36809
4112 51428
4113 34662
4114 37160
4115 113919
4116 71655
4117 4490
4118 37082
4119 26006
4120 53241
4121 67946
4122 7611
4123 877
4124 36627
4125 555
4126 2047
4127 36809
4128 3761
4129 7611
4130 103432
4131 26006
4132 8783
4133 2103
4134 1186
4135 6236
4136 2639
4137 118692
4138 53021
4139 1186
4140 8783
4141 5555
4142 877
4143 1186
4144 57444
4145 13023
4146 7788
4147 22673
4148 10832
4149 2103
4150 1192
4151 38111
4152 53385
4153 41787
4154 3690
4155 78403
4156 8783
4157 33170
4158 326
4159 38340
4160 63088
4161 877
4162 2703
4163 708
4164 10832
4165 3353
4166 7119
4167 34007
4168 38843
4169 38844
4170 30522
4171 1186
4172 26006
4173 26409
4174 1186
4175 1192
4176 38111
4177 9031
4178 38857
4179 1822
4180 3684
4181 48178
4182 39476
4183 37954
4184 38772
4185 3684
4186 7788
4187 38371
4188 8783
4189 6965
4190 33638
4191 877
4192 1268
4193 7788
4194 113903
4195 40889
4196 38456
4197 40838
4198 2241
4199 38857
4200 30859
4201 3684
4202 34857
4203 1186
4204 76787
4205 1504
4206 2639
4207 10361
4208 1186
4209 10832
4210 38111
4211 61
4212 39550
4213 2703
4214 23721
4215 30044
4216 105702
4217 37765
4218 92382
4219 38371
4220 14504
4221 4103
4222 2103
4223 1186
4224 2275
4225 26626
4226 2334
4227 21137
4228 8215
4229 1896
4230 3684
4231 1822
4232 102955
4233 56052
4234 877
4235 28611
4236 43719
4237 507
4238 686
4239 426
4240 7157
4241 42379
4242 34
4243 708
4244 426
4245 877
4246 43504
4247 20682
4248 56018
4249 11651
4250 877
4251 41723
4252 6819
4253 44216
4254 44216
4255 426
4256 2374
4257 1192
4258 113908
4259 36809
4260 44522
4261 993
4262 6393
4263 5026
4264 23225
4265 877
4266 30545
4267 80290
4268 81130
4269 30545
4270 11537
4271 50697
4272 40918
4273 10832
4274 44760
4275 25146
4276 44760
4277 10832
4278 39138
4279 34857
4280 3684
4281 1186
4282 2241
4283 51446
4284 1111
4285 708
4286 119425
4287 1186
4288 2241
4289 30789
4290 31147
4291 708
4292 70766
4293 3684
4294 1822
4295 34007
4296 61
4297 2131
4298 2241
4299 34007
4300 30545
4301 65784
4302 8783
4303 20225
4304 31936
4305 1822
4306 877
4307 46345
4308 1111
4309 92852
4310 123247
4311 46422
4312 153222
4313 75647
4314 115676
4315 46522
4316 1186
4317 60334
4318 109823
4319 1186
4320 1111
4321 36809
4322 1186
4323 39132
4324 877
4325 34007
4326 30545
4327 877
4328 94242
4329 708
4330 42379
4331 1186
4332 8783
4333 426
4334 10832
4335 38841
4336 877
4337 33638
4338 8783
4339 10832
4340 42379
4341 1192
4342 5092
4343 1192
4344 30859
4345 47540
4346 86983
4347 1192
4348 47620
4349 877
4350 3684
4351 84225
4352 2131
4353 85691
4354 93315
4355 35136
4356 10832
4357 6341
4358 9434
4359 2241
4360 33354
4361 42379
4362 1192
4363 1186
4364 993
4365 1186
4366 27120
4367 1186
4368 42379
4369 61
4370 1186
4371 26626
4372 2374
4373 48443
4374 48551
4375 7788
4376 708
4377 30859
4378 27540
4379 2131
4380 426
4381 26626
4382 2047
4383 877
4384 1186
4385 4792
4386 507
4387 2241
4388 2131
4389 50446
4390 1186
4391 20225
4392 36809
4393 44434
4394 877
4395 34361
4396 10181
4397 50765
4398 106
4399 99775
4400 6219
4401 51033
4402 15645
4403 3684
4404 1822
4405 993
4406 3690
4407 1186
4408 33638
4409 10181
4410 41928
4411 30859
4412 2241
4413 15864
4414 20225
4415 120822
4416 2241
4417 508
4418 20225
4419 1186
4420 10832
4421 1822
4422 3684
4423 37765
4424 46242
4425 1186
4426 48093
4427 20225
4428 708
4429 6819
4430 426
4431 7005
4432 27936
4433 42379
4434 4425
4435 112475
4436 4826
4437 75405
4438 30859
4439 61
4440 2241
4441 10181
4442 1192
4443 79058
4444 877
4445 99415
4446 52587
4447 7788
4448 84574
4449 52745
4450 555
4451 1959
4452 5996
4453 52744
4454 767
4455 1192
4456 2103
4457 993
4458 19079
4459 7788
4460 53202
4461 10677
4462 126118
4463 46685
4464 1945
4465 11537
4466 42379
4467 426
4468 9003
4469 1192
4470 993
4471 30859
4472 33638
4473 32870
4474 1186
4475 30859
4476 708
4477 60230
4478 135767
4479 48361
4480 993
4481 6978
4482 1822
4483 2241
4484 1186
4485 1192
4486 43889
4487 1186
4488 1192
4489 11537
4490 4103
4491 1186
4492 993
4493 30859
4494 2103
4495 25146
4496 1186
4497 25146
4498 1192
4499 6819
4500 1186
4501 877
4502 95988
4503 877
4504 34007
4505 4103
4506 2241
4507 1997
4508 1822
4509 993
4510 3684
4511 19079
4512 81208
4513 877
4514 993
4515 55554
4516 10832
4517 45709
4518 70375
4519 877
4520 39278
4521 34
4522 9434
4523 1192
4524 1192
4525 1945
4526 35641
4527 11537
4528 33170
4529 1186
4530 6819
4531 1192
4532 45616
4533 1192
4534 708
4535 1396
4536 35181
4537 200
4538 30859
4539 9434
4540 4490
4541 877
4542 34361
4543 25478
4544 48227
4545 507
4546 44801
4547 1192
4548 4103
4549 107700
4550 3690
4551 2103
4552 4103
4553 2241
4554 20225
4555 34
4556 2092
4557 46242
4558 52567
4559 48511
4560 31950
4561 1186
4562 114248
4563 7119
4564 181828
4565 1186
4566 32281
4567 34007
4568 2639
4569 25138
4570 104304
4571 92314
4572 107341
4573 26626
4574 10414
4575 58081
4576 7788
4577 3684
4578 30859
4579 48295
4580 31936
4581 7788
4582 877
4583 26930
4584 1876
4585 8146
4586 1186
4587 4490
4588 32281
4589 30859
4590 708
4591 35705
4592 45616
4593 35264
4594 46421
4595 63343
4596 3684
4597 5555
4598 63289
4599 82180
4600 1192
4601 11537
4602 993
4603 60959
4604 877
4605 58678
4606 7119
4607 89188
4608 8783
4609 20225
4610 26409
4611 133057
4612 7611
4613 820
4614 993
4615 58689
4616 993
4617 61935
4618 10832
4619 32281
4620 61957
4621 45616
4622 37398
4623 7788
4624 3684
4625 71080
4626 877
4627 49056
4628 62869
4629 1186
4630 8783
4631 418
4632 1876
4633 877
4634 3690
4635 63289
4636 877
4637 993
4638 877
4639 81206
4640 60318
4641 123797
4642 877
4643 28065
4644 877
4645 1186
4646 1192
4647 39384
4648 3020
4649 29289
4650 60318
4651 1186
4652 42379
4653 104717
4654 4659
4655 63966
4656 1186
4657 993
4658 33638
4659 44801
4660 1186
4661 64523
4662 44434
4663 33638
4664 6219
4665 1396
4666 63584
4667 36809
4668 9003
4669 24157
4670 3684
4671 6219
4672 8783
4673 12818
4674 8783
4675 8270
4676 33232
4677 93257
4678 7336
4679 8783
4680 8783
4681 63613
4682 3020
4683 67820
4684 20682
4685 106610
4686 34007
4687 3684
4688 57348
4689 1192
4690 1186
4691 1186
4692 35181
4693 70730
4694 106482
4695 107913
4696 66299
4697 993
4698 6965
4699 1396
4700 3684
4701 60131
4702 44801
4703 1186
4704 10414
4705 10832
4706 20682
4707 44434
4708 1192
4709 877
4710 135618
4711 7568
4712 39384
4713 7119
4714 3684
4715 15356
4716 52164
4717 46482
4718 26409
4719 53400
4720 7788
4721 3684
4722 1192
4723 2103
4724 68592
4725 28611
4726 8783
4727 42379
4728 34007
4729 1192
4730 47327
4731 68536
4732 61957
4733 7568
4734 33638
4735 26626
4736 993
4737 6965
4738 39278
4739 3684
4740 7788
4741 28019
4742 27711
4743 39384
4744 3690
4745 63436
4746 993
4747 3684
4748 507
4749 8783
4750 68536
4751 44324
4752 24084
4753 1050
4754 993
4755 6965
4756 63317
4757 64354
4758 51174
4759 7119
4760 105896
4761 3684
4762 68765
4763 34007
4764 1357
4765 70268
4766 68606
4767 41558
4768 34084
4769 8783
4770 1186
4771 14734
4772 1186
4773 271
4774 555
4775 1186
4776 14835
4777 4103
4778 3684
4779 68765
4780 3684
4781 66829
4782 6441
4783 68599
4784 103237
4785 47355
4786 86450
4787 86028
4788 39384
4789 120814
4790 1186
4791 35264
4792 8783
4793 26626
4794 72091
4795 8783
4796 72048
4797 14476
4798 62506
4799 91147
4800 72048
4801 1192
4802 26626
4803 1822
4804 105913
4805 877
4806 4659
4807 72306
4808 91103
4809 8783
4810 555
4811 993
4812 72070
4813 2131
4814 4103
4815 877
4816 72629
4817 7788
4818 72736
4819 1192
4820 30859
4821 993
4822 69223
4823 3684
4824 91365
4825 6965
4826 57105
4827 12971
4828 28611
4829 993
4830 69223
4831 8783
4832 72091
4833 1186
4834 72992
4835 8783
4836 20225
4837 26626
4838 15369
4839 8783
4840 7788
4841 71869
4842 1192
4843 33638
4844 3690
4845 2103
4846 20225
4847 72091
4848 21777
4849 1561
4850 3684
4851 1192
4852 37015
4853 53731
4854 30859
4855 8278
4856 3106
4857 3684
4858 69621
4859 1192
4860 4103
4861 7157
4862 69681
4863 1186
4864 9345
4865 104596
4866 23626
4867 63467
4868 8278
4869 30859
4870 1192
4871 54928
4872 3684
4873 30859
4874 426
4875 11635
4876 57105
4877 1192
4878 2103
4879 20225
4880 426
4881 1186
4882 34118
4883 1192
4884 69051
4885 63467
4886 69390
4887 21276
4888 61
4889 36809
4890 34857
4891 68765
4892 3684
4893 67733
4894 3690
4895 30859
4896 877
4897 34361
4898 1186
4899 44801
4900 1192
4901 42379
4902 11635
4903 708
4904 8783
4905 72048
4906 41868
4907 86287
4908 42379
4909 75598
4910 1192
4911 1186
4912 8783
4913 1186
4914 7788
4915 32701
4916 11635
4917 1186
4918 42379
4919 1186
4920 11635
4921 72091
4922 993
4923 3684
4924 28954
4925 1186
4926 91499
4927 69210
4928 10832
4929 33638
4930 77451
4931 105640
4932 63644
4933 72091
4934 1192
4935 10832
4936 77451
4937 26626
4938 38962
4939 72014
4940 72048
4941 993
4942 20225
4943 8783
4944 1192
4945 10832
4946 11635
4947 63289
4948 77561
4949 10832
4950 1186
4951 3690
4952 11635
4953 8783
4954 63289
4955 2103
4956 57105
4957 1186
4958 70109
4959 8783
4960 39384
4961 30859
4962 11537
4963 1186
4964 30859
4965 1192
4966 63011
4967 94881
4968 69621
4969 10832
4970 10832
4971 993
4972 14734
4973 10832
4974 26409
4975 30859
4976 2131
4977 77582
4978 10832
4979 8783
4980 100830
4981 30859
4982 1186
4983 72048
4984 8783
4985 42489
4986 4659
4987 877
4988 2103
4989 11537
4990 10414
4991 30859
4992 5555
4993 3020
4994 993
4995 7611
4996 10832
4997 45616
4998 6219
4999 30859
5000 1192
5001 10832
5002 4103
5003 124624
5004 9415
5005 38841
5006 84804
5007 72992
5008 37971
5009 85946
5010 110427
5011 1186
5012 993
5013 12971
5014 24164
5015 1186
5016 10832
5017 61910
5018 89695
5019 136419
5020 426
5021 507
5022 1186
5023 64235
5024 30859
5025 8783
5026 19079
5027 165460
5028 1186
5029 8783
5030 39278
5031 28620
5032 39384
5033 3690
5034 10832
5035 1186
5036 993
5037 20225
5038 42489
5039 1186
5040 1192
5041 8783
5042 10832
5043 12971
5044 30859
5045 63644
5046 3684
5047 8783
5048 30199
5049 96
5050 5469
5051 507
5052 44801
5053 64556
5054 63584
5055 10832
5056 42489
5057 3690
5058 74024
5059 1186
5060 1514
5061 1186
5062 10832
5063 4103
5064 3690
5065 1192
5066 10832
5067 1186
5068 1192
5069 20225
5070 154
5071 6965
5072 10832
5073 4490
5074 10832
5075 26626
5076 1192
5077 11635
5078 5555
5079 39278
5080 33638
5081 8783
5082 3690
5083 23721
5084 10832
5085 50728
5086 33638
5087 37765
5088 3690
5089 20225
5090 1342
5091 3020
5092 33155
5093 708
5094 8783
5095 3684
5096 3710
5097 1822
5098 2639
5099 30859
5100 20225
5101 708
5102 45014
5103 30859
5104 20225
5105 1192
5106 4103
5107 30859
5108 4103
5109 993
5110 1822
5111 2103
5112 1186
5113 72048
5114 6381
5115 44838
5116 1192
5117 708
5118 72048
5119 1186
5120 3690
5121 113767
5122 1192
5123 30859
5124 44838
5125 82278
5126 30859
5127 14476
5128 131405
5129 39611
5130 92192
5131 44838
5132 4103
5133 14476
5134 3690
5135 8783
5136 20225
5137 6965
5138 1822
5139 6219
5140 67733
5141 61
5142 10650
5143 10832
5144 1186
5145 33970
5146 42379
5147 44838
5148 72048
5149 42379
5150 1186
5151 57105
5152 708
5153 30859
5154 1192
5155 1186
5156 39384
5157 86880
5158 3690
5159 30859
5160 6965
5161 57105
5162 1186
5163 44801
5164 1822
5165 993
5166 7568
5167 44801
5168 83893
5169 44838
5170 6819
5171 1186
5172 30859
5173 44434
5174 26654
5175 27509
5176 993
5177 87103
5178 44838
5179 22823
5180 37655
5181 87463
5182 87535
5183 14734
5184 1192
5185 4103
5186 28019
5187 2453
5188 44838
5189 63011
5190 57105
5191 993
5192 72048
5193 66829
5194 1192
5195 3020
5196 20225
5197 1336
5198 3020
5199 39345
5200 1192
5201 79720
5202 68931
5203 39278
5204 1192
5205 44838
5206 3684
5207 993
5208 72048
5209 3690
5210 34007
5211 2639
5212 28019
5213 88620
5214 1186
5215 11635
5216 1192
5217 44838
5218 1186
5219 72091
5220 61
5221 30859
5222 1192
5223 10832
5224 44838
5225 20225
5226 8783
5227 34857
5228 61
5229 6965
5230 1192
5231 5555
5232 30545
5233 6965
5234 72048
5235 14476
5236 7611
5237 147940
5238 31995
5239 90710
5240 36809
5241 5845
5242 90721
5243 1192
5244 91967
5245 33354
5246 22075
5247 10832
5248 10832
5249 630
5250 30859
5251 10832
5252 30859
5253 1192
5254 11537
5255 3684
5256 55596
5257 46185
5258 10832
5259 66829
5260 52344
5261 10832
5262 30859
5263 93035
5264 57247
5265 1192
5266 1186
5267 3684
5268 34007
5269 38841
5270 63644
5271 630
5272 91525
5273 877
5274 51275
5275 41723
5276 807
5277 10832
5278 61957
5279 8783
5280 92033
5281 38841
5282 77017
5283 911
5284 9950
5285 92378
5286 653
5287 1192
5288 30859
5289 1192
5290 3684
5291 111825
5292 33170
5293 91176
5294 55596
5295 11635
5296 2103
5297 1186
5298 3690
5299 1186
5300 4103
5301 30859
5302 39384
5303 30859
5304 30859
5305 2103
5306 1186
5307 86623
5308 10832
5309 114900
5310 1186
5311 1192
5312 11537
5313 44434
5314 46185
5315 20225
5316 3690
5317 993
5318 10832
5319 6965
5320 93832
5321 11537
5322 1192
5323 11537
5324 44434
5325 42379
5326 1186
5327 11537
5328 2103
5329 3690
5330 46185
5331 12818
5332 993
5333 108002
5334 44434
5335 33170
5336 1192
5337 6965
5338 36809
5339 36809
5340 92819
5341 39384
5342 89077
5343 94431
5344 993
5345 30859
5346 20225
5347 36809
5348 42350
5349 93035
5350 8783
5351 80530
5352 3690
5353 30859
5354 57257
5355 1192
5356 30859
5357 1192
5358 94938
5359 30859
5360 46185
5361 141122
5362 8846
5363 95190
5364 79823
5365 66829
5366 24327
5367 20225
5368 30859
5369 46185
5370 2103
5371 11537
5372 97829
5373 30859
5374 37243
5375 6965
5376 5555
5377 30859
5378 3690
5379 1186
5380 10832
5381 92056
5382 8783
5383 10832
5384 20225
5385 1192
5386 4103
5387 42379
5388 81761
5389 1192
5390 10832
5391 3690
5392 20225
5393 10832
5394 2232
5395 34007
5396 68986
5397 1186
5398 30859
5399 92376
5400 37203
5401 993
5402 1186
5403 708
5404 63644
5405 30859
5406 3690
5407 11537
5408 10832
5409 69328
5410 87591
5411 34007
5412 708
5413 55596
5414 1192
5415 48511
5416 10832
5417 6819
5418 3690
5419 993
5420 94938
5421 8783
5422 94938
5423 1192
5424 107045
5425 1822
5426 3690
5427 3684
5428 2142
5429 4490
5430 2131
5431 8783
5432 97774
5433 93384
5434 39278
5435 39384
5436 993
5437 6965
5438 8783
5439 26626
5440 70109
5441 143761
5442 11537
5443 30859
5444 14476
5445 34007
5446 36809
5447 507
5448 72992
5449 993
5450 92819
5451 30859
5452 8783
5453 67405
5454 72048
5455 36809
5456 34007
5457 3690
5458 1186
5459 41928
5460 67405
5461 42379
5462 3690
5463 26654
5464 14476
5465 3690
5466 11537
5467 20225
5468 69275
5469 426
5470 101243
5471 70761
5472 61
5473 39384
5474 42379
5475 3690
5476 6236
5477 39278
5478 11537
5479 78230
5480 60085
5481 3690
5482 30859
5483 86732
5484 20225
5485 3690
5486 99943
5487 993
5488 60085
5489 100225
5490 8783
5491 3690
5492 4003
5493 105942
5494 109549
5495 63467
5496 101326
5497 30859
5498 3690
5499 20225
5500 30859
5501 63011
5502 105693
5503 6219
5504 993
5505 28019
5506 993
5507 1192
5508 2103
5509 87965
5510 10832
5511 32929
5512 38996
5513 1514
5514 63896
5515 1822
5516 3684
5517 158236
5518 137660
5519 133905
5520 71869
5521 3684
5522 993
5523 1876
5524 26654
5525 3684
5526 993
5527 1192
5528 39384
5529 1192
5530 95007
5531 1822
5532 6219
5533 877
5534 30859
5535 426
5536 63644
5537 63467
5538 426
5539 10832
5540 1192
5541 104717
5542 993
5543 26426
5544 993
5545 73833
5546 109166
5547 93035
5548 1822
5549 993
5550 426
5551 15356
5552 28019
5553 154
5554 2103
5555 50765
5556 1822
5557 26426
5558 426
5559 3690
5560 2131
5561 426
5562 1186
5563 5555
5564 6236
5565 41415
5566 53731
5567 46598
5568 3322
5569 36809
5570 72091
5571 64311
5572 109809
5573 36809
5574 30859
5575 130084
5576 76763
5577 3684
5578 72070
5579 1186
5580 4490
5581 60085
5582 39384
5583 1192
5584 33354
5585 2232
5586 3690
5587 111307
5588 1186
5589 111064
5590 3690
5591 110855
5592 95007
5593 110893
5594 2131
5595 4008
5596 1192
5597 30859
5598 111414
5599 110855
5600 11639
5601 1186
5602 993
5603 26626
5604 111811
5605 65699
5606 52344
5607 112095
5608 14476
5609 3690
5610 993
5611 1822
5612 993
5613 44434
5614 993
5615 1192
5616 993
5617 4008
5618 1192
5619 63896
5620 993
5621 1396
5622 14734
5623 86614
5624 157
5625 30859
5626 43889
5627 1192
5628 10832
5629 1192
5630 993
5631 993
5632 2639
5633 2103
5634 30859
5635 3684
5636 2639
5637 111811
5638 2639
5639 111890
5640 1192
5641 113569
5642 110283
5643 2639
5644 993
5645 3690
5646 1192
5647 95592
5648 3684
5649 7119
5650 993
5651 10832
5652 993
5653 6965
5654 10832
5655 1822
5656 87836
5657 1822
5658 111811
5659 3684
5660 160808
5661 3684
5662 2639
5663 1186
5664 426
5665 112361
5666 2639
5667 3684
5668 88191
5669 44434
5670 993
5671 72048
5672 1186
5673 7119
5674 2639
5675 3690
5676 10832
5677 993
5678 111811
5679 10832
5680 1186
5681 23721
5682 426
5683 115588
5684 10832
5685 86623
5686 2103
5687 3690
5688 3020
5689 1186
5690 1186
5691 89400
5692 1357
5693 116365
5694 5555
5695 6965
5696 426
5697 1186
5698 993
5699 46773
5700 95007
5701 1186
5702 993
5703 112361
5704 7119
5705 3690
5706 426
5707 36809
5708 110455
5709 993
5710 10832
5711 14476
5712 426
5713 35468
5714 116365
5715 41723
5716 39083
5717 1186
5718 10832
5719 1192
5720 1514
5721 1192
5722 104717
5723 1186
5724 993
5725 1192
5726 43889
5727 993
5728 31995
5729 104717
5730 1192
5731 3690
5732 14476
5733 71655
5734 2639
5735 10832
5736 1186
5737 426
5738 2131
5739 10832
5740 1822
5741 6965
5742 41723
5743 50912
5744 38968
5745 68931
5746 3690
5747 38968
5748 104717
5749 35450
5750 116653
5751 118844
5752 2639
5753 112361
5754 60898
5755 8783
5756 426
5757 157
5758 3684
5759 6236
5760 110455
5761 1396
5762 6965
5763 157
5764 10832
5765 63845
5766 426
5767 11334
5768 1822
5769 1396
5770 993
5771 3020
5772 157
5773 104717
5774 1192
5775 1192
5776 104717
5777 36809
5778 3684
5779 2639
5780 123491
5781 120128
5782 104717
5783 30859
5784 32281
5785 31995
5786 104717
5787 1822
5788 10832
5789 993
5790 15356
5791 32281
5792 104717
5793 37395
5794 110455
5795 112254
5796 112361
5797 110455
5798 36809
5799 2639
5800 110455
5801 2639
5802 104717
5803 39384
5804 1396
5805 1192
5806 10832
5807 32281
5808 39278
5809 33638
5810 110455
5811 10832
5812 175455
5813 146320
5814 118907
5815 6965
5816 110455
5817 112822
5818 52344
5819 2103
5820 48093
5821 1192
5822 44838
5823 32281
5824 2103
5825 60085
5826 32281
5827 104717
5828 57632
5829 44434
5830 121211
5831 32281
5832 48093
5833 426
5834 52344
5835 1192
5836 104717
5837 426
5838 30859
5839 117459
5840 1876
5841 104717
5842 2232
5843 124448
5844 30859
5845 1192
5846 104717
5847 157
5848 61
5849 124660
5850 124645
5851 44838
5852 98571
5853 30859
5854 116653
5855 3684
5856 2639
5857 426
5858 121101
5859 32281
5860 1186
5861 1192
5862 426
5863 32281
5864 104717
5865 63644
5866 28330
5867 8278
5868 117038
5869 89400
5870 2047
5871 32281
5872 30859
5873 104717
5874 1192
5875 32281
5876 125411
5877 32281
5878 30859
5879 104717
5880 48093
5881 110455
5882 32281
5883 1192
5884 104717
5885 6965
5886 2103
5887 110455
5888 931
5889 35641
5890 104717
5891 3020
5892 87836
5893 1192
5894 104717
5895 74176
5896 15356
5897 39384
5898 993
5899 44838
5900 2512
5901 1268
5902 39083
5903 144307
5904 3690
5905 97765
5906 36809
5907 104717
5908 83113
5909 2639
5910 3684
5911 88191
5912 7788
5913 2639
5914 112361
5915 44434
5916 39384
5917 128145
5918 10832
5919 125545
5920 1192
5921 104717
5922 15356
5923 42379
5924 30859
5925 9031
5926 31401
5927 98571
5928 128145
5929 15356
5930 426
5931 6621
5932 104717
5933 124448
5934 993
5935 40938
5936 1192
5937 104717
5938 4103
5939 23721
5940 131855
5941 39278
5942 38456
5943 84227
5944 993
5945 10832
5946 41723
5947 7279
5948 426
5949 1186
5950 48093
5951 41723
5952 33638
5953 10832
5954 104717
5955 126936
5956 3684
5957 1822
5958 10832
5959 39083
5960 2512
5961 61
5962 133188
5963 1192
5964 60085
5965 132645
5966 39083
5967 10832
5968 10414
5969 63284
5970 132644
5971 108816
5972 6311
5973 104717
5974 125573
5975 44434
5976 105012
5977 48093
5978 66721
5979 7119
5980 38456
5981 32281
5982 132645
5983 98571
5984 135138
5985 426
5986 98967
5987 426
5988 98967
5989 426
5990 124448
5991 32281
5992 126936
5993 32281
5994 125494
5995 74105
5996 1192
5997 30859
5998 3690
5999 4103
6000 426
6001 157
6002 993
6003 32281
6004 136264
6005 32281
6006 136284
6007 63011
6008 97765
6009 10650
6010 2639
6011 34007
6012 5754
6013 32281
6014 5273
6015 2103
6016 32281
6017 1192
6018 44434
6019 30859
6020 104717
6021 30859
6022 35503
6023 116653
6024 121114
6025 151260
6026 122555
6027 138864
6028 426
6029 116365
6030 44838
6031 61
6032 30859
6033 146283
6034 134879
6035 426
6036 23721
6037 8115
6038 653
6039 630
6040 30859
6041 7157
6042 32281
6043 32281
6044 2639
6045 34007
6046 46773
6047 1192
6048 993
6049 104717
6050 124448
6051 60085
6052 98967
6053 2639
6054 3684
6055 1050
6056 3106
6057 993
6058 30859
6059 44434
6060 3684
6061 34857
6062 1396
6063 3684
6064 630
6065 116653
6066 1186
6067 30859
6068 23369
6069 108119
6070 2639
6071 39278
6072 108119
6073 126936
6074 1192
6075 1186
6076 1186
6077 126936
6078 116653
6079 2232
6080 30859
6081 63896
6082 48093
6083 30859
6084 6219
6085 108119
6086 124448
6087 44434
6088 45616
6089 3690
6090 2103
6091 126936
6092 143751
6093 39384
6094 630
6095 630
6096 140461
6097 63613
6098 110455
6099 3684
6100 110455
6101 1192
6102 104717
6103 1186
6104 110455
6105 10832
6106 144922
6107 1396
6108 126936
6109 993
6110 116653
6111 99943
6112 145297
6113 1192
6114 41723
6115 10832
6116 110455
6117 33638
6118 2103
6119 10832
6120 8783
6121 30859
6122 116183
6123 6965
6124 82422
6125 116653
6126 99943
6127 10832
6128 146778
6129 10832
6130 2639
6131 30859
6132 1186
6133 1192
6134 10832
6135 1192
6136 104717
6137 3684
6138 1822
6139 44838
6140 33638
6141 61
6142 104717
6143 1192
6144 8215
6145 1186
6146 57105
6147 1186
6148 126936
6149 1186
6150 20225
6151 426
6152 15356
6153 32281
6154 1186
6155 3690
6156 30859
6157 155153
6158 19079
6159 426
6160 37801
6161 112253
6162 60085
6163 32281
6164 126936
6165 1186
6166 32281
6167 126936
6168 32281
6169 149630
6170 147667
6171 111607
6172 99943
6173 993
6174 2103
6175 32281
6176 39278
6177 2639
6178 993
6179 141593
6180 1822
6181 993
6182 426
6183 51898
6184 10832
6185 2131
6186 45616
6187 149935
6188 39384
6189 39278
6190 10832
6191 94590
6192 1192
6193 44434
6194 10832
6195 46290
6196 6965
6197 44945
6198 39278
6199 44642
6200 60085
6201 44945
6202 39278
6203 44434
6204 32281
6205 63
6206 32281
6207 104717
6208 68325
6209 6965
6210 39278
6211 6965
6212 8783
6213 53747
6214 1186
6215 426
6216 993
6217 6965
6218 104717
6219 151996
6220 10832
6221 39384
6222 1186
6223 32281
6224 176527
6225 2639
6226 361
6227 110455
6228 3690
6229 1192
6230 44945
6231 104717
6232 3690
6233 1192
6234 1192
6235 126936
6236 6141
6237 426
6238 140866
6239 112253
6240 39083
6241 157
6242 32281
6243 39278
6244 153386
6245 30859
6246 32281
6247 1192
6248 32281
6249 993
6250 1192
6251 147776
6252 15787
6253 44434
6254 120854
6255 154141
6256 2639
6257 61
6258 63011
6259 44434
6260 1186
6261 41723
6262 426
6263 156492
6264 147776
6265 10832
6266 10832
6267 1876
6268 126936
6269 30859
6270 426
6271 95107
6272 131487
6273 42379
6274 1186
6275 124448
6276 15356
6277 28019
6278 426
6279 149341
6280 112253
6281 126936
6282 1186
6283 3020
6284 116653
6285 2639
6286 31164
6287 145508
6288 3684
6289 149341
6290 139178
6291 1192
6292 6141
6293 151544
6294 41723
6295 10361
6296 2639
6297 15356
6298 60085
6299 2103
6300 87836
6301 169548
6302 133992
6303 60085
6304 147776
6305 126936
6306 8783
6307 126936
6308 32281
6309 45616
6310 160166
6311 1186
6312 32281
6313 30859
6314 3690
6315 41723
6316 161096
6317 23721
6318 30859
6319 2639
6320 154256
6321 877
6322 158002
6323 1186
6324 116653
6325 6965
6326 993
6327 1192
6328 30859
6329 993
6330 161523
6331 126936
6332 151544
6333 46773
6334 630
6335 30859
6336 157
6337 8783
6338 41723
6339 39384
6340 163052
6341 53319
6342 104717
6343 109246
6344 1192
6345 1186
6346 1186
6347 10267
6348 104717
6349 1186
6350 1192
6351 45616
6352 38158
6353 87836
6354 4103
6355 1876
6356 7279
6357 158002
6358 2103
6359 36809
6360 10414
6361 151544
6362 993
6363 60085
6364 61
6365 137232
6366 3690
6367 4103
6368 126936
6369 28019
6370 6141
6371 110455
6372 3690
6373 104717
6374 3690
6375 104717
6376 3690
6377 32281
6378 1192
6379 32281
6380 1192
6381 6141
6382 144393
6383 30859
6384 126936
6385 110455
6386 60085
6387 3690
6388 10832
6389 2639
6390 23721
6391 87836
6392 6141
6393 144393
6394 3690
6395 993
6396 23721
6397 10832
6398 117038
6399 126936
6400 1192
6401 1186
6402 104717
6403 1192
6404 30859
6405 104717
6406 126936
6407 1876
6408 24505
6409 104717
6410 993
6411 36809
6412 1192
6413 993
6414 104717
6415 1192
6416 41723
6417 21924
6418 124448
6419 6141
6420 1192
6421 104717
6422 124448
6423 147776
6424 66771
6425 1192
6426 104717
6427 87836
6428 61
6429 144393
6430 45616
6431 6141
6432 1186
6433 10832
6434 36809
6435 61
6436 44945
6437 6141
6438 32281
6439 104717
6440 1192
6441 104717
6442 144393
6443 60085
6444 426
6445 41723
6446 6141
6447 6141
6448 42459
6449 1186
6450 6141
6451 1186
6452 144393
6453 3690
6454 44434
6455 993
6456 1186
6457 104102
6458 1186
6459 21924
6460 10414
6461 1186
6462 6141
6463 144393
6464 104717
6465 993
6466 126936
6467 6141
6468 126936
6469 426
6470 32281
6471 87836
6472 3690
6473 144393
6474 145949
6475 37825
6476 1192
6477 104717
6478 3690
6479 126936
6480 179531
6481 16496
6482 73449
6483 10832
6484 1186
6485 30859
6486 126936
6487 44434
6488 12916
6489 2103
6490 39384
6491 1186
6492 112791
6493 6141
6494 104717
6495 41723
6496 104717
6497 39083
6498 1192
6499 104717
6500 87965
6501 2103
6502 1192
6503 104717
6504 10832
6505 2103
6506 176905
6507 23721
6508 6141
6509 175189
6510 3690
6511 87836
6512 68127
6513 42379
6514 145266
6515 179264
6516 181922
6517 44945
6518 175189
6519 32281
6520 39278
6521 6965
6522 32281
6523 175189
6524 183265
6525 993
6526 1876
6527 126936
6528 6141
6529 44434
6530 6141
6531 1192
6532 6141
6533 32281
6534 44945
6535 68127
6536 145949
6537 36809
6538 149630
6539 10832
6540 152218
6541 10832
6542 125573
6543 9003
6544 10832
6545 87836
6546 161005
6547 170408
6548 110455
6549 3684
6550 186086
6551 135062
6552 144393
6553 136353
6554 126936
6555 95107
6556 187692
6557 8783
6558 1186
6559 112822
6560 32281
6561 8783
6562 68662
6563 157
6564 150434
6565 44945
6566 126936
6567 2103
6568 68127
6569 6141
6570 2103
6571 1192
6572 144393
6573 30859
6574 6389
6575 39083
6576 144393
6577 1192
6578 144393
6579 1186
6580 41723
6581 32281
6582 63284
6583 32281
6584 1192
6585 110455
6586 68127
6587 112822
6588 121223
6589 1186
6590 39278
6591 8783
6592 63284
6593 60085
6594 144393
6595 23721
6596 36809
6597 87396
6598 104717
6599 6141
6600 2703
6601 993
6602 144393
6603 112822
6604 1192
6605 110455
6606 3684
6607 34857
6608 30859
6609 23721
6610 32281
6611 151544
6612 99746
6613 126936
6614 12874
6615 61
6616 144393
6617 124448
6618 30859
6619 95107
6620 72529
6621 39083
6622 95107
6623 21924
6624 46773
6625 126936
6626 60085
6627 6965
6628 23721
6629 144393
6630 2103
6631 186524
6632 46773
6633 61
6634 23721
6635 46773
6636 42379
6637 195610
6638 126936
6639 195637
6640 95107
6641 176905
6642 68127