question id postid score postid score ..... 
1 1 161 2 85 3 61 4 30 5 29 6 18 7 8 8 5 9 5 
2 10 44 11 23 12 12 13 8 14 5 
3 15 33 16 17 17 9 18 7 19 7 20 5 21 5 
4 22 61 23 22 24 12 25 6 26 5 
5 27 15 28 15 29 8 
6 30 135 31 116 32 18 33 16 34 15 35 5 
7 36 25 37 17 
8 38 57 39 22 40 17 41 11 42 10 43 9 44 6 45 5 
9 46 26 47 22 48 7 
10 49 9 50 7 51 6 
11 52 11 53 9 
12 54 16 55 16 56 15 57 7 
13 58 14 59 9 60 5 
14 61 81 62 50 63 28 64 14 65 8 
15 66 67 67 25 68 17 69 10 70 6 
16 71 8 72 6 
17 73 25 74 8 
18 75 16 76 13 
19 77 13 78 11 79 7 80 5 81 5 
20 82 31 83 13 
21 84 12 85 6 
22 86 10 87 7 
23 88 14 89 8 
24 90 17 91 6 92 5 93 5 
25 94 38 95 23 96 16 97 7 98 6 
26 99 71 100 46 101 29 102 12 103 10 
27 104 37 105 21 106 9 107 7 
28 108 156 109 102 110 10 111 7 
29 112 7 113 5 
30 114 32 115 13 116 8 117 7 118 6 119 5 
31 120 81 121 66 122 30 123 29 124 12 125 7 126 5 
32 127 19 128 16 129 7 
33 130 27 131 6 
34 132 12 133 11 134 10 135 8 136 8 137 5 138 5 139 5 140 5 141 5 
35 142 10 143 5 
36 144 9 145 8 146 6 147 5 
37 148 22 149 8 
38 150 59 151 11 
39 152 6 153 5 
40 154 16 155 8 156 8 
41 157 6 158 6 
42 159 89 160 18 161 15 
43 162 15 163 9 164 8 165 6 
44 166 12 167 11 168 7 169 5 170 5 
45 171 22 172 10 173 6 
46 174 6 175 5 
47 176 16 177 8 
48 178 29 179 7 
49 180 10 181 7 
50 182 13 183 10 184 5 
51 185 8 186 5 
52 187 29 188 22 
53 189 25 190 6 191 5 
54 192 17 193 13 194 9 
55 195 56 196 23 197 15 198 13 
56 199 7 200 5 
57 201 15 202 11 
58 203 18 204 7 
59 205 7 206 5 
60 207 8 208 5 
61 209 13 210 9 211 8 212 7 213 7 214 5 
62 215 43 216 21 217 8 
63 218 11 219 10 
64 220 29 221 13 222 9 223 6 224 5 
65 225 15 226 7 
66 227 29 228 18 229 14 230 10 231 9 232 8 
67 233 15 234 10 235 9 
68 236 5 237 5 238 5 239 5 
69 240 12 241 9 
70 242 52 243 9 
71 244 17 245 10 
72 246 12 247 12 248 5 
73 249 7 250 5 
74 251 10 252 7 253 6 254 5 
75 255 9 256 8 257 7 
76 258 17 259 12 260 7 
77 261 37 262 10 263 5 
78 264 38 265 8 266 5 
79 267 80 268 59 269 27 270 26 271 21 272 20 273 16 274 14 275 13 276 12 277 10 278 10 279 8 280 7 281 5 
80 282 13 283 7 284 7 
81 285 7 286 6 287 5 
82 288 11 289 7 
83 290 17 291 15 
84 292 9 293 5 
85 294 27 295 19 
86 296 7 297 6 298 5 
87 299 16 300 7 
88 301 45 302 31 
89 303 30 304 16 305 8 306 5 
90 307 18 308 7 
91 309 10 310 9 311 5 
92 312 42 313 25 314 13 315 12 316 8 
93 317 42 318 23 319 21 320 14 321 9 322 5 323 5 
94 324 15 325 8 
95 326 11 327 11 328 6 
96 329 23 330 9 331 5 
97 332 17 333 15 334 5 
98 335 7 336 6 
99 337 6 338 5 
100 339 9 340 7 
101 341 32 342 13 343 8 344 8 345 7 346 5 347 5 
102 348 17 349 14 
103 350 12 351 9 
104 352 30 353 17 354 13 355 8 356 8 357 5 
105 358 15 359 6 
106 360 6 361 5 
107 362 18 363 7 364 5 
108 365 12 366 7 
109 367 40 368 5 
110 369 15 370 8 
111 371 25 372 5 
112 373 9 374 5 
113 375 21 376 5 
114 377 5 378 5 
115 379 21 380 19 381 7 
116 382 10 383 6 384 6 
117 385 6 386 6 
118 387 20 388 12 
119 389 19 390 10 391 5 392 5 
120 393 8 394 7 
121 395 10 396 8 
122 397 7 398 5 
123 399 44 400 9 
124 401 55 402 30 403 13 404 6 
125 405 14 406 5 
126 407 29 408 13 409 9 410 6 411 6 412 6 413 5 414 5 415 5 
127 416 18 417 12 
128 418 19 419 15 420 14 
129 421 7 422 6 
130 423 14 424 7 425 6 
131 426 21 427 9 428 5 
132 429 12 430 9 
133 431 117 432 30 433 22 
134 434 9 435 5 
135 436 11 437 8 
136 438 10 439 6 
137 440 14 441 9 442 8 443 6 
138 444 10 445 9 
139 446 41 447 14 448 9 449 7 
140 450 5 451 5 
141 452 8 453 6 
142 454 13 455 10 456 6 
143 457 12 458 12 459 5 
144 460 8 461 6 462 5 
145 463 7 464 6 
146 465 10 466 8 467 6 
147 468 8 469 5 
148 470 60 471 36 472 15 473 7 474 6 
149 475 12 476 6 
150 477 6 478 5 
151 479 16 480 7 
152 481 7 482 6 
153 483 27 484 11 
154 485 7 486 6 
155 487 84 488 31 489 20 
156 490 16 491 15 
157 492 21 493 6 494 5 495 5 
158 496 1563 497 358 498 110 499 71 500 35 501 33 502 19 
159 503 7 504 6 
160 505 26 506 25 
161 507 11 508 5 
162 509 23 510 7 511 6 
163 512 8 513 6 
164 514 155 515 35 516 18 517 16 518 9 
165 519 17 520 6 521 5 
166 522 12 523 9 
167 524 13 525 7 
168 526 9 527 6 528 6 
169 529 6 530 6 
170 531 11 532 9 533 8 534 5 
171 535 120 536 6 
172 537 14 538 6 539 5 
173 540 7 541 5 
174 542 6 543 5 
175 544 11 545 8 
176 546 22 547 6 
177 548 11 549 6 
178 550 12 551 10 
179 552 8 553 7 
180 554 12 555 9 
181 556 12 557 6 
182 558 18 559 9 
183 560 10 561 7 562 7 563 5 564 5 
184 565 32 566 14 
185 567 34 568 23 569 10 
186 570 13 571 5 
187 572 21 573 11 574 5 
188 575 37 576 21 
189 577 29 578 13 579 5 
190 580 15 581 10 
191 582 9 583 8 
192 584 27 585 6 586 6 
193 587 18 588 7 
194 589 6 590 5 
195 591 8 592 8 
196 593 10 594 7 595 5 
197 596 28 597 9 
198 598 35 599 5 
199 600 15 601 7 
200 602 27 603 17 604 15 
201 605 39 606 21 607 7 608 5 
202 609 9 610 6 611 5 
203 612 9 613 7 
204 614 12 615 9 616 7 617 6 
205 618 8 619 7 620 5 
206 621 24 622 13 623 10 624 8 
207 625 27 626 14 
208 627 5 628 5 
209 629 6 630 6 
210 631 11 632 11 
211 633 6 634 5 
212 635 7 636 6 
213 637 29 638 14 639 9 
214 640 10 641 8 
215 642 19 643 17 
216 644 10 645 5 
217 646 23 647 7 648 7 
218 649 10 650 9 
219 651 11 652 8 
220 653 56 654 17 655 14 656 6 
221 657 27 658 9 659 8 660 8 661 5 
222 662 12 663 5 
223 664 6 665 5 
224 666 35 667 25 
225 668 29 669 14 670 13 671 8 
226 672 13 673 6 
227 674 17 675 17 676 6 677 5 
228 678 6 679 5 
229 680 13 681 7 
230 682 17 683 7 
231 684 11 685 10 
232 686 7 687 6 
233 688 41 689 5 690 5 
234 691 6 692 5 
235 693 26 694 19 695 5 
236 696 12 697 7 
237 698 14 699 8 
238 700 43 701 14 702 8 703 6 704 5 
239 705 7 706 6 
240 707 81 708 20 709 20 710 18 711 5 
241 712 8 713 5 
242 714 57 715 29 716 21 717 15 718 11 719 9 720 7 721 7 722 6 723 6 
243 724 56 725 40 726 29 727 23 728 17 729 12 730 11 731 7 
244 732 63 733 28 734 27 735 20 736 18 737 12 738 9 739 8 740 8 741 7 742 6 
245 743 28 744 6 
246 745 72 746 16 747 9 
247 748 11 749 6 
248 750 15 751 8 
249 752 12 753 9 754 5 
250 755 10 756 10 
251 757 6 758 5 
252 759 9 760 7 
253 761 10 762 5 763 5 
254 764 15 765 5 
255 766 56 767 19 768 15 
256 769 7 770 5 
257 771 8 772 5 
258 773 42 774 28 775 16 776 6 
259 777 27 778 14 
260 779 17 780 11 781 9 
261 782 30 783 22 784 10 785 7 
262 786 13 787 7 
263 788 13 789 6 
264 790 9 791 5 
265 792 9 793 6 
266 794 35 795 5 
267 796 8 797 6 
268 798 12 799 8 800 5 
269 801 83 802 21 
270 803 42 804 13 805 7 
271 806 16 807 6 808 5 
272 809 10 810 8 
273 811 7 812 5 
274 813 13 814 10 815 8 
275 816 141 817 57 818 37 819 27 820 18 821 18 822 16 823 14 824 8 825 7 826 5 827 5 
276 828 49 829 31 830 11 831 8 832 5 
277 833 6 834 6 
278 835 304 836 7 
279 837 10 838 10 839 8 840 7 
280 841 18 842 10 843 8 844 8 845 5 
281 846 42 847 11 848 11 
282 849 29 850 15 
283 851 12 852 7 853 6 
284 854 9 855 5 
285 856 8 857 5 
286 858 9 859 7 
287 860 22 861 13 862 12 863 10 864 7 
288 865 10 866 5 
289 867 32 868 19 
290 869 16 870 14 871 5 
291 872 326 873 72 874 13 
292 875 18 876 7 
293 877 8 878 5 
294 879 33 880 10 
295 881 6 882 5 
296 883 55 884 22 
297 885 53 886 49 887 14 
298 888 7 889 6 890 5 
299 891 15 892 6 
300 893 10 894 5 
301 895 7 896 6 
302 897 14 898 7 
303 899 35 900 11 901 5 
304 902 6 903 5 
305 904 9 905 8 
306 906 19 907 5 
307 908 29 909 8 910 8 
308 911 11 912 7 
309 913 10 914 10 
310 915 16 916 8 
311 917 6 918 5 
312 919 9 920 7 
313 921 8 922 6 923 5 
314 924 15 925 7 926 6 
315 927 12 928 5 
316 929 6 930 5 
317 931 13 932 6 
318 933 6 934 6 
319 935 15 936 9 
320 937 24 938 12 939 11 940 7 941 5 
321 942 6 943 5 
322 944 9 945 5 
323 946 14 947 6 948 5 
324 949 7 950 5 
325 951 50 952 24 953 10 954 9 
326 955 26 956 6 
327 957 8 958 8 959 5 
328 960 24 961 7 962 7 963 5 
329 964 21 965 13 966 6 
330 967 21 968 10 
331 969 64 970 8 971 8 
332 972 14 973 11 974 6 
333 975 36 976 25 977 18 978 15 979 7 
334 980 9 981 6 
335 982 15 983 7 
336 984 5 985 5 
337 986 12 987 6 
338 988 6 989 5 
339 990 40 991 17 992 13 993 9 
340 994 5 995 5 
341 996 16 997 15 
342 998 12 999 5 
343 1000 5 1001 5 
344 1002 5 1003 5 
345 1004 25 1005 13 
346 1006 6 1007 6 
347 1008 8 1009 7 
348 1010 13 1011 5 
349 1012 131 1013 52 
350 1014 8 1015 6 
351 1016 6 1017 5 
352 1018 10 1019 7 
353 1020 40 1021 26 1022 22 
354 1023 41 1024 19 1025 11 1026 7 1027 5 
355 1028 122 1029 112 1030 83 1031 15 1032 13 1033 10 
356 1034 13 1035 5 
357 1036 6 1037 5 
358 1038 17 1039 6 
359 1040 27 1041 5 
360 1042 23 1043 23 1044 7 1045 6 
361 1046 6 1047 5 
362 1048 15 1049 11 1050 10 
363 1051 8 1052 6 1053 5 
364 1054 52 1055 15 1056 8 1057 6 1058 5 
365 1059 22 1060 15 1061 14 1062 10 1063 9 1064 7 1065 7 1066 7 
366 1067 15 1068 6 
367 1069 12 1070 5 
368 1071 14 1072 11 1073 8 1074 8 
369 1075 12 1076 6 1077 5 
370 1078 12 1079 9 
371 1080 11 1081 5 1082 5 
372 1083 27 1084 21 
373 1085 14 1086 9 
374 1087 21 1088 9 
375 1089 6 1090 6 
376 1091 8 1092 5 
377 1093 12 1094 9 
378 1095 14 1096 11 
379 1097 9 1098 6 
380 1099 34 1100 22 1101 15 
381 1102 8 1103 7 
382 1104 10 1105 9 
383 1106 52 1107 7 1108 6 
384 1109 7 1110 7 
385 1111 10 1112 9 
386 1113 6 1114 5 
387 1115 28 1116 10 1117 6 
388 1118 31 1119 10 1120 7 
389 1121 7 1122 5 
390 1123 14 1124 12 
391 1125 7 1126 6 
392 1127 6 1128 5 
393 1129 23 1130 5 
394 1131 8 1132 7 
395 1133 10 1134 8 
396 1135 10 1136 5 1137 5 
397 1138 31 1139 16 1140 14 1141 13 1142 12 1143 10 1144 10 1145 6 1146 6 1147 5 
398 1148 7 1149 5 
399 1150 5 1151 5 
400 1152 8 1153 5 
401 1154 14 1155 10 1156 6 
402 1157 14 1158 5 1159 5 
403 1160 19 1161 8 1162 6 1163 6 
404 1164 10 1165 5 
405 1166 92 1167 29 1168 14 1169 13 1170 9 
406 1171 48 1172 35 1173 26 1174 19 1175 9 
407 1176 10 1177 5 
408 1178 15 1179 6 
409 1180 9 1181 6 
410 1182 6 1183 5 
411 1184 10 1185 8 
412 1186 20 1187 8 
413 1188 5 1189 5 
414 1190 6 1191 6 
415 1192 52 1193 18 
416 1194 229 1195 58 1196 32 1197 14 1198 13 1199 10 1200 10 
417 1201 7 1202 5 
418 1203 14 1204 13 1205 9 1206 8 1207 5 
419 1208 14 1209 11 
420 1210 73 1211 24 1212 5 
421 1213 13 1214 6 
422 1215 25 1216 6 
423 1217 37 1218 23 1219 17 1220 16 1221 15 
424 1222 38 1223 19 1224 12 
425 1225 17 1226 16 1227 15 1228 6 1229 5 
426 1230 7 1231 5 1232 5 
427 1233 17 1234 9 
428 1235 11 1236 7 1237 5 
429 1238 11 1239 5 
430 1240 17 1241 7 
431 1242 47 1243 26 1244 7 
432 1245 16 1246 5 
433 1247 24 1248 8 
434 1249 22 1250 17 1251 7 1252 6 
435 1253 10 1254 5 
436 1255 15 1256 14 1257 13 1258 12 1259 6 
437 1260 8 1261 8 
438 1262 125 1263 29 1264 15 1265 9 1266 8 
439 1267 22 1268 13 1269 6 
440 1270 19 1271 5 
441 1272 9 1273 5 
442 1274 21 1275 12 
443 1276 6 1277 5 
444 1278 11 1279 6 
445 1280 5 1281 5 
446 1282 5 1283 5 
447 1284 30 1285 9 
448 1286 39 1287 12 1288 5 
449 1289 43 1290 25 
450 1291 7 1292 5 
451 1293 6 1294 5 
452 1295 78 1296 27 1297 11 1298 5 
453 1299 7 1300 6 
454 1301 7 1302 6 
455 1303 28 1304 12 1305 12 
456 1306 79 1307 29 1308 12 1309 12 1310 8 
457 1311 8 1312 6 1313 5 
458 1314 30 1315 15 1316 11 1317 9 1318 5 
459 1319 35 1320 6 
460 1321 7 1322 7 
461 1323 14 1324 5 1325 5 
462 1326 18 1327 6 1328 6 
463 1329 8 1330 7 
464 1331 11 1332 6 1333 6 1334 5 
465 1335 17 1336 5 
466 1337 8 1338 5 
467 1339 34 1340 16 1341 9 
468 1342 36 1343 6 1344 6 
469 1345 62 1346 39 1347 25 1348 14 
470 1349 9 1350 9 1351 6 
471 1352 8 1353 6 
472 1354 9 1355 5 
473 1356 12 1357 7 
474 1358 8 1359 7 1360 6 1361 6 
475 1362 10 1363 5 
476 1364 5 1365 5 
477 1366 10 1367 5 
478 1368 17 1369 10 
479 1370 14 1371 9 
480 1372 9 1373 8 
481 1374 6 1375 5 
482 1376 7 1377 6 1378 6 
483 1379 14 1380 11 
484 1381 32 1382 16 
485 1383 19 1384 12 1385 8 1386 6 
486 1387 14 1388 13 
487 1389 11 1390 10 1391 7 1392 6 
488 1393 8 1394 6 1395 5 
489 1396 11 1397 7 
490 1398 8 1399 6 
491 1400 41 1401 27 1402 12 1403 11 1404 10 1405 9 1406 9 1407 8 1408 7 
492 1409 12 1410 7 
493 1411 8 1412 5 
494 1413 12 1414 11 
495 1415 6 1416 6 1417 5 
496 1418 12 1419 6 
497 1420 17 1421 8 
498 1422 23 1423 18 
499 1424 13 1425 6 
500 1426 6 1427 5 
501 1428 71 1429 39 1430 19 
502 1431 7 1432 5 
503 1433 7 1434 5 
504 1435 10 1436 5 
505 1437 6 1438 5 
506 1439 10 1440 6 
507 1441 15 1442 8 
508 1443 8 1444 7 
509 1445 12 1446 5 
510 1447 9 1448 8 
511 1449 7 1450 5 
512 1451 11 1452 6 1453 5 
513 1454 64 1455 28 1456 8 
514 1457 8 1458 5 
515 1459 37 1460 27 1461 11 1462 11 
516 1463 8 1464 8 
517 1465 12 1466 5 
518 1467 12 1468 10 1469 7 
519 1470 24 1471 6 
520 1472 18 1473 5 
521 1474 12 1475 5 
522 1476 7 1477 5 
523 1478 18 1479 12 1480 8 
524 1481 7 1482 6 
525 1483 14 1484 8 
526 1485 11 1486 7 
527 1487 5 1488 5 
528 1489 31 1490 22 
529 1491 8 1492 5 
530 1493 6 1494 5 1495 5 
531 1496 33 1497 5 
532 1498 27 1499 19 1500 7 1501 6 1502 6 1503 5 
533 1504 11 1505 9 1506 8 
534 1507 10 1508 7 
535 1509 7 1510 5 
536 1511 30 1512 10 1513 8 1514 8 1515 8 
537 1516 9 1517 6 
538 1518 190 1519 26 1520 15 1521 8 
539 1522 5 1523 5 
540 1524 8 1525 7 1526 6 1527 5 
541 1528 8 1529 8 
542 1530 6 1531 5 
543 1532 11 1533 9 
544 1534 22 1535 5 
545 1536 10 1537 9 1538 5 
546 1539 9 1540 7 
547 1541 13 1542 10 1543 9 
548 1544 8 1545 7 
549 1546 23 1547 8 1548 6 
550 1549 10 1550 5 
551 1551 10 1552 5 
552 1553 9 1554 8 
553 1555 31 1556 10 
554 1557 51 1558 10 1559 8 1560 7 
555 1561 5 1562 5 
556 1563 96 1564 33 1565 5 
557 1566 15 1567 9 1568 5 
558 1569 41 1570 20 1571 12 
559 1572 7 1573 5 
560 1574 11 1575 5 
561 1576 20 1577 16 
562 1578 11 1579 11 1580 7 
563 1581 34 1582 23 1583 13 
564 1584 19 1585 6 
565 1586 13 1587 5 
566 1588 14 1589 5 
567 1590 27 1591 13 
568 1592 7 1593 5 
569 1594 9 1595 5 
570 1596 13 1597 5 
571 1598 19 1599 7 
572 1600 5 1601 5 
573 1602 11 1603 7 1604 7 1605 5 
574 1606 8 1607 7 
575 1608 18 1609 10 
576 1610 7 1611 7 
577 1612 7 1613 5 
578 1614 16 1615 7 
579 1616 35 1617 9 
580 1618 58 1619 5 
581 1620 14 1621 6 
582 1622 10 1623 5 
583 1624 21 1625 6 1626 5 
584 1627 16 1628 9 
585 1629 15 1630 9 
586 1631 22 1632 8 1633 5 
587 1634 6 1635 5 
588 1636 5 1637 5 
589 1638 12 1639 7 
590 1640 37 1641 16 
591 1642 10 1643 8 
592 1644 5 1645 5 
593 1646 35 1647 33 1648 17 1649 6 
594 1650 15 1651 6 
595 1652 10 1653 6 
596 1654 547 1655 73 1656 29 1657 11 
597 1658 13 1659 5 
598 1660 19 1661 6 1662 6 
599 1663 21 1664 12 
600 1665 33 1666 5 
601 1667 8 1668 7 
602 1669 31 1670 26 
603 1671 19 1672 16 1673 13 
604 1674 7 1675 5 
605 1676 13 1677 12 
606 1678 96 1679 12 1680 8 
607 1681 7 1682 6 
608 1683 40 1684 10 
609 1685 13 1686 5 
610 1687 19 1688 19 1689 8 
611 1690 41 1691 12 1692 7 
612 1693 12 1694 6 
613 1695 10 1696 6 
614 1697 30 1698 21 1699 13 
615 1700 17 1701 5 
616 1702 10 1703 5 
617 1704 8 1705 5 
618 1706 27 1707 16 1708 6 1709 6 
619 1710 7 1711 6 
620 1712 29 1713 5 
621 1714 7 1715 6 1716 5 
622 1717 5 1718 5 
623 1719 9 1720 6 
624 1721 25 1722 14 1723 6 1724 5 1725 5 
625 1726 30 1727 13 1728 7 
626 1729 24 1730 10 1731 5 
627 1732 32 1733 21 
628 1734 13 1735 9 
629 1736 152 1737 135 1738 78 1739 33 1740 20 1741 20 1742 19 1743 16 1744 14 1745 11 1746 10 1747 9 1748 8 1749 8 1750 8 1751 7 1752 5 
630 1753 8 1754 6 
631 1755 11 1756 5 
632 1757 7 1758 7 
633 1759 19 1760 9 1761 7 1762 5 
634 1763 20 1764 13 
635 1765 11 1766 6 1767 5 
636 1768 8 1769 5 
637 1770 33 1771 30 1772 11 1773 8 
638 1774 24 1775 8 1776 5 
639 1777 165 1778 11 1779 8 
640 1780 36 1781 19 1782 6 
641 1783 6 1784 5 
642 1785 10 1786 5 
643 1787 44 1788 14 1789 9 
644 1790 26 1791 5 
645 1792 9 1793 6 
646 1794 20 1795 11 
647 1796 7 1797 7 
648 1798 13 1799 9 
649 1800 9 1801 5 
650 1802 27 1803 8 
651 1804 12 1805 5 
652 1806 7 1807 6 
653 1808 20 1809 13 
654 1810 32 1811 5 
655 1812 15 1813 9 
656 1814 18 1815 5 
657 1816 48 1817 7 
658 1818 12 1819 6 
659 1820 16 1821 6 
660 1822 7 1823 6 1824 5 
661 1825 7 1826 5 
662 1827 27 1828 11 1829 5 
663 1830 21 1831 10 
664 1832 5 1833 5 
665 1834 22 1835 9 1836 7 
666 1837 16 1838 6 
667 1839 8 1840 6 
668 1841 26 1842 8 1843 5 
669 1844 82 1845 55 1846 26 1847 12 
670 1848 15 1849 9 1850 8 1851 5 
671 1852 8 1853 5 
672 1854 12 1855 10 1856 9 
673 1857 16 1858 6 
674 1859 11 1860 6 
675 1861 7 1862 6 
676 1863 17 1864 10 
677 1865 7 1866 5 1867 5 
678 1868 13 1869 7 
679 1870 73 1871 11 
680 1872 158 1873 7 1874 6 
681 1875 6 1876 6 
682 1877 17 1878 6 
683 1879 26 1880 8 
684 1881 7 1882 6 
685 1883 9 1884 7 
686 1885 5 1886 5 
687 1887 8 1888 8 1889 7 
688 1890 11 1891 7 
689 1892 14 1893 9 
690 1894 12 1895 6 
691 1896 6 1897 6 
692 1898 7 1899 7 
693 1900 12 1901 7 1902 6 1903 6 
694 1904 14 1905 5 
695 1906 7 1907 5 
696 1908 15 1909 11 
697 1910 26 1911 10 
698 1912 22 1913 17 1914 7 
699 1915 10 1916 7 
700 1917 57 1918 25 1919 24 
701 1920 17 1921 13 
702 1922 12 1923 6 
703 1924 21 1925 7 1926 5 
704 1927 11 1928 11 1929 9 
705 1930 13 1931 7 
706 1932 36 1933 19 
707 1934 24 1935 17 1936 13 1937 6 
708 1938 14 1939 11 
709 1940 14 1941 6 
710 1942 7 1943 7 1944 5 
711 1945 45 1946 21 1947 12 1948 5 
712 1949 18 1950 9 
713 1951 47 1952 7 
714 1953 8 1954 6 
715 1955 96 1956 74 1957 38 1958 20 1959 9 1960 7 
716 1961 86 1962 37 1963 18 
717 1964 19 1965 9 
718 1966 201 1967 29 1968 16 1969 14 1970 11 1971 8 1972 6 
719 1973 11 1974 8 
720 1975 6 1976 5 
721 1977 7 1978 5 
722 1979 31 1980 10 
723 1981 22 1982 7 1983 7 1984 5 
724 1985 11 1986 10 
725 1987 27 1988 23 
726 1989 13 1990 5 
727 1991 6 1992 5 
728 1993 9 1994 9 
729 1995 6 1996 6 
730 1997 14 1998 6 1999 5 
731 2000 17 2001 14 2002 9 
732 2003 31 2004 30 2005 13 2006 9 
733 2007 44 2008 8 2009 5 2010 5 
734 2011 53 2012 12 2013 11 
735 2014 12 2015 10 2016 10 2017 6 
736 2018 9 2019 5 
737 2020 7 2021 5 
738 2022 12 2023 11 
739 2024 5 2025 5 
740 2026 11 2027 5 
741 2028 15 2029 6 2030 5 
742 2031 18 2032 17 
743 2033 10 2034 5 
744 2035 11 2036 5 
745 2037 18 2038 11 2039 9 
746 2040 9 2041 8 
747 2042 8 2043 7 
748 2044 9 2045 5 
749 2046 5 2047 5 
750 2048 6 2049 6 2050 5 
751 2051 17 2052 5 
752 2053 25 2054 14 
753 2055 15 2056 14 
754 2057 12 2058 6 
755 2059 9 2060 8 
756 2061 13 2062 5 
757 2063 50 2064 6 
758 2065 21 2066 10 2067 7 
759 2068 9 2069 6 
760 2070 9 2071 6 
761 2072 63 2073 14 2074 10 2075 6 
762 2076 112 2077 18 
763 2078 21 2079 6 2080 5 
764 2081 12 2082 6 
765 2083 6 2084 5 
766 2085 29 2086 13 
767 2087 11 2088 7 
768 2089 16 2090 8 2091 5 
769 2092 8 2093 6 
770 2094 29 2095 21 
771 2096 27 2097 5 
772 2098 9 2099 5 
773 2100 27 2101 11 2102 9 2103 7 2104 7 
774 2105 24 2106 22 
775 2107 6 2108 6 
776 2109 21 2110 8 
777 2111 22 2112 13 
778 2113 10 2114 6 
779 2115 7 2116 5 
780 2117 6 2118 5 
781 2119 14 2120 9 
782 2121 26 2122 7 
783 2123 12 2124 5 
784 2125 7 2126 7 
785 2127 41 2128 15 2129 12 2130 6 
786 2131 5 2132 5 
787 2133 24 2134 7 
788 2135 67 2136 14 2137 10 
789 2138 20 2139 5 
790 2140 16 2141 15 
791 2142 18 2143 5 
792 2144 11 2145 6 2146 5 
793 2147 16 2148 6 
794 2149 17 2150 15 
795 2151 10 2152 10 
796 2153 13 2154 7 
797 2155 6 2156 5 
798 2157 9 2158 8 
799 2159 6 2160 5 
800 2161 7 2162 5 
801 2163 9 2164 6 
802 2165 24 2166 7 
803 2167 11 2168 5 
804 2169 9 2170 5 
805 2171 13 2172 7 
806 2173 7 2174 5 2175 5 
807 2176 7 2177 5 
808 2178 18 2179 13 2180 11 2181 5 
809 2182 8 2183 5 
810 2184 14 2185 5 
811 2186 43 2187 14 
812 2188 670 2189 40 
813 2190 11 2191 5 
814 2192 19 2193 8 
815 2194 8 2195 5 2196 5 
816 2197 12 2198 5 
817 2199 7 2200 5 
818 2201 19 2202 12 
819 2203 17 2204 10 
820 2205 11 2206 10 
821 2207 11 2208 8 2209 7 2210 6 
822 2211 21 2212 5 
823 2213 46 2214 36 2215 27 2216 12 2217 9 2218 7 2219 7 2220 5 2221 5 
824 2222 6 2223 6 
825 2224 5 2225 5 
826 2226 25 2227 10 
827 2228 17 2229 14 2230 9 
828 2231 11 2232 7 2233 7 
829 2234 11 2235 5 
830 2236 8 2237 6 
831 2238 37 2239 20 2240 15 
832 2241 49 2242 8 
833 2243 10 2244 8 
834 2245 24 2246 10 
835 2247 12 2248 10 
836 2249 42 2250 20 
837 2251 7 2252 5 
838 2253 19 2254 17 
839 2255 12 2256 8 
840 2257 6 2258 6 
841 2259 29 2260 23 2261 6 
842 2262 10 2263 6 
843 2264 15 2265 6 
844 2266 7 2267 6 
845 2268 9 2269 8 
846 2270 18 2271 7 
847 2272 11 2273 6 
848 2274 9 2275 7 
849 2276 16 2277 13 
850 2278 16 2279 9 
851 2280 8 2281 5 
852 2282 13 2283 7 
853 2284 9 2285 8 
854 2286 271 2287 29 2288 17 2289 8 2290 6 2291 5 
855 2292 10 2293 7 
856 2294 13 2295 6 
857 2296 7 2297 5 
858 2298 68 2299 20 2300 14 
859 2301 7 2302 5 
860 2303 13 2304 6 
861 2305 11 2306 7 
862 2307 10 2308 5 
863 2309 25 2310 7 
864 2311 12 2312 7 
865 2313 9 2314 6 
866 2315 47 2316 24 
867 2317 9 2318 8 2319 8 
868 2320 9 2321 5 
869 2322 18 2323 6 
870 2324 16 2325 9 
871 2326 16 2327 11 
872 2328 13 2329 12 
873 2330 30 2331 9 
874 2332 8 2333 6 
875 2334 10 2335 5 
876 2336 14 2337 11 2338 10 
877 2339 7 2340 7 
878 2341 30 2342 23 
879 2343 20 2344 5 
880 2345 10 2346 5 
881 2347 39 2348 34 
882 2349 29 2350 10 
883 2351 8 2352 8 
884 2353 11 2354 11 
885 2355 41 2356 20 
886 2357 43 2358 9 
887 2359 12 2360 8 2361 7 2362 5 
888 2363 6 2364 5 
889 2365 16 2366 7 
890 2367 54 2368 14 
891 2369 61 2370 22 2371 20 
892 2372 9 2373 5 
893 2374 32 2375 25 2376 6 
894 2377 34 2378 21 2379 19 2380 11 2381 9 
895 2382 9 2383 9 2384 8 2385 5 
896 2386 23 2387 7 
897 2388 11 2389 5 
898 2390 14 2391 9 
899 2392 11 2393 8 
900 2394 6 2395 5 
901 2396 11 2397 5 
902 2398 10 2399 7 
903 2400 8 2401 6 
904 2402 28 2403 25 
905 2404 13 2405 8 2406 5 
906 2407 25 2408 13 
907 2409 6 2410 5 
908 2411 13 2412 10 
909 2413 20 2414 6 
910 2415 31 2416 30 
911 2417 6 2418 6 
912 2419 18 2420 6 
913 2421 6 2422 5 
914 2423 33 2424 9 
915 2425 11 2426 10 2427 5 
916 2428 16 2429 11 
917 2430 22 2431 6 
918 2432 65 2433 10 2434 5 
919 2435 74 2436 5 
920 2437 6 2438 5 
921 2439 17 2440 13 2441 12 2442 9 
922 2443 13 2444 6 2445 5 
923 2446 7 2447 5 
924 2448 19 2449 7 
925 2450 12 2451 8 2452 5 
926 2453 7 2454 5 
927 2455 11 2456 8 
928 2457 6 2458 5 
929 2459 12 2460 5 
930 2461 116 2462 109 2463 70 2464 33 2465 23 2466 18 2467 18 2468 12 2469 9 2470 7 2471 6 2472 6 2473 5 
931 2474 6 2475 5 
932 2476 12 2477 6 
933 2478 13 2479 8 
934 2480 7 2481 5 2482 5 
935 2483 10 2484 7 2485 5 
936 2486 21 2487 19 2488 9 2489 6 
937 2490 30 2491 23 2492 8 
938 2493 20 2494 12 2495 5 
939 2496 6 2497 5 
940 2498 8 2499 6 2500 6 
941 2501 11 2502 7 2503 6 
942 2504 22 2505 8 
943 2506 92 2507 18 2508 16 2509 11 2510 10 
944 2511 5 2512 5 
945 2513 8 2514 6 2515 5 
946 2516 5 2517 5 
947 2518 25 2519 6 
948 2520 45 2521 12 
949 2522 32 2523 15 2524 8 2525 6 
950 2526 40 2527 36 2528 11 2529 6 2530 6 
951 2531 8 2532 7 
952 2533 20 2534 6 
953 2535 8 2536 6 2537 5 
954 2538 7 2539 6 
955 2540 73 2541 32 2542 10 
956 2543 35 2544 7 
957 2545 20 2546 7 
958 2547 8 2548 6 
959 2549 23 2550 5 
960 2551 32 2552 24 
961 2553 12 2554 7 
962 2555 9 2556 6 
963 2557 38 2558 9 2559 7 2560 5 
964 2561 6 2562 5 
965 2563 13 2564 11 2565 8 
966 2566 22 2567 6 2568 6 
967 2569 30 2570 8 
968 2571 8 2572 5 
969 2573 29 2574 14 
970 2575 30 2576 7 
971 2577 20 2578 8 
972 2579 33 2580 9 
973 2581 5 2582 5 
974 2583 12 2584 11 2585 7 
975 2586 17 2587 15 
976 2588 10 2589 6 
977 2590 19 2591 14 
978 2592 16 2593 10 
979 2594 9 2595 8 
980 2596 22 2597 9 2598 7 2599 5 
981 2600 9 2601 7 2602 6 
982 2603 17 2604 6 
983 2605 356 2606 85 2607 72 2608 6 
984 2609 8 2610 6 
985 2611 20 2612 5 
986 2613 7 2614 5 
987 2615 8 2616 6 
988 2617 12 2618 7 2619 6 
989 2620 8 2621 5 
990 2622 19 2623 5 
991 2624 14 2625 8 
992 2626 6 2627 6 
993 2628 12 2629 9 
994 2630 7 2631 5 
995 2632 17 2633 15 2634 8 
996 2635 11 2636 9 
997 2637 23 2638 7 
998 2639 14 2640 12 
999 2641 7 2642 7 
1000 2643 18 2644 15 
1001 2645 16 2646 12 2647 5 
1002 2648 32 2649 24 2650 6 
1003 2651 8 2652 5 
1004 2653 11 2654 5 
1005 2655 13 2656 8 
1006 2657 14 2658 11 
1007 2659 83 2660 45 2661 11 2662 9 2663 8 
1008 2664 7 2665 7 
1009 2666 59 2667 14 2668 10 
1010 2669 24 2670 10 
1011 2671 6 2672 6 
1012 2673 11 2674 5 
1013 2675 16 2676 16 
1014 2677 25 2678 10 
1015 2679 28 2680 12 2681 7 
1016 2682 6 2683 5 
1017 2684 8 2685 6 
1018 2686 13 2687 8 
1019 2688 31 2689 12 2690 8 
1020 2691 20 2692 9 
1021 2693 27 2694 12 
1022 2695 8 2696 8 
1023 2697 10 2698 7 
1024 2699 52 2700 24 2701 10 2702 5 
1025 2703 8 2704 5 
1026 2705 22 2706 15 2707 8 
1027 2708 11 2709 7 
1028 2710 13 2711 6 2712 5 
1029 2713 8 2714 5 
1030 2715 11 2716 7 
1031 2717 26 2718 10 2719 7 
1032 2720 27 2721 8 
1033 2722 11 2723 7 
1034 2724 44 2725 21 
1035 2726 101 2727 37 2728 14 
1036 2729 11 2730 5 
1037 2731 16 2732 7 2733 5 
1038 2734 8 2735 6 
1039 2736 18 2737 7 
1040 2738 13 2739 9 
1041 2740 9 2741 6 2742 5 
1042 2743 23 2744 7 
1043 2745 49 2746 28 2747 6 
1044 2748 9 2749 6 
1045 2750 32 2751 5 
1046 2752 7 2753 5 
1047 2754 13 2755 5 
1048 2756 38 2757 37 
1049 2758 8 2759 5 
1050 2760 11 2761 5 
1051 2762 24 2763 5 
1052 2764 9 2765 5 
1053 2766 39 2767 12 
1054 2768 8 2769 5 
1055 2770 13 2771 10 2772 6 
1056 2773 10 2774 8 
1057 2775 6 2776 5 
1058 2777 7 2778 5 
1059 2779 16 2780 10 
1060 2781 10 2782 9 
1061 2783 5 2784 5 
1062 2785 9 2786 5 
1063 2787 41 2788 5 
1064 2789 31 2790 12 
1065 2791 9 2792 6 2793 6 2794 5 
1066 2795 8 2796 6 
1067 2797 11 2798 8 
1068 2799 19 2800 9 
1069 2801 44 2802 7 
1070 2803 10 2804 5 
1071 2805 10 2806 6 
1072 2807 27 2808 8 
1073 2809 8 2810 6 2811 5 
1074 2812 16 2813 7 
1075 2814 15 2815 8 2816 6 
1076 2817 22 2818 7 2819 6 
1077 2820 9 2821 6 
1078 2822 12 2823 6 
1079 2824 10 2825 5 
1080 2826 259 2827 12 2828 7 2829 6 
1081 2830 11 2831 10 2832 9 
1082 2833 22 2834 14 
1083 2835 6 2836 5 
1084 2837 32 2838 11 
1085 2839 11 2840 8 2841 7 
1086 2842 39 2843 21 2844 11 
1087 2845 22 2846 12 2847 11 2848 6 
1088 2849 23 2850 17 2851 9 2852 9 
1089 2853 14 2854 7 
1090 2855 28 2856 10 
1091 2857 7 2858 6 
1092 2859 6 2860 6 
1093 2861 13 2862 6 
1094 2863 18 2864 15 2865 12 2866 11 
1095 2867 5 2868 5 
1096 2869 13 2870 8 2871 7 
1097 2872 15 2873 11 
1098 2874 15 2875 9 
1099 2876 22 2877 9 2878 5 
1100 2879 7 2880 5 
1101 2881 12 2882 9 
1102 2883 5 2884 5 
1103 2885 30 2886 8 
1104 2887 9 2888 9 
1105 2889 13 2890 11 
1106 2891 10 2892 5 
1107 2893 8 2894 6 
1108 2895 16 2896 6 
1109 2897 10 2898 6 
1110 2899 5 2900 5 
1111 2901 9 2902 7 2903 7 
1112 2904 7 2905 6 
1113 2906 27 2907 21 
1114 2908 6 2909 5 
1115 2910 10 2911 5 
1116 2912 12 2913 5 
1117 2914 92 2915 14 
1118 2916 7 2917 6 
1119 2918 9 2919 7 
1120 2920 48 2921 32 2922 5 
1121 2923 6 2924 6 
1122 2925 39 2926 23 2927 9 2928 7 
1123 2929 6 2930 5 
1124 2931 27 2932 7 
1125 2933 29 2934 6 
1126 2935 7 2936 5 
1127 2937 14 2938 5 
1128 2939 324 2940 115 2941 27 2942 5 
1129 2943 15 2944 6 
1130 2945 9 2946 6 
1131 2947 10 2948 5 
1132 2949 8 2950 8 
1133 2951 12 2952 7 
1134 2953 32 2954 18 
1135 2955 8 2956 5 
1136 2957 20 2958 9 2959 5 
1137 2960 9 2961 7 
1138 2962 13 2963 5 
1139 2964 7 2965 7 
1140 2966 22 2967 13 
1141 2968 11 2969 6 
1142 2970 12 2971 7 
1143 2972 6 2973 5 
1144 2974 11 2975 7 
1145 2976 17 2977 5 
1146 2978 21 2979 12 
1147 2980 21 2981 8 
1148 2982 18 2983 8 
1149 2984 17 2985 10 
1150 2986 9 2987 6 
1151 2988 10 2989 9 
1152 2990 36 2991 10 
1153 2992 6 2993 6 
1154 2994 9 2995 7 
1155 2996 6 2997 5 
1156 2998 8 2999 6 
1157 3000 14 3001 7 3002 6 
1158 3003 6 3004 5 
1159 3005 11 3006 7 
1160 3007 6 3008 5 
1161 3009 6 3010 6 
1162 3011 18 3012 13 
1163 3013 11 3014 6 
1164 3015 29 3016 14 
1165 3017 13 3018 7 
1166 3019 35 3020 7 
1167 3021 7 3022 6 3023 5 
1168 3024 16 3025 8 
1169 3026 69 3027 33 3028 31 3029 14 3030 9 3031 9 3032 5 
1170 3033 6 3034 5 
1171 3035 9 3036 7 
1172 3037 6 3038 6 
1173 3039 11 3040 7 
1174 3041 12 3042 6 
1175 3043 36 3044 11 
1176 3045 176 3046 34 
1177 3047 7 3048 7 
1178 3049 7 3050 6 
1179 3051 21 3052 8 
1180 3053 13 3054 10 
1181 3055 30 3056 10 
1182 3057 9 3058 6 
1183 3059 8 3060 6 3061 6 
1184 3062 5 3063 5 
1185 3064 10 3065 5 
1186 3066 43 3067 29 
1187 3068 17 3069 11 
1188 3070 118 3071 16 3072 11 
1189 3073 8 3074 5 3075 5 
1190 3076 30 3077 17 3078 7 3079 6 
1191 3080 17 3081 7 
1192 3082 6 3083 5 
1193 3084 13 3085 9 
1194 3086 177 3087 54 3088 20 3089 18 
1195 3090 61 3091 11 
1196 3092 7 3093 6 
1197 3094 43 3095 25 
1198 3096 9 3097 5 
1199 3098 19 3099 9 
1200 3100 7 3101 6 
1201 3102 17 3103 8 3104 7 
1202 3105 13 3106 5 
1203 3107 7 3108 6 
1204 3109 11 3110 5 
1205 3111 25 3112 14 
1206 3113 20 3114 11 
1207 3115 9 3116 6 
1208 3117 12 3118 6 
1209 3119 22 3120 6 
1210 3121 9 3122 5 
1211 3123 12 3124 7 
1212 3125 5 3126 5 
1213 3127 15 3128 7 
1214 3129 13 3130 8 
1215 3131 141 3132 22 3133 14 3134 6 
1216 3135 27 3136 8 3137 7 3138 6 
1217 3139 31 3140 9 
1218 3141 15 3142 5 
1219 3143 9 3144 5 
1220 3145 16 3146 15 3147 8 
1221 3148 8 3149 8 
1222 3150 15 3151 9 
1223 3152 12 3153 6 
1224 3154 18 3155 8 
1225 3156 13 3157 7 
1226 3158 14 3159 8 3160 5 
1227 3161 38 3162 19 3163 7 
1228 3164 12 3165 6 
1229 3166 12 3167 7 
1230 3168 20 3169 7 
1231 3170 12 3171 5 
1232 3172 8 3173 7 3174 7 
1233 3175 17 3176 10 
1234 3177 14 3178 12 
1235 3179 45 3180 21 3181 7 3182 7 
1236 3183 28 3184 15 
1237 3185 9 3186 5 
1238 3187 7 3188 5 
1239 3189 8 3190 8 
1240 3191 6 3192 6 
1241 3193 20 3194 20 
1242 3195 11 3196 10 
1243 3197 102 3198 12 
1244 3199 11 3200 8 
1245 3201 62 3202 18 
1246 3203 8 3204 5 
1247 3205 18 3206 6 
1248 3207 7 3208 6 
1249 3209 47 3210 39 3211 17 
1250 3212 19 3213 7 
1251 3214 11 3215 5 
1252 3216 10 3217 10 3218 9 
1253 3219 8 3220 5 
1254 3221 8 3222 6 
1255 3223 50 3224 17 3225 13 3226 11 3227 7 
1256 3228 14 3229 6 
1257 3230 13 3231 5 
1258 3232 15 3233 9 3234 7 3235 6 
1259 3236 10 3237 6 
1260 3238 19 3239 14 3240 10 
1261 3241 9 3242 6 
1262 3243 34 3244 11 
1263 3245 17 3246 7 
1264 3247 7 3248 6 
1265 3249 16 3250 10 3251 8 3252 5 
1266 3253 29 3254 8 
1267 3255 45 3256 5 
1268 3257 27 3258 26 3259 12 3260 8 
1269 3261 11 3262 6 
1270 3263 22 3264 16 
1271 3265 14 3266 7 
1272 3267 5 3268 5 
1273 3269 12 3270 7 3271 6 3272 5 
1274 3273 8 3274 5 
1275 3275 12 3276 8 
1276 3277 30 3278 6 
1277 3279 6 3280 6 3281 5 3282 5 
1278 3283 13 3284 6 
1279 3285 57 3286 41 3287 5 
1280 3288 9 3289 5 
1281 3290 7 3291 5 
1282 3292 6 3293 6 
1283 3294 14 3295 5 
1284 3296 10 3297 8 
1285 3298 21 3299 20 3300 12 3301 7 
1286 3302 11 3303 6 
1287 3304 18 3305 9 
1288 3306 21 3307 16 3308 5 
1289 3309 48 3310 12 3311 6 3312 5 
1290 3313 5 3314 5 
1291 3315 169 3316 5 
1292 3317 15 3318 8 
1293 3319 12 3320 8 3321 5 
1294 3322 12 3323 12 3324 6 
1295 3325 22 3326 5 
1296 3327 10 3328 9 
1297 3329 35 3330 34 3331 17 3332 17 3333 16 3334 11 3335 10 3336 9 3337 8 3338 7 3339 5 
1298 3340 18 3341 6 
1299 3342 11 3343 8 
1300 3344 269 3345 254 3346 38 3347 11 
1301 3348 36 3349 11 
1302 3350 12 3351 6 
1303 3352 17 3353 9 
1304 3354 18 3355 7 
1305 3356 10 3357 7 
1306 3358 10 3359 5 
1307 3360 38 3361 7 
1308 3362 10 3363 9 3364 7 3365 6 
1309 3366 118 3367 12 3368 11 
1310 3369 7 3370 5 
1311 3371 12 3372 6 
1312 3373 25 3374 15 
1313 3375 11 3376 9 
1314 3377 10 3378 5 
1315 3379 18 3380 5 
1316 3381 23 3382 5 
1317 3383 139 3384 21 3385 5 
1318 3386 21 3387 6 
1319 3388 8 3389 5 
1320 3390 9 3391 6 3392 6 
1321 3393 12 3394 10 3395 9 
1322 3396 22 3397 8 
1323 3398 8 3399 5 
1324 3400 10 3401 5 
1325 3402 10 3403 7 
1326 3404 11 3405 6 
1327 3406 7 3407 5 
1328 3408 22 3409 9 
1329 3410 15 3411 5 
1330 3412 23 3413 7 
1331 3414 10 3415 9 
1332 3416 10 3417 7 3418 5 
1333 3419 7 3420 5 
1334 3421 18 3422 9 3423 5 
1335 3424 15 3425 9 
1336 3426 19 3427 8 
1337 3428 8 3429 6 
1338 3430 18 3431 13 
1339 3432 14 3433 8 
1340 3434 6 3435 5 
1341 3436 52 3437 9 
1342 3438 10 3439 6 
1343 3440 76 3441 6 3442 5 3443 5 
1344 3444 12 3445 9 
1345 3446 24 3447 6 3448 5 
1346 3449 7 3450 7 
1347 3451 23 3452 16 3453 7 
1348 3454 45 3455 6 
1349 3456 7 3457 6 
1350 3458 103 3459 36 
1351 3460 7 3461 5 
1352 3462 46 3463 15 3464 7 
1353 3465 7 3466 5 
1354 3467 7 3468 6 3469 5 
1355 3470 16 3471 5 
1356 3472 8 3473 7 
1357 3474 7 3475 5 
1358 3476 11 3477 6 
1359 3478 25 3479 20 3480 13 3481 10 3482 6 
1360 3483 9 3484 9 
1361 3485 19 3486 11 
1362 3487 34 3488 23 3489 16 
1363 3490 17 3491 6 
1364 3492 12 3493 6 
1365 3494 29 3495 22 
1366 3496 30 3497 21 
1367 3498 27 3499 14 3500 7 
1368 3501 7 3502 6 
1369 3503 10 3504 9 
1370 3505 8 3506 5 
1371 3507 16 3508 10 3509 5 
1372 3510 11 3511 7 
1373 3512 17 3513 7 
1374 3514 34 3515 9 
1375 3516 18 3517 5 
1376 3518 15 3519 15 
1377 3520 13 3521 13 3522 7 3523 5 
1378 3524 19 3525 5 
1379 3526 7 3527 6 
1380 3528 9 3529 5 
1381 3530 66 3531 9 
1382 3532 142 3533 32 
1383 3534 9 3535 7 
1384 3536 42 3537 12 3538 6 
1385 3539 9 3540 8 
1386 3541 40 3542 14 3543 9 
1387 3544 9 3545 9 3546 5 
1388 3547 10 3548 6 
1389 3549 10 3550 7 
1390 3551 7 3552 6 
1391 3553 9 3554 8 
1392 3555 15 3556 5 
1393 3557 39 3558 13 
1394 3559 18 3560 7 
1395 3561 5 3562 5 
1396 3563 8 3564 7 
1397 3565 8 3566 6 3567 5 
1398 3568 8 3569 5 
1399 3570 24 3571 14 3572 12 
1400 3573 5 3574 5 
1401 3575 9 3576 6 
1402 3577 13 3578 10 
1403 3579 8 3580 5 
1404 3581 13 3582 8 
1405 3583 30 3584 5 
1406 3585 16 3586 6 3587 5 
1407 3588 7 3589 6 
1408 3590 16 3591 16 3592 6 
1409 3593 6 3594 5 
1410 3595 29 3596 8 
1411 3597 44 3598 6 
1412 3599 20 3600 5 
1413 3601 27 3602 13 
1414 3603 67 3604 37 
1415 3605 20 3606 7 3607 6 
1416 3608 8 3609 6 
1417 3610 10 3611 7 
1418 3612 11 3613 7 3614 6 
1419 3615 13 3616 7 
1420 3617 8 3618 8 
1421 3619 6 3620 5 
1422 3621 28 3622 16 
1423 3623 8 3624 8 
1424 3625 13 3626 7 
1425 3627 32 3628 11 3629 10 
1426 3630 9 3631 5 
1427 3632 5 3633 5 
1428 3634 53 3635 26 3636 13 
1429 3637 10 3638 8 
1430 3639 13 3640 6 
1431 3641 19 3642 10 
1432 3643 6 3644 5 3645 5 
1433 3646 7 3647 5 
1434 3648 14 3649 6 
1435 3650 40 3651 16 3652 5 
1436 3653 11 3654 7 
1437 3655 18 3656 6 3657 5 
1438 3658 5 3659 5 
1439 3660 9 3661 5 
1440 3662 21 3663 8 
1441 3664 48 3665 11 3666 6 
1442 3667 14 3668 9 
1443 3669 9 3670 5 
1444 3671 46 3672 9 3673 6 
1445 3674 7 3675 5 
1446 3676 8 3677 6 3678 6 
1447 3679 14 3680 5 
1448 3681 6 3682 5 
1449 3683 53 3684 23 
1450 3685 9 3686 6 
1451 3687 19 3688 6 
1452 3689 6 3690 6 
1453 3691 17 3692 14 
1454 3693 8 3694 5 
1455 3695 5 3696 5 
1456 3697 20 3698 5 
1457 3699 7 3700 5 
1458 3701 24 3702 18 3703 9 3704 9 
1459 3705 50 3706 13 
1460 3707 11 3708 6 
1461 3709 28 3710 15 3711 7 3712 5 
1462 3713 10 3714 7 
1463 3715 6 3716 5 
1464 3717 11 3718 9 3719 6 
1465 3720 12 3721 6 
1466 3722 14 3723 5 
1467 3724 12 3725 7 
1468 3726 9 3727 6 
1469 3728 8 3729 6 
1470 3730 51 3731 5 
1471 3732 10 3733 5 
1472 3734 12 3735 6 
1473 3736 7 3737 6 
1474 3738 43 3739 6 3740 5 3741 5 
1475 3742 15 3743 5 
1476 3744 8 3745 6 
1477 3746 22 3747 14 3748 14 
1478 3749 23 3750 7 
1479 3751 17 3752 5 
1480 3753 10 3754 6 
1481 3755 15 3756 6 
1482 3757 24 3758 5 
1483 3759 15 3760 11 3761 5 
1484 3762 8 3763 5 
1485 3764 33 3765 27 
1486 3766 12 3767 6 
1487 3768 29 3769 7 
1488 3770 18 3771 10 
1489 3772 8 3773 6 
1490 3774 6 3775 5 
1491 3776 10 3777 9 
1492 3778 16 3779 6 
1493 3780 11 3781 5 
1494 3782 17 3783 7 
1495 3784 12 3785 8 
1496 3786 25 3787 24 
1497 3788 7 3789 5 
1498 3790 49 3791 8 3792 5 
1499 3793 6 3794 5 
1500 3795 7 3796 6 
1501 3797 7 3798 7 
1502 3799 13 3800 6 
1503 3801 157 3802 51 3803 6 
1504 3804 20 3805 6 
1505 3806 11 3807 8 3808 7 
1506 3809 11 3810 7 
1507 3811 12 3812 5 
1508 3813 10 3814 6 
1509 3815 7 3816 7 
1510 3817 5 3818 5 
1511 3819 45 3820 14 
1512 3821 20 3822 13 3823 5 
1513 3824 113 3825 18 3826 9 
1514 3827 22 3828 5 
1515 3829 9 3830 6 
1516 3831 9 3832 8 
1517 3833 10 3834 6 
1518 3835 9 3836 5 
1519 3837 24 3838 11 
1520 3839 8 3840 5 
1521 3841 9 3842 8 
1522 3843 5 3844 5 
1523 3845 28 3846 5 
1524 3847 10 3848 5 
1525 3849 16 3850 7 
1526 3851 16 3852 13 
1527 3853 8 3854 6 
1528 3855 6 3856 5 
1529 3857 17 3858 6 
1530 3859 13 3860 5 
1531 3861 16 3862 10 3863 10 3864 6 
1532 3865 43 3866 18 3867 13 
1533 3868 16 3869 10 
1534 3870 13 3871 12 3872 9 
1535 3873 50 3874 22 3875 9 3876 6 
1536 3877 34 3878 8 
1537 3879 11 3880 5 
1538 3881 11 3882 9 
1539 3883 5 3884 5 
1540 3885 12 3886 7 
1541 3887 59 3888 5 
1542 3889 16 3890 10 
1543 3891 8 3892 5 
1544 3893 95 3894 16 3895 8 
1545 3896 21 3897 8 
1546 3898 8 3899 7 
1547 3900 67 3901 9 
1548 3902 13 3903 12 
1549 3904 7 3905 7 
1550 3906 14 3907 5 
1551 3908 45 3909 16 3910 10 3911 5 
1552 3912 49 3913 38 3914 8 
1553 3915 24 3916 13 
1554 3917 11 3918 5 
1555 3919 76 3920 15 
1556 3921 13 3922 9 
1557 3923 24 3924 8 
1558 3925 6 3926 5 
1559 3927 7 3928 5 
1560 3929 16 3930 8 
1561 3931 16 3932 14 3933 11 3934 10 
1562 3935 11 3936 6 
1563 3937 20 3938 6 3939 5 
1564 3940 36 3941 6 
1565 3942 13 3943 6 
1566 3944 23 3945 18 3946 16 
1567 3947 17 3948 5 
1568 3949 8 3950 7 3951 6 
1569 3952 129 3953 47 
1570 3954 5 3955 5 
1571 3956 12 3957 6 
1572 3958 16 3959 12 
1573 3960 28 3961 18 3962 5 
1574 3963 13 3964 8 
1575 3965 10 3966 7 
1576 3967 32 3968 10 
1577 3969 20 3970 9 3971 9 
1578 3972 10 3973 8 
1579 3974 13 3975 8 
1580 3976 9 3977 8 
1581 3978 5 3979 5 
1582 3980 10 3981 7 
1583 3982 15 3983 9 
1584 3984 7 3985 5 
1585 3986 35 3987 17 
1586 3988 11 3989 7 
1587 3990 140 3991 36 3992 30 3993 10 
1588 3994 5 3995 5 
1589 3996 14 3997 5 
1590 3998 6 3999 6 
1591 4000 8 4001 6 
1592 4002 39 4003 21 
1593 4004 38 4005 7 
1594 4006 10 4007 5 
1595 4008 30 4009 19 4010 11 
1596 4011 12 4012 7 
1597 4013 6 4014 5 
1598 4015 11 4016 5 
1599 4017 25 4018 10 
1600 4019 7 4020 6 
1601 4021 51 4022 10 4023 5 
1602 4024 15 4025 7 
1603 4026 7 4027 5 
1604 4028 25 4029 20 4030 6 4031 6 4032 5 
1605 4033 7 4034 5 
1606 4035 9 4036 5 
1607 4037 6 4038 5 
1608 4039 5 4040 5 
1609 4041 26 4042 7 
1610 4043 18 4044 14 4045 12 4046 12 4047 8 
1611 4048 32 4049 7 
1612 4050 8 4051 7 
1613 4052 13 4053 10 4054 7 
1614 4055 9 4056 5 
1615 4057 28 4058 7 
1616 4059 18 4060 12 
1617 4061 16 4062 8 
1618 4063 17 4064 6 
1619 4065 6 4066 5 
1620 4067 48 4068 15 
1621 4069 22 4070 5 
1622 4071 7 4072 5 
1623 4073 10 4074 5 
1624 4075 11 4076 5 
1625 4077 10 4078 8 
1626 4079 12 4080 12 4081 9 
1627 4082 16 4083 11 
1628 4084 11 4085 8 
1629 4086 9 4087 5 
1630 4088 139 4089 18 
1631 4090 20 4091 8 4092 5 
1632 4093 7 4094 6 
1633 4095 79 4096 9 4097 8 
1634 4098 12 4099 8 4100 6 
1635 4101 6 4102 5 
1636 4103 25 4104 7 
1637 4105 22 4106 17 
1638 4107 5 4108 5 
1639 4109 14 4110 8 4111 7 
1640 4112 16 4113 9 
1641 4114 38 4115 14 4116 7 
1642 4117 9 4118 6 4119 5 
1643 4120 23 4121 9 4122 8 
1644 4123 36 4124 24 
1645 4125 9 4126 6 
1646 4127 15 4128 6 
1647 4129 8 4130 5 
1648 4131 7 4132 7 4133 6 
1649 4134 12 4135 5 
1650 4136 17 4137 6 4138 5 
1651 4139 8 4140 7 
1652 4141 7 4142 5 
1653 4143 20 4144 10 
1654 4145 6 4146 5 
1655 4147 10 4148 8 
1656 4149 17 4150 10 4151 8 
1657 4152 11 4153 7 
1658 4154 6 4155 6 
1659 4156 6 4157 5 
1660 4158 75 4159 12 4160 7 
1661 4161 5 4162 5 
1662 4163 13 4164 5 
1663 4165 31 4166 8 4167 6 
1664 4168 11 4169 6 4170 6 
1665 4171 14 4172 5 
1666 4173 106 4174 71 
1667 4175 6 4176 5 
1668 4177 38 4178 10 
1669 4179 8 4180 5 
1670 4181 9 4182 9 
1671 4183 10 4184 7 4185 6 4186 6 
1672 4187 16 4188 13 
1673 4189 43 4190 9 
1674 4191 39 4192 8 
1675 4193 8 4194 6 
1676 4195 13 4196 6 
1677 4197 23 4198 18 4199 18 4200 12 
1678 4201 12 4202 8 
1679 4203 45 4204 6 
1680 4205 46 4206 38 4207 10 
1681 4208 7 4209 5 
1682 4210 6 4211 5 4212 5 
1683 4213 6 4214 5 
1684 4215 9 4216 8 
1685 4217 13 4218 5 
1686 4219 6 4220 5 
1687 4221 6 4222 5 
1688 4223 9 4224 5 
1689 4225 50 4226 24 4227 13 4228 10 4229 5 
1690 4230 49 4231 17 4232 8 
1691 4233 5 4234 5 
1692 4235 10 4236 9 
1693 4237 21 4238 11 4239 10 4240 7 4241 7 4242 5 
1694 4243 9 4244 6 
1695 4245 14 4246 6 
1696 4247 23 4248 15 
1697 4249 10 4250 6 
1698 4251 9 4252 7 
1699 4253 10 4254 6 
1700 4255 21 4256 14 
1701 4257 17 4258 11 
1702 4259 33 4260 7 
1703 4261 30 4262 24 
1704 4263 8 4264 5 
1705 4265 13 4266 8 
1706 4267 42 4268 7 4269 5 
1707 4270 15 4271 9 4272 7 
1708 4273 6 4274 5 
1709 4275 7 4276 5 
1710 4277 8 4278 5 
1711 4279 9 4280 7 
1712 4281 75 4282 12 
1713 4283 11 4284 6 
1714 4285 21 4286 7 
1715 4287 20 4288 6 
1716 4289 6 4290 6 
1717 4291 12 4292 7 
1718 4293 17 4294 6 
1719 4295 11 4296 10 
1720 4297 12 4298 12 
1721 4299 65 4300 8 4301 6 
1722 4302 6 4303 5 
1723 4304 7 4305 7 
1724 4306 24 4307 7 
1725 4308 11 4309 9 
1726 4310 59 4311 43 4312 15 4313 12 4314 6 
1727 4315 39 4316 19 4317 15 4318 9 
1728 4319 56 4320 15 
1729 4321 18 4322 14 
1730 4323 6 4324 6 
1731 4325 12 4326 6 
1732 4327 24 4328 5 
1733 4329 20 4330 8 
1734 4331 5 4332 5 
1735 4333 10 4334 5 
1736 4335 19 4336 5 
1737 4337 6 4338 6 
1738 4339 6 4340 5 
1739 4341 28 4342 6 
1740 4343 8 4344 7 
1741 4345 238 4346 66 
1742 4347 13 4348 9 
1743 4349 70 4350 25 
1744 4351 15 4352 14 4353 8 4354 7 
1745 4355 55 4356 10 
1746 4357 7 4358 5 
1747 4359 25 4360 6 4361 6 
1748 4362 23 4363 10 4364 7 
1749 4365 13 4366 6 
1750 4367 5 4368 5 
1751 4369 16 4370 6 4371 5 
1752 4372 15 4373 9 
1753 4374 22 4375 16 
1754 4376 15 4377 10 
1755 4378 11 4379 8 
1756 4380 13 4381 6 
1757 4382 10 4383 8 
1758 4384 5 4385 5 
1759 4386 12 4387 5 
1760 4388 12 4389 9 
1761 4390 52 4391 8 
1762 4392 8 4393 5 
1763 4394 7 4395 5 
1764 4396 8 4397 7 
1765 4398 13 4399 10 
1766 4400 12 4401 11 4402 9 
1767 4403 6 4404 5 
1768 4405 9 4406 7 4407 6 
1769 4408 45 4409 33 4410 17 
1770 4411 9 4412 8 4413 5 
1771 4414 27 4415 6 
1772 4416 8 4417 5 
1773 4418 19 4419 8 4420 7 
1774 4421 8 4422 6 
1775 4423 6 4424 5 
1776 4425 15 4426 7 4427 5 
1777 4428 8 4429 8 
1778 4430 8 4431 5 
1779 4432 11 4433 9 
1780 4434 19 4435 8 
1781 4436 9 4437 5 
1782 4438 10 4439 5 
1783 4440 7 4441 6 
1784 4442 25 4443 11 
1785 4444 86 4445 10 4446 5 
1786 4447 56 4448 12 
1787 4449 34 4450 22 4451 10 4452 7 4453 6 4454 5 
1788 4455 22 4456 9 4457 5 
1789 4458 9 4459 6 
1790 4460 226 4461 23 4462 12 4463 5 
1791 4464 12 4465 11 
1792 4466 11 4467 6 
1793 4468 11 4469 7 4470 5 
1794 4471 22 4472 8 
1795 4473 19 4474 11 
1796 4475 10 4476 6 
1797 4477 8 4478 5 
1798 4479 6 4480 6 
1799 4481 6 4482 5 
1800 4483 8 4484 6 
1801 4485 8 4486 8 4487 7 
1802 4488 42 4489 5 
1803 4490 71 4491 45 4492 24 4493 21 4494 18 4495 11 
1804 4496 15 4497 8 
1805 4498 23 4499 6 
1806 4500 28 4501 9 4502 7 
1807 4503 12 4504 8 
1808 4505 7 4506 7 
1809 4507 46 4508 25 4509 11 
1810 4510 22 4511 13 
1811 4512 5 4513 5 
1812 4514 18 4515 11 
1813 4516 24 4517 6 
1814 4518 5 4519 5 
1815 4520 7 4521 6 
1816 4522 11 4523 8 
1817 4524 15 4525 11 4526 10 4527 6 4528 5 
1818 4529 29 4530 19 
1819 4531 6 4532 5 
1820 4533 14 4534 6 
1821 4535 21 4536 11 
1822 4537 10 4538 7 4539 7 4540 7 
1823 4541 7 4542 6 
1824 4543 11 4544 5 
1825 4545 12 4546 6 
1826 4547 9 4548 5 
1827 4549 14 4550 12 4551 7 4552 5 
1828 4553 15 4554 9 
1829 4555 9 4556 7 
1830 4557 41 4558 17 
1831 4559 7 4560 5 
1832 4561 36 4562 6 
1833 4563 16 4564 6 
1834 4565 20 4566 16 
1835 4567 48 4568 13 4569 6 4570 5 
1836 4571 14 4572 5 
1837 4573 10 4574 8 4575 5 
1838 4576 29 4577 28 
1839 4578 8 4579 5 
1840 4580 13 4581 5 
1841 4582 24 4583 21 4584 11 4585 5 
1842 4586 9 4587 7 4588 7 
1843 4589 12 4590 5 
1844 4591 12 4592 5 
1845 4593 15 4594 8 4595 6 
1846 4596 8 4597 7 
1847 4598 9 4599 8 
1848 4600 11 4601 6 
1849 4602 8 4603 6 
1850 4604 16 4605 6 
1851 4606 25 4607 10 
1852 4608 6 4609 5 
1853 4610 13 4611 6 4612 6 
1854 4613 8 4614 7 
1855 4615 6 4616 5 
1856 4617 7 4618 6 
1857 4619 8 4620 5 
1858 4621 10 4622 5 
1859 4623 9 4624 6 
1860 4625 61 4626 9 
1861 4627 6 4628 5 
1862 4629 11 4630 7 4631 5 
1863 4632 10 4633 6 
1864 4634 27 4635 9 
1865 4636 7 4637 6 
1866 4638 13 4639 5 
1867 4640 11 4641 5 4642 5 
1868 4643 14 4644 6 
1869 4645 16 4646 12 
1870 4647 8 4648 5 
1871 4649 8 4650 5 
1872 4651 7 4652 7 4653 5 
1873 4654 12 4655 10 
1874 4656 17 4657 6 
1875 4658 11 4659 8 
1876 4660 21 4661 6 
1877 4662 28 4663 15 
1878 4664 7 4665 6 
1879 4666 13 4667 5 
1880 4668 20 4669 5 
1881 4670 22 4671 6 
1882 4672 14 4673 5 
1883 4674 6 4675 6 
1884 4676 15 4677 7 
1885 4678 10 4679 9 
1886 4680 18 4681 9 
1887 4682 20 4683 6 
1888 4684 17 4685 5 4686 5 
1889 4687 6 4688 5 
1890 4689 15 4690 8 
1891 4691 10 4692 6 
1892 4693 15 4694 5 
1893 4695 28 4696 12 
1894 4697 24 4698 12 4699 10 4700 7 
1895 4701 11 4702 9 
1896 4703 15 4704 13 
1897 4705 12 4706 6 
1898 4707 6 4708 5 
1899 4709 17 4710 8 
1900 4711 11 4712 5 
1901 4713 10 4714 5 
1902 4715 9 4716 6 
1903 4717 14 4718 13 4719 5 
1904 4720 6 4721 5 
1905 4722 30 4723 24 
1906 4724 19 4725 5 
1907 4726 9 4727 7 
1908 4728 12 4729 11 4730 5 
1909 4731 12 4732 7 4733 5 
1910 4734 7 4735 7 
1911 4736 8 4737 7 4738 5 
1912 4739 24 4740 13 
1913 4741 5 4742 5 
1914 4743 32 4744 22 4745 7 
1915 4746 8 4747 6 
1916 4748 15 4749 9 
1917 4750 14 4751 9 
1918 4752 9 4753 8 
1919 4754 7 4755 6 
1920 4756 5 4757 5 
1921 4758 9 4759 7 4760 6 
1922 4761 17 4762 9 
1923 4763 32 4764 10 4765 8 4766 5 
1924 4767 14 4768 9 4769 9 4770 6 
1925 4771 18 4772 13 
1926 4773 5 4774 5 
1927 4775 11 4776 10 4777 10 
1928 4778 16 4779 6 
1929 4780 23 4781 8 
1930 4782 6 4783 6 
1931 4784 9 4785 7 
1932 4786 5 4787 5 
1933 4788 12 4789 6 
1934 4790 19 4791 6 
1935 4792 10 4793 5 
1936 4794 18 4795 16 4796 9 4797 6 
1937 4798 10 4799 7 
1938 4800 16 4801 11 4802 8 
1939 4803 9 4804 7 
1940 4805 11 4806 8 
1941 4807 7 4808 6 
1942 4809 15 4810 10 
1943 4811 12 4812 6 
1944 4813 7 4814 6 
1945 4815 7 4816 7 
1946 4817 10 4818 5 
1947 4819 24 4820 10 
1948 4821 17 4822 8 
1949 4823 12 4824 10 
1950 4825 5 4826 5 
1951 4827 8 4828 6 
1952 4829 6 4830 6 
1953 4831 10 4832 7 4833 7 
1954 4834 7 4835 5 
1955 4836 10 4837 7 
1956 4838 18 4839 7 
1957 4840 16 4841 10 
1958 4842 17 4843 17 4844 15 4845 14 4846 7 4847 5 4848 5 4849 5 
1959 4850 17 4851 5 
1960 4852 13 4853 8 4854 5 
1961 4855 24 4856 9 
1962 4857 7 4858 5 
1963 4859 11 4860 8 
1964 4861 47 4862 11 4863 11 
1965 4864 86 4865 14 4866 9 
1966 4867 17 4868 9 
1967 4869 17 4870 13 
1968 4871 6 4872 5 
1969 4873 24 4874 14 
1970 4875 42 4876 25 4877 23 4878 17 4879 13 
1971 4880 15 4881 13 4882 11 
1972 4883 22 4884 5 
1973 4885 9 4886 5 
1974 4887 9 4888 6 4889 5 
1975 4890 8 4891 6 
1976 4892 7 4893 5 
1977 4894 22 4895 10 
1978 4896 7 4897 6 
1979 4898 11 4899 8 
1980 4900 14 4901 5 
1981 4902 12 4903 11 
1982 4904 15 4905 5 
1983 4906 8 4907 5 
1984 4908 12 4909 9 
1985 4910 12 4911 9 
1986 4912 9 4913 7 
1987 4914 68 4915 17 
1988 4916 11 4917 7 
1989 4918 10 4919 10 
1990 4920 21 4921 6 
1991 4922 9 4923 5 
1992 4924 20 4925 11 
1993 4926 6 4927 6 
1994 4928 21 4929 20 
1995 4930 10 4931 9 
1996 4932 6 4933 5 
1997 4934 6 4935 5 
1998 4936 6 4937 6 
1999 4938 10 4939 5 
2000 4940 6 4941 5 
2001 4942 21 4943 12 
2002 4944 7 4945 5 
2003 4946 11 4947 9 4948 7 
2004 4949 6 4950 5 
2005 4951 8 4952 7 
2006 4953 12 4954 6 
2007 4955 9 4956 6 
2008 4957 10 4958 6 
2009 4959 12 4960 7 
2010 4961 9 4962 8 
2011 4963 17 4964 7 4965 5 
2012 4966 15 4967 9 
2013 4968 9 4969 5 
2014 4970 10 4971 5 
2015 4972 6 4973 6 
2016 4974 12 4975 9 
2017 4976 22 4977 8 
2018 4978 12 4979 5 
2019 4980 16 4981 12 
2020 4982 6 4983 5 
2021 4984 19 4985 8 
2022 4986 17 4987 14 
2023 4988 13 4989 5 
2024 4990 20 4991 13 
2025 4992 26 4993 14 4994 12 
2026 4995 9 4996 5 
2027 4997 10 4998 10 
2028 4999 19 5000 5 
2029 5001 58 5002 24 5003 6 5004 5 
2030 5005 26 5006 5 
2031 5007 16 5008 8 
2032 5009 10 5010 5 
2033 5011 7 5012 5 
2034 5013 8 5014 6 
2035 5015 6 5016 5 
2036 5017 35 5018 7 5019 5 
2037 5020 10 5021 7 
2038 5022 23 5023 21 5024 19 5025 19 
2039 5026 94 5027 8 
2040 5028 7 5029 6 
2041 5030 6 5031 6 
2042 5032 7 5033 6 5034 6 
2043 5035 20 5036 9 
2044 5037 22 5038 9 
2045 5039 10 5040 5 
2046 5041 7 5042 6 
2047 5043 11 5044 5 
2048 5045 10 5046 6 
2049 5047 7 5048 5 
2050 5049 6 5050 5 
2051 5051 7 5052 5 
2052 5053 9 5054 5 
2053 5055 18 5056 10 
2054 5057 17 5058 5 
2055 5059 56 5060 7 
2056 5061 7 5062 5 
2057 5063 22 5064 19 
2058 5065 10 5066 9 
2059 5067 7 5068 5 
2060 5069 20 5070 9 5071 5 
2061 5072 31 5073 12 
2062 5074 10 5075 6 
2063 5076 10 5077 6 
2064 5078 12 5079 10 
2065 5080 36 5081 13 
2066 5082 33 5083 32 
2067 5084 9 5085 7 
2068 5086 29 5087 5 
2069 5088 6 5089 5 
2070 5090 26 5091 15 5092 9 
2071 5093 10 5094 6 
2072 5095 11 5096 10 
2073 5097 24 5098 6 
2074 5099 12 5100 9 
2075 5101 6 5102 5 
2076 5103 11 5104 5 
2077 5105 32 5106 25 
2078 5107 21 5108 5 
2079 5109 10 5110 5 
2080 5111 9 5112 9 
2081 5113 9 5114 5 5115 5 
2082 5116 8 5117 8 
2083 5118 22 5119 7 
2084 5120 9 5121 6 
2085 5122 11 5123 5 
2086 5124 14 5125 5 
2087 5126 18 5127 6 
2088 5128 13 5129 7 5130 6 
2089 5131 30 5132 29 5133 28 5134 7 
2090 5135 10 5136 10 
2091 5137 10 5138 9 
2092 5139 13 5140 5 
2093 5141 8 5142 7 
2094 5143 14 5144 6 
2095 5145 6 5146 6 
2096 5147 13 5148 5 
2097 5149 9 5150 7 
2098 5151 8 5152 7 5153 7 
2099 5154 9 5155 9 
2100 5156 7 5157 5 
2101 5158 5 5159 5 
2102 5160 6 5161 5 
2103 5162 7 5163 6 
2104 5164 15 5165 8 
2105 5166 8 5167 5 5168 5 
2106 5169 12 5170 11 5171 11 
2107 5172 19 5173 5 
2108 5174 8 5175 6 
2109 5176 8 5177 5 
2110 5178 17 5179 5 
2111 5180 20 5181 9 
2112 5182 5 5183 5 
2113 5184 15 5185 12 
2114 5186 12 5187 9 
2115 5188 8 5189 7 
2116 5190 8 5191 7 5192 5 
2117 5193 14 5194 6 
2118 5195 6 5196 5 
2119 5197 16 5198 5 5199 5 
2120 5200 17 5201 5 
2121 5202 5 5203 5 
2122 5204 10 5205 5 
2123 5206 6 5207 5 
2124 5208 6 5209 5 
2125 5210 15 5211 5 
2126 5212 14 5213 6 
2127 5214 11 5215 7 
2128 5216 16 5217 12 5218 9 
2129 5219 11 5220 5 5221 5 
2130 5222 15 5223 11 5224 6 
2131 5225 13 5226 7 
2132 5227 32 5228 7 
2133 5229 15 5230 10 
2134 5231 25 5232 7 
2135 5233 15 5234 6 
2136 5235 6 5236 5 
2137 5237 5 5238 5 
2138 5239 17 5240 10 5241 8 5242 5 
2139 5243 26 5244 7 5245 5 
2140 5246 8 5247 7 
2141 5248 46 5249 24 5250 7 
2142 5251 14 5252 7 
2143 5253 10 5254 9 
2144 5255 21 5256 7 
2145 5257 23 5258 10 5259 7 
2146 5260 6 5261 6 5262 5 
2147 5263 11 5264 7 
2148 5265 6 5266 6 
2149 5267 7 5268 5 
2150 5269 7 5270 5 
2151 5271 17 5272 8 
2152 5273 6 5274 5 
2153 5275 12 5276 8 
2154 5277 8 5278 6 
2155 5279 24 5280 11 
2156 5281 12 5282 5 
2157 5283 42 5284 25 5285 19 5286 13 5287 8 
2158 5288 10 5289 6 
2159 5290 13 5291 9 
2160 5292 5 5293 5 
2161 5294 6 5295 5 5296 5 
2162 5297 7 5298 7 
2163 5299 16 5300 9 5301 6 
2164 5302 6 5303 6 
2165 5304 11 5305 10 
2166 5306 34 5307 19 
2167 5308 8 5309 5 
2168 5310 12 5311 10 
2169 5312 13 5313 5 
2170 5314 60 5315 17 5316 15 5317 12 5318 8 5319 6 5320 6 5321 5 
2171 5322 20 5323 10 
2172 5324 10 5325 6 5326 6 
2173 5327 10 5328 5 
2174 5329 8 5330 5 
2175 5331 16 5332 15 5333 8 
2176 5334 7 5335 5 
2177 5336 10 5337 9 5338 8 5339 6 5340 5 
2178 5341 10 5342 6 
2179 5343 8 5344 6 
2180 5345 10 5346 8 
2181 5347 8 5348 7 
2182 5349 12 5350 7 5351 6 
2183 5352 12 5353 5 
2184 5354 10 5355 7 5356 5 
2185 5357 10 5358 8 
2186 5359 12 5360 5 
2187 5361 8 5362 5 
2188 5363 6 5364 6 
2189 5365 7 5366 7 5367 6 
2190 5368 9 5369 5 
2191 5370 26 5371 15 5372 12 5373 9 5374 5 
2192 5375 5 5376 5 
2193 5377 12 5378 7 
2194 5379 5 5380 5 
2195 5381 7 5382 6 
2196 5383 12 5384 8 
2197 5385 13 5386 10 
2198 5387 9 5388 7 
2199 5389 21 5390 7 
2200 5391 27 5392 7 
2201 5393 9 5394 6 
2202 5395 9 5396 5 
2203 5397 25 5398 13 
2204 5399 10 5400 7 
2205 5401 9 5402 9 
2206 5403 17 5404 6 5405 6 
2207 5406 9 5407 7 
2208 5408 24 5409 8 5410 7 5411 5 
2209 5412 9 5413 6 
2210 5414 31 5415 8 
2211 5416 14 5417 5 
2212 5418 11 5419 10 
2213 5420 6 5421 5 
2214 5422 42 5423 41 5424 14 
2215 5425 23 5426 10 5427 6 
2216 5428 15 5429 9 
2217 5430 12 5431 5 
2218 5432 6 5433 6 
2219 5434 9 5435 8 
2220 5436 52 5437 24 
2221 5438 16 5439 8 
2222 5440 17 5441 10 
2223 5442 10 5443 5 
2224 5444 6 5445 5 
2225 5446 14 5447 6 5448 5 
2226 5449 61 5450 8 
2227 5451 16 5452 13 
2228 5453 26 5454 24 
2229 5455 10 5456 10 
2230 5457 16 5458 12 
2231 5459 7 5460 5 
2232 5461 12 5462 10 
2233 5463 11 5464 5 
2234 5465 10 5466 5 
2235 5467 6 5468 6 
2236 5469 20 5470 6 
2237 5471 6 5472 5 
2238 5473 5 5474 5 
2239 5475 18 5476 6 5477 5 
2240 5478 11 5479 5 
2241 5480 8 5481 7 
2242 5482 11 5483 9 
2243 5484 17 5485 12 5486 9 
2244 5487 13 5488 8 
2245 5489 7 5490 5 
2246 5491 7 5492 5 
2247 5493 18 5494 13 
2248 5495 7 5496 7 
2249 5497 11 5498 7 
2250 5499 15 5500 11 
2251 5501 8 5502 6 
2252 5503 7 5504 6 
2253 5505 10 5506 7 
2254 5507 20 5508 8 5509 6 
2255 5510 23 5511 11 5512 5 
2256 5513 6 5514 5 
2257 5515 52 5516 20 5517 8 
2258 5518 22 5519 15 5520 9 
2259 5521 13 5522 13 
2260 5523 5 5524 5 
2261 5525 14 5526 7 
2262 5527 10 5528 8 
2263 5529 10 5530 6 
2264 5531 9 5532 9 5533 6 
2265 5534 11 5535 7 
2266 5536 12 5537 9 
2267 5538 17 5539 5 
2268 5540 28 5541 15 
2269 5542 11 5543 5 
2270 5544 7 5545 5 
2271 5546 5 5547 5 
2272 5548 25 5549 18 
2273 5550 11 5551 5 
2274 5552 5 5553 5 
2275 5554 9 5555 6 
2276 5556 19 5557 5 
2277 5558 37 5559 15 
2278 5560 216 5561 134 5562 118 5563 42 5564 23 5565 21 5566 12 5567 11 5568 10 5569 9 5570 8 5571 7 5572 5 
2279 5573 6 5574 5 
2280 5575 12 5576 5 
2281 5577 8 5578 6 
2282 5579 9 5580 7 
2283 5581 8 5582 7 
2284 5583 145 5584 59 5585 8 
2285 5586 8 5587 6 5588 6 
2286 5589 24 5590 24 5591 13 5592 7 5593 5 
2287 5594 5 5595 5 
2288 5596 16 5597 5 
2289 5598 12 5599 5 
2290 5600 7 5601 5 
2291 5602 6 5603 5 
2292 5604 20 5605 14 5606 9 5607 5 
2293 5608 15 5609 10 5610 9 5611 5 
2294 5612 5 5613 5 
2295 5614 9 5615 5 
2296 5616 6 5617 6 
2297 5618 7 5619 5 
2298 5620 5 5621 5 
2299 5622 20 5623 17 5624 7 
2300 5625 8 5626 7 
2301 5627 14 5628 10 
2302 5629 20 5630 5 
2303 5631 7 5632 7 
2304 5633 14 5634 6 
2305 5635 14 5636 6 5637 5 
2306 5638 59 5639 12 5640 8 5641 8 
2307 5642 6 5643 5 
2308 5644 7 5645 6 
2309 5646 6 5647 6 
2310 5648 11 5649 10 
2311 5650 19 5651 8 
2312 5652 45 5653 11 5654 5 
2313 5655 9 5656 5 
2314 5657 7 5658 7 
2315 5659 17 5660 5 
2316 5661 5 5662 5 
2317 5663 22 5664 19 
2318 5665 13 5666 8 
2319 5667 10 5668 5 
2320 5669 15 5670 5 
2321 5671 18 5672 15 
2322 5673 7 5674 6 
2323 5675 11 5676 9 
2324 5677 13 5678 12 
2325 5679 7 5680 5 
2326 5681 28 5682 18 5683 7 
2327 5684 13 5685 5 
2328 5686 14 5687 7 
2329 5688 10 5689 6 
2330 5690 19 5691 13 5692 6 5693 5 
2331 5694 24 5695 14 
2332 5696 11 5697 8 5698 6 
2333 5699 25 5700 11 
2334 5701 8 5702 5 
2335 5703 14 5704 7 5705 5 
2336 5706 16 5707 5 
2337 5708 9 5709 6 
2338 5710 7 5711 7 
2339 5712 16 5713 7 
2340 5714 13 5715 8 5716 7 
2341 5717 6 5718 6 
2342 5719 7 5720 6 
2343 5721 12 5722 9 
2344 5723 6 5724 5 
2345 5725 20 5726 12 5727 6 5728 5 
2346 5729 29 5730 12 
2347 5731 8 5732 5 
2348 5733 6 5734 5 
2349 5735 8 5736 6 5737 6 
2350 5738 11 5739 5 
2351 5740 31 5741 6 
2352 5742 9 5743 5 
2353 5744 10 5745 6 
2354 5746 6 5747 5 
2355 5748 11 5749 9 
2356 5750 12 5751 6 
2357 5752 16 5753 5 
2358 5754 7 5755 6 
2359 5756 14 5757 5 
2360 5758 16 5759 7 5760 6 5761 5 5762 5 
2361 5763 13 5764 7 
2362 5765 7 5766 6 
2363 5767 17 5768 6 
2364 5769 14 5770 6 
2365 5771 18 5772 5 
2366 5773 6 5774 5 
2367 5775 7 5776 7 5777 5 
2368 5778 11 5779 10 
2369 5780 11 5781 7 
2370 5782 10 5783 5 
2371 5784 5 5785 5 
2372 5786 8 5787 5 5788 5 
2373 5789 6 5790 5 
2374 5791 57 5792 17 5793 7 
2375 5794 7 5795 5 
2376 5796 5 5797 5 
2377 5798 19 5799 5 
2378 5800 16 5801 12 
2379 5802 9 5803 8 
2380 5804 17 5805 14 
2381 5806 40 5807 11 
2382 5808 46 5809 9 
2383 5810 6 5811 5 
2384 5812 12 5813 6 5814 5 
2385 5815 13 5816 5 
2386 5817 6 5818 5 
2387 5819 12 5820 5 
2388 5821 11 5822 9 5823 7 
2389 5824 9 5825 6 
2390 5826 8 5827 8 5828 5 
2391 5829 9 5830 6 
2392 5831 6 5832 5 
2393 5833 8 5834 6 
2394 5835 22 5836 22 
2395 5837 9 5838 7 
2396 5839 7 5840 5 
2397 5841 8 5842 8 
2398 5843 9 5844 5 
2399 5845 7 5846 6 
2400 5847 27 5848 8 5849 6 5850 5 
2401 5851 10 5852 6 
2402 5853 20 5854 8 
2403 5855 12 5856 5 
2404 5857 29 5858 7 
2405 5859 10 5860 6 
2406 5861 7 5862 7 
2407 5863 10 5864 9 
2408 5865 33 5866 16 5867 10 5868 7 5869 6 5870 5 
2409 5871 11 5872 7 
2410 5873 9 5874 6 
2411 5875 24 5876 11 
2412 5877 15 5878 11 5879 7 
2413 5880 15 5881 9 5882 7 
2414 5883 6 5884 5 
2415 5885 15 5886 13 5887 6 
2416 5888 20 5889 13 
2417 5890 13 5891 8 5892 5 
2418 5893 12 5894 9 5895 8 
2419 5896 22 5897 7 
2420 5898 13 5899 5 
2421 5900 12 5901 9 
2422 5902 21 5903 17 
2423 5904 9 5905 6 
2424 5906 8 5907 7 
2425 5908 6 5909 5 
2426 5910 16 5911 6 
2427 5912 12 5913 9 
2428 5914 7 5915 7 
2429 5916 22 5917 6 
2430 5918 14 5919 5 
2431 5920 26 5921 11 
2432 5922 8 5923 6 
2433 5924 19 5925 10 
2434 5926 7 5927 5 
2435 5928 8 5929 6 
2436 5930 27 5931 5 
2437 5932 5 5933 5 
2438 5934 12 5935 6 
2439 5936 15 5937 11 5938 9 
2440 5939 47 5940 38 5941 13 
2441 5942 10 5943 5 
2442 5944 7 5945 7 
2443 5946 23 5947 6 
2444 5948 67 5949 10 5950 6 
2445 5951 6 5952 5 
2446 5953 36 5954 16 5955 7 
2447 5956 6 5957 5 
2448 5958 13 5959 13 
2449 5960 19 5961 12 5962 6 
2450 5963 13 5964 6 
2451 5965 8 5966 5 
2452 5967 80 5968 19 5969 17 5970 7 5971 7 5972 6 
2453 5973 8 5974 6 
2454 5975 5 5976 5 
2455 5977 11 5978 6 
2456 5979 11 5980 7 
2457 5981 8 5982 8 
2458 5983 18 5984 5 
2459 5985 9 5986 5 
2460 5987 15 5988 9 
2461 5989 36 5990 7 
2462 5991 32 5992 12 
2463 5993 55 5994 8 5995 5 
2464 5996 31 5997 10 
2465 5998 7 5999 7 
2466 6000 9 6001 7 
2467 6002 12 6003 10 
2468 6004 33 6005 26 6006 6 
2469 6007 7 6008 5 
2470 6009 91 6010 58 6011 14 6012 6 
2471 6013 14 6014 7 
2472 6015 9 6016 5 
2473 6017 7 6018 6 
2474 6019 7 6020 6 
2475 6021 19 6022 6 6023 6 
2476 6024 8 6025 6 
2477 6026 317 6027 9 
2478 6028 13 6029 6 
2479 6030 21 6031 5 
2480 6032 21 6033 5 
2481 6034 9 6035 8 
2482 6036 43 6037 10 6038 7 
2483 6039 29 6040 21 
2484 6041 38 6042 25 6043 8 
2485 6044 14 6045 10 
2486 6046 7 6047 6 
2487 6048 5 6049 5 
2488 6050 15 6051 6 6052 5 
2489 6053 7 6054 7 
2490 6055 59 6056 12 
2491 6057 17 6058 10 6059 9 
2492 6060 8 6061 6 
2493 6062 8 6063 7 
2494 6064 10 6065 5 
2495 6066 28 6067 16 6068 7 
2496 6069 6 6070 5 
2497 6071 12 6072 8 
2498 6073 18 6074 12 6075 7 
2499 6076 10 6077 5 
2500 6078 6 6079 6 
2501 6080 14 6081 9 
2502 6082 7 6083 5 
2503 6084 22 6085 5 
2504 6086 15 6087 7 
2505 6088 38 6089 22 6090 14 
2506 6091 7 6092 6 
2507 6093 8 6094 6 
2508 6095 12 6096 10 
2509 6097 5 6098 5 
2510 6099 14 6100 9 
2511 6101 14 6102 5 
2512 6103 6 6104 6 
2513 6105 12 6106 8 
2514 6107 10 6108 6 
2515 6109 12 6110 10 
2516 6111 8 6112 5 
2517 6113 12 6114 9 
2518 6115 10 6116 5 
2519 6117 7 6118 6 
2520 6119 15 6120 6 
2521 6121 16 6122 13 
2522 6123 9 6124 6 
2523 6125 10 6126 9 
2524 6127 18 6128 6 
2525 6129 8 6130 7 
2526 6131 44 6132 22 
2527 6133 12 6134 11 
2528 6135 13 6136 8 
2529 6137 8 6138 6 
2530 6139 9 6140 7 6141 6 
2531 6142 7 6143 6 
2532 6144 11 6145 10 6146 9 
2533 6147 9 6148 5 
2534 6149 16 6150 6 
2535 6151 20 6152 6 
2536 6153 43 6154 14 
2537 6155 16 6156 8 
2538 6157 30 6158 7 
2539 6159 51 6160 8 
2540 6161 18 6162 6 
2541 6163 11 6164 6 
2542 6165 8 6166 7 6167 5 
2543 6168 88 6169 27 6170 9 6171 7 
2544 6172 6 6173 5 
2545 6174 10 6175 8 
2546 6176 9 6177 5 
2547 6178 18 6179 8 
2548 6180 6 6181 5 
2549 6182 9 6183 6 
2550 6184 8 6185 6 
2551 6186 8 6187 5 
2552 6188 8 6189 6 
2553 6190 22 6191 8 
2554 6192 7 6193 5 
2555 6194 11 6195 6 
2556 6196 7 6197 5 
2557 6198 5 6199 5 
2558 6200 29 6201 16 6202 6 
2559 6203 20 6204 7 6205 5 
2560 6206 44 6207 12 
2561 6208 22 6209 11 
2562 6210 8 6211 7 
2563 6212 13 6213 5 
2564 6214 9 6215 9 
2565 6216 7 6217 7 
2566 6218 10 6219 8 
2567 6220 9 6221 7 
2568 6222 8 6223 5 
2569 6224 7 6225 6 
2570 6226 8 6227 5 
2571 6228 15 6229 6 
2572 6230 24 6231 8 
2573 6232 7 6233 6 
2574 6234 22 6235 11 6236 5 
2575 6237 10 6238 5 
2576 6239 14 6240 12 6241 9 
2577 6242 36 6243 26 6244 7 
2578 6245 28 6246 21 
2579 6247 8 6248 6 
2580 6249 10 6250 6 
2581 6251 5 6252 5 
2582 6253 11 6254 8 
2583 6255 17 6256 15 6257 6 6258 5 
2584 6259 13 6260 7 
2585 6261 28 6262 26 6263 6 
2586 6264 14 6265 5 
2587 6266 7 6267 6 
2588 6268 5 6269 5 
2589 6270 7 6271 7 
2590 6272 13 6273 9 
2591 6274 19 6275 5 
2592 6276 8 6277 7 
2593 6278 5 6279 5 
2594 6280 9 6281 7 
2595 6282 18 6283 9 
2596 6284 5 6285 5 
2597 6286 18 6287 10 6288 7 
2598 6289 31 6290 6 
2599 6291 28 6292 19 
2600 6293 13 6294 11 
2601 6295 7 6296 6 
2602 6297 15 6298 8 
2603 6299 8 6300 5 
2604 6301 55 6302 13 
2605 6303 10 6304 7 
2606 6305 7 6306 5 
2607 6307 18 6308 15 
2608 6309 13 6310 9 
2609 6311 11 6312 5 
2610 6313 8 6314 6 
2611 6315 8 6316 6 
2612 6317 20 6318 16 6319 14 6320 7 
2613 6321 8 6322 8 
2614 6323 10 6324 8 
2615 6325 8 6326 6 
2616 6327 12 6328 6 
2617 6329 6 6330 5 
2618 6331 14 6332 8 6333 7 
2619 6334 9 6335 6 
2620 6336 8 6337 6 
2621 6338 68 6339 11 6340 9 6341 7 
2622 6342 7 6343 6 
2623 6344 10 6345 7 
2624 6346 22 6347 17 
2625 6348 10 6349 6 6350 5 
2626 6351 22 6352 9 
2627 6353 9 6354 9 
2628 6355 17 6356 8 6357 5 
2629 6358 25 6359 9 
2630 6360 11 6361 7 
2631 6362 27 6363 8 
2632 6364 6 6365 5 
2633 6366 5 6367 5 
2634 6368 10 6369 5 
2635 6370 16 6371 11 6372 9 
2636 6373 11 6374 9 6375 9 6376 8 6377 5 
2637 6378 9 6379 5 
2638 6380 11 6381 5 
2639 6382 10 6383 6 
2640 6384 12 6385 10 6386 5 
2641 6387 26 6388 5 
2642 6389 16 6390 8 
2643 6391 10 6392 7 
2644 6393 9 6394 8 
2645 6395 30 6396 19 6397 12 6398 10 
2646 6399 17 6400 8 
2647 6401 10 6402 5 
2648 6403 18 6404 16 6405 11 6406 6 
2649 6407 5 6408 5 
2650 6409 10 6410 9 
2651 6411 10 6412 7 6413 6 
2652 6414 6 6415 6 
2653 6416 15 6417 7 
2654 6418 17 6419 15 
2655 6420 14 6421 5 
2656 6422 13 6423 11 
2657 6424 8 6425 7 
2658 6426 5 6427 5 
2659 6428 8 6429 5 
2660 6430 10 6431 6 
2661 6432 8 6433 8 
2662 6434 13 6435 7 
2663 6436 14 6437 11 
2664 6438 13 6439 10 
2665 6440 12 6441 10 6442 7 
2666 6443 30 6444 10 
2667 6445 7 6446 5 
2668 6447 13 6448 12 
2669 6449 8 6450 7 
2670 6451 6 6452 5 
2671 6453 15 6454 12 6455 12 6456 5 
2672 6457 6 6458 5 
2673 6459 8 6460 6 
2674 6461 12 6462 9 6463 9 
2675 6464 8 6465 6 
2676 6466 13 6467 9 
2677 6468 19 6469 12 
2678 6470 11 6471 10 6472 5 
2679 6473 11 6474 7 6475 5 
2680 6476 8 6477 8 
2681 6478 15 6479 11 
2682 6480 125 6481 65 6482 29 
2683 6483 15 6484 14 
2684 6485 6 6486 5 
2685 6487 10 6488 6 
2686 6489 11 6490 7 
2687 6491 14 6492 11 
2688 6493 13 6494 9 
2689 6495 9 6496 8 6497 5 
2690 6498 11 6499 7 6500 6 6501 5 
2691 6502 17 6503 12 
2692 6504 11 6505 9 
2693 6506 6 6507 5 
2694 6508 14 6509 10 
2695 6510 6 6511 5 
2696 6512 15 6513 8 
2697 6514 24 6515 12 6516 7 
2698 6517 7 6518 6 
2699 6519 18 6520 6 6521 5 
2700 6522 26 6523 15 6524 8 
2701 6525 8 6526 7 
2702 6527 5 6528 5 
2703 6529 6 6530 6 
2704 6531 5 6532 5 
2705 6533 13 6534 6 
2706 6535 10 6536 6 
2707 6537 11 6538 6 
2708 6539 16 6540 5 
2709 6541 8 6542 5 
2710 6543 12 6544 7 
2711 6545 33 6546 13 6547 13 
2712 6548 11 6549 8 
2713 6550 16 6551 8 
2714 6552 7 6553 5 
2715 6554 12 6555 9 
2716 6556 5 6557 5 
2717 6558 8 6559 5 
2718 6560 15 6561 10 6562 9 6563 5 
2719 6564 19 6565 16 6566 13 
2720 6567 6 6568 5 
2721 6569 7 6570 6 
2722 6571 12 6572 9 
2723 6573 10 6574 7 
2724 6575 11 6576 5 
2725 6577 12 6578 8 
2726 6579 16 6580 10 
2727 6581 8 6582 7 
2728 6583 8 6584 6 
2729 6585 11 6586 7 
2730 6587 9 6588 8 
2731 6589 6 6590 5 
2732 6591 5 6592 5 
2733 6593 6 6594 5 
2734 6595 61 6596 14 6597 5 
2735 6598 15 6599 14 
2736 6600 23 6601 14 
2737 6602 11 6603 5 
2738 6604 5 6605 5 
2739 6606 7 6607 5 
2740 6608 26 6609 5 
2741 6610 16 6611 5 
2742 6612 5 6613 5 
2743 6614 12 6615 5 
2744 6616 12 6617 5 
2745 6618 34 6619 8 
2746 6620 8 6621 5 
2747 6622 13 6623 6 6624 5 
2748 6625 7 6626 7 
2749 6627 11 6628 9 
2750 6629 7 6630 6 
2751 6631 12 6632 6 
2752 6633 5 6634 5 
2753 6635 6 6636 5 
2754 6637 30 6638 28 6639 7 6640 6 
2755 6641 9 6642 8 