0 316 1 316 316 316 316 316 316 316 316 316 21 316 81 262 
1 81 81 66 81 81 81 81 81 81 81 81 81 81 81 
2 81 316 81 81 81 81 81 81 81 81 81 735 81 81 81 81 
3 70 70 70 70 70 418 70 70 70 70 70 70 70 70 70 70 70 
4 81 81 81 81 81 81 81 81 81 1 81 81 81 81 
5 1 1 1 1 1 1 1 1 1 1 1 1 1 81 254 1 
6 81 81 81 81 81 81 81 249 81 81 81 1 81 81 81 
7 1 1 1 1 1 1 1 1 1 1 1 1 629 1 1 
8 81 81 81 81 81 81 81 81 81 1 81 316 81 599 81 
9 81 81 81 81 81 21 81 81 81 81 81 81 81 81 81 170 81 81 
10 1 1 1 81 1 1 1 1 1 1 1 1 1 316 1 
11 81 81 81 81 81 81 81 832 81 81 81 81 81 
12 81 81 81 81 81 81 16 81 81 81 81 81 93 
13 81 81 1354 81 1598 81 81 81 81 81 170 81 81 
14 1 1 1 1 1 1 1 1 1 1 1 1 1 1 
15 81 81 81 81 81 81 81 81 81 81 81 92 1 
16 81 81 81 81 81 81 81 81 81 81 81 81 81 81 97 1 81 
17 1 1 520 17 1 1 1 1 1 1 1 1 81 1 499 
18 1 1 1 1 1 1 1 70 372 1 1 1 21 1 1 1 
19 220 220 70 220 220 220 70 220 316 220 220 220 220 70 220 220 220 
20 81 81 81 81 81 81 81 81 81 81 81 81 81 81 
21 81 81 167 81 81 81 81 81 81 81 81 81 81 599 
22 81 81 81 81 81 81 81 81 81 81 81 81 81 81 81 81 
23 81 81 81 81 81 81 81 81 81 411 81 81 81 81 81 81 81 
24 411 411 411 411 411 411 254 411 411 411 
25 81 81 81 81 81 81 81 81 81 81 81 81 81 81 81 81 81 
26 81 81 81 81 81 768 81 81 81 81 81 81 81 81 81 81 
27 411 411 411 411 411 411 411 411 411 411 411 411 
28 81 81 170 81 81 81 81 81 81 81 81 81 81 81 81 
29 81 81 81 81 81 81 81 411 81 81 81 81 81 81 81 70 81 81 81 
30 81 81 81 220 81 81 81 81 81 81 81 81 81 81 167 
31 1 1 1 1 1 1 1 1 1 1 1 1 
32 1 1 1 1 1 1 70 1 21 1 81 1 1 1 1 1 1 
33 1 1 1 1 1 1 81 1 1 1 1 1 1 1 
34 81 81 81 81 81 136 81 1318 81 81 60 81 779 81 70 1 
35 207 207 207 207 207 207 207 1 207 207 207 81 286 316 
36 81 81 81 81 81 1 81 81 81 81 81 
37 70 220 70 70 70 70 70 411 1 70 70 70 411 70 
38 81 81 81 81 81 81 81 81 81 81 81 81 81 81 81 578 81 
39 81 1 1 70 1 1 1 1 38 1 1 1 
40 1 1 1 1 1 1 1 253 1 1 81 1 81 1 
41 81 81 81 81 81 81 81 81 81 81 81 81 
42 81 27 81 81 81 81 81 81 81 81 81 81 81 81 81 81 81 81 
43 70 70 70 70 70 70 70 70 70 70 70 70 70 70 70 70 
44 411 411 411 411 238 411 411 411 254 411 411 411 411 411 
45 48 70 70 70 81 248 70 70 70 70 70 70 70 70 70 70 629 
46 70 70 70 70 70 70 70 70 70 70 70 70 70 70 70 
47 170 81 81 81 81 81 81 81 81 1276 81 81 81 81 81 
48 70 254 70 70 70 70 70 203 70 70 70 1 70 70 70 
49 411 70 70 70 70 70 411 70 70 70 70 70 70 70 70 70 70 
50 1 1 80 1 1 1 1 1 1 1 1 1 1 1 
51 81 81 81 81 81 81 81 1 1354 81 81 81 81 81 81 81 
52 70 70 70 70 70 70 70 70 70 70 70 70 70 70 70 81 
53 1 81 1 9 1 1 1 1 1 1 1 1 1 1 
54 81 81 81 81 81 81 81 1354 81 81 81 81 66 
55 1 1 1 1 1 1 1 1 1 1 81 1 499 1 1 316 1 1 1 
56 81 81 81 579 81 81 316 81 81 81 81 81 81 1 81 81 599 
57 81 81 81 81 81 81 1 81 81 81 81 81 81 
58 1 1 1 1 60 746 1 1354 1 1 1 1 1 1 1 
59 81 81 81 81 81 81 81 81 81 1 81 81 249 
60 81 81 81 81 81 81 81 81 81 81 
62 1 1 1 1 1 1 70 1 1 1 1 1 1 21 
63 207 207 207 207 207 207 207 207 207 207 207 207 207 207 167 207 207 
64 1 1 1 1 1 1 1 1 1 1 1 1 1 1 1 1 1 
65 81 81 81 81 81 81 81 81 81 81 3 81 81 81 81 170 
66 81 1 81 81 81 81 81 81 1354 81 81 81 81 220 81 81 
67 70 70 70 70 70 70 70 70 70 70 70 70 70 70 
68 81 81 81 81 81 81 81 81 81 81 81 
69 70 70 70 70 70 70 70 70 70 70 70 70 70 70 70 70 70 70 70 
70 1 1 1 1 1 48 1 1 1 1 1 1 1 262 
71 1 1 1 1 1 1 1 1 1 70 1 1 1 
72 81 81 81 81 1 81 81 81 81 81 
73 1 1 1 1 1 1 48 1 1 1 81 1 1 1 1 1 
74 155 155 155 155 155 155 155 155 155 155 
75 81 81 81 81 81 81 81 81 81 81 81 81 81 1 
76 70 70 456 70 70 70 70 70 70 45 70 70 70 70 70 70 
77 1 81 81 81 81 21 81 1 81 81 
78 1 1 1 1 1 1 1 1 1 1 1 1 1 155 
79 1 81 81 81 316 81 81 81 81 81 81 81 81 
80 81 81 81 81 81 81 81 81 81 81 81 81 81 
81 81 81 81 1586 81 81 81 81 81 81 81 81 81 81 
82 81 81 81 81 81 81 81 81 1 81 81 81 81 81 81 81 81 81 81 
83 81 70 81 81 81 81 81 81 81 81 1 81 81 
84 1 1 81 1 1 1 1 1 1 1 1 1 262 1 1 1 1 
85 81 81 81 81 1 81 81 81 81 81 81 81 1 81 81 
86 70 411 70 70 70 70 70 70 70 70 70 70 70 70 70 70 70 
87 81 81 81 81 81 81 81 81 81 81 81 81 81 81 81 238 81 81 
88 1 1 1 1 1 1 70 1 1 1 1 
89 66 520 1 1 1 1 1 1 1 1 1 1 1 1 1 1 
90 81 81 81 81 81 81 81 81 81 81 81 81 1 
91 81 81 81 81 81 81 81 81 81 81 81 81 81 
92 70 70 70 70 70 70 70 70 1 262 411 70 70 70 70 70 70 70 
93 81 81 81 81 81 81 81 81 81 81 81 81 81 
94 81 81 81 81 81 81 81 81 81 81 81 81 81 81 81 170 
95 70 70 70 70 70 70 70 70 70 70 1 70 70 
96 81 81 81 81 21 81 167 81 81 81 81 81 81 81 81 81 81 
97 81 81 81 81 81 81 81 81 81 1 81 81 81 81 81 
99 1 81 1 1 1 1 1 1 1 316 1 1 1 1 1 
100 81 81 1 81 81 81 81 1 81 81 81 81 81 81 81 49 
101 1 1 1 1 1 1 1 1 81 1 249 1 1 1 1 1 
102 70 70 70 70 70 70 70 70 70 70 70 70 70 70 70 
103 70 70 70 70 70 70 70 70 70 70 1164 70 
104 81 81 81 81 81 81 81 81 81 81 81 81 81 81 81 
105 81 81 81 81 81 81 81 81 81 81 81 81 
106 81 81 81 81 81 81 81 81 81 81 81 81 81 81 
107 81 81 81 81 81 81 81 81 81 81 81 81 
108 1 70 70 70 70 70 70 70 1 70 70 70 70 70 70 70 70 48 
109 411 411 411 411 411 411 48 411 136 411 70 411 411 411 
110 70 70 70 70 70 70 70 70 70 70 70 70 70 70 70 
111 1 1 1 1 1 1 1 1 1 1 1 1 1 1 1 1 
112 81 81 343 81 81 81 81 81 81 81 81 81 81 
113 81 81 81 81 81 81 81 81 81 81 81 81 
114 81 81 81 21 81 81 81 81 81 
115 81 81 81 81 81 81 81 408 1 81 81 81 81 1 81 
116 70 70 70 70 70 70 70 70 70 70 254 70 70 70 70 70 418 
117 411 411 411 170 411 411 220 411 411 411 411 411 411 155 411 70 70 411 
118 81 81 81 81 81 81 81 81 81 81 81 81 81 
119 1 1 1 1 1 1 1 1 1 1 1 1 1 1 1 81 70 1 1 
121 316 316 316 316 316 17 316 316 316 316 316 316 316 316 316 316 
122 70 70 70 70 70 70 70 70 81 70 70 70 70 70 70 70 
123 1 1 64 1 1 1 1 1 1 1 1 70 1 1 81 1 
124 81 81 81 81 81 81 81 81 81 81 81 81 81 97 1464 81 81 66 
125 1 1 81 238 1 1 1 1 1 1 1 1 136 1 
126 81 81 725 81 81 81 81 21 81 81 81 81 
127 70 150 411 70 70 70 70 70 70 70 70 70 70 70 70 70 
128 70 70 70 70 70 70 70 70 70 70 70 70 70 70 
129 70 70 70 70 70 70 70 70 70 70 70 70 70 70 70 
130 81 81 81 81 60 81 81 81 155 81 1 81 81 81 81 81 
131 81 81 81 81 81 81 81 81 81 81 81 81 262 81 
132 92 81 582 81 81 81 81 81 81 1 81 81 81 
133 81 81 81 81 81 81 81 81 81 81 81 81 81 81 
134 81 81 81 81 81 81 81 81 81 81 81 81 337 81 81 
135 70 1 70 70 70 70 70 70 70 70 70 70 70 238 
136 81 81 81 81 81 81 1276 81 81 81 81 81 81 81 
137 81 81 81 81 81 81 81 81 81 81 81 81 81 579 81 81 
138 81 81 81 81 81 81 81 81 81 81 81 81 27 81 1 
139 92 81 81 81 81 81 81 81 81 81 81 81 81 253 
140 56 56 56 56 56 81 56 56 56 56 56 56 56 56 
141 81 81 81 81 81 81 81 81 1 81 81 81 81 81 81 81 81 81 81 
142 81 81 81 150 81 81 411 81 81 170 
143 1 1 1 1 1 1 1 1 1 1 1 1 1 1 
144 81 81 81 81 81 81 81 81 1 81 81 81 81 81 167 81 1164 
145 1 1 1 1 1 1 1 1 1 1 1 499 1 1 1 
146 220 220 220 220 220 220 220 220 220 220 220 220 220 220 220 220 220 
147 81 81 81 81 
148 70 70 70 70 70 70 70 70 1 70 70 70 70 70 70 
149 1 1 1 1 1 1 579 1 1 1 1 1 
150 70 70 70 70 70 70 70 70 70 70 70 70 70 70 70 70 
151 81 81 81 81 81 81 81 81 81 81 81 81 81 81 81 81 
152 81 81 81 81 81 81 81 136 81 81 81 81 81 81 81 
153 81 81 81 81 170 81 81 
154 220 220 220 220 220 220 220 220 220 220 220 220 220 
155 1 1 1 1 1 1 1 1 1 207 1 81 1 
156 81 81 81 81 81 1 81 81 81 342 81 81 81 
157 238 238 38 238 238 238 1 238 238 238 238 238 220 238 
158 70 70 70 70 70 70 70 70 70 70 1 70 
159 81 81 81 81 81 81 81 1 81 81 81 81 81 81 81 
160 81 81 81 81 81 81 81 81 81 81 691 81 81 81 81 
161 81 81 81 27 81 81 66 81 81 81 81 81 81 81 81 81 
163 81 1276 81 81 81 81 81 81 896 81 81 81 81 238 1 81 81 81 
164 582 1 81 81 81 70 81 81 81 81 66 81 81 
165 1 684 1 1 1 1 1 1 1 81 1 1 1 1 
166 81 81 81 81 81 81 81 81 81 81 81 81 81 81 1 81 81 81 81 
167 167 167 167 167 167 372 167 167 
168 70 70 70 411 70 70 70 
169 70 70 167 70 1 70 92 70 70 70 70 1 254 70 
170 70 70 70 70 70 70 70 70 70 70 70 
171 81 81 81 81 21 81 81 81 81 81 81 
172 1 1 1 1 1 1 
173 70 70 70 167 70 70 70 70 70 1 70 70 70 70 56 70 70 
174 81 81 81 81 81 81 1 81 81 81 81 
175 81 81 81 81 316 81 81 81 81 81 81 81 81 81 81 
176 81 81 81 81 582 81 81 81 81 91 81 81 81 81 155 
177 81 81 81 81 1 411 81 81 81 81 81 93 
178 81 81 81 81 81 81 81 81 81 81 81 81 81 170 155 81 
179 1 1 48 1 1 1 81 48 286 1 1 70 1 1 
180 1 1 1 81 1 1 1 1 1 286 
181 1 1 1 1 1 1 1 48 1 1 1 1 1 1 1 
182 418 81 81 81 81 81 1 81 81 81 81 81 81 81 81 
183 81 81 81 81 81 27 81 81 81 81 
184 81 81 81 81 81 21 81 81 81 81 81 81 81 81 81 81 81 
185 207 1 1276 207 207 768 207 207 207 499 207 
186 81 81 81 81 81 81 81 81 81 81 81 81 81 1318 81 81 
187 878 81 81 81 81 81 81 1 81 81 81 81 81 81 81 81 81 81 
188 372 372 372 349 372 372 372 372 372 372 372 372 372 372 372 
189 220 220 238 220 220 220 220 220 220 220 220 220 
190 81 81 81 81 81 81 81 81 81 81 81 81 81 81 1 
191 1 1 1 1 1 1 1 1 1 1 81 1 1 1 
192 167 220 220 220 220 220 220 136 220 124 220 220 220 220 286 220 
193 81 81 81 81 81 81 81 81 81 81 81 81 81 
194 81 81 81 81 81 81 81 81 81 81 81 81 81 81 97 81 81 
195 81 81 81 167 81 81 81 81 81 81 81 81 81 81 81 81 
196 81 81 81 253 81 372 81 81 1 81 81 220 81 81 81 
197 167 70 70 70 70 70 70 70 70 405 70 70 81 70 
198 81 81 21 81 81 81 1 81 81 81 81 81 81 81 81 81 81 1 
199 1 1 1 1 1 1 1 1 97 1 1 1 81 
200 1 1 1 1 1 1 1 1 1 1 1 1 1 1 1 1 
201 81 81 81 81 81 81 81 81 81 81 81 81 81 81 
202 81 81 81 81 81 81 81 210 81 81 81 81 81 81 81 81 81 81 
203 1 81 81 81 81 1 81 81 81 81 81 
204 1 1 1 1 1 93 1 1 
205 220 220 220 220 220 220 220 220 220 220 220 372 220 
206 81 81 81 
207 81 1276 81 81 81 81 81 81 81 81 81 81 81 81 81 81 81 
209 1 1 1 1 1 1 1 1 1 81 1 1 1 1 1 
210 70 70 70 70 70 70 70 
211 81 81 81 81 81 81 81 249 81 81 81 81 81 93 81 
212 136 136 136 136 136 136 136 136 136 411 136 136 136 768 136 136 220 
213 81 81 81 81 81 81 81 81 81 81 81 81 1 81 
214 81 81 81 81 81 81 81 81 81 81 81 81 81 81 81 
215 70 70 70 70 70 70 207 70 70 70 70 70 203 
216 81 167 1620 81 81 81 1 81 81 81 
217 81 81 262 81 81 81 81 262 81 81 81 81 81 
218 170 81 81 81 81 81 81 81 1464 81 81 81 81 
219 81 81 81 81 367 81 81 1 81 81 253 81 81 
220 70 70 70 70 70 70 716 70 70 70 70 70 70 48 70 70 70 
221 81 81 81 81 81 1 81 81 81 1 716 81 81 81 81 814 81 
222 70 70 70 70 70 70 70 70 70 70 70 70 70 70 70 70 
223 70 70 70 70 70 70 70 
224 81 81 81 81 253 81 81 81 124 167 81 81 81 81 81 
225 81 81 81 81 81 81 81 81 81 81 81 81 
226 1 1 1 70 1 1 1 1 1 1 1 1 1 1 
227 768 768 768 768 768 768 768 768 768 768 768 408 768 768 70 768 
228 1 1 1 1 1 1 1 1 1 1 1 1 286 
229 81 167 561 81 81 81 578 81 81 81 81 81 81 
230 81 81 81 253 81 81 81 81 81 81 81 81 81 81 81 81 
231 1 81 81 81 81 81 81 81 81 81 81 81 81 81 81 
232 349 81 81 81 81 81 81 170 81 1 262 
233 70 70 70 70 70 70 70 136 70 70 70 70 70 70 
234 81 81 1 81 81 81 81 81 81 81 81 81 81 81 81 81 81 
235 81 81 81 81 81 56 81 81 81 81 81 81 81 81 
236 1 1 1 1 1 1 1 1 1 1 286 1 81 1 
237 81 81 81 81 81 81 81 81 81 81 81 81 349 81 81 81 
238 70 70 411 167 70 70 70 70 70 70 70 70 70 70 207 70 70 
239 1 1 1 1 27 1 1 1 1 1 1 1 1 81 1 
240 1 1 367 1 1 1 70 663 1 70 788 449 81 1 
241 81 70 70 70 70 70 70 70 70 70 70 70 70 70 70 
243 81 81 81 81 81 81 81 81 81 81 81 81 81 81 81 81 
244 81 81 81 81 66 81 81 81 81 81 1 81 81 81 81 81 81 81 81 
245 64 81 81 81 81 81 81 81 249 81 81 81 
246 1 1 1 1 1 1 1 81 1 1 1 1 81 81 1 81 
247 80 81 27 81 81 81 81 60 81 81 81 81 81 92 81 81 
248 81 81 81 81 81 81 81 1 81 81 81 81 81 
249 81 81 81 81 81 81 81 81 81 81 81 81 81 81 
250 81 81 81 81 81 81 81 81 81 81 716 81 81 
251 1 1 1 81 1 1 1 1 915 56 1 1 
252 18 97 70 70 70 70 70 70 70 
254 81 81 81 81 81 81 81 81 81 81 81 81 81 93 81 
255 81 81 81 81 81 81 81 81 81 81 81 81 81 207 81 
256 81 81 81 262 81 81 81 167 136 136 81 81 81 81 81 
257 70 70 70 70 70 
258 81 27 81 81 81 81 81 81 81 81 81 60 81 779 81 1586 
259 21 81 81 81 81 81 81 81 81 1318 81 81 81 81 
260 81 81 81 81 81 81 81 81 81 1 81 81 81 81 81 725 187 81 
261 167 81 81 81 81 81 81 81 81 81 81 81 81 253 81 
262 238 238 238 238 238 238 1 238 238 238 238 238 238 238 238 238 
263 81 81 81 81 81 81 81 81 170 81 81 
264 81 81 81 81 81 81 81 81 1 81 81 81 81 81 81 81 81 81 1164 
265 70 70 70 92 70 70 70 70 70 70 70 70 937 70 70 70 
266 81 81 81 81 81 81 1 81 81 81 81 81 81 81 81 
267 81 81 81 81 81 449 81 81 81 1 81 
268 1 70 1 1 1 1 1 1 21 1 1 1 70 1 1 
269 81 1 1 1 1 1 1 1 1 21 21 70 1 1 1 155 
270 1 1 1 1 1 367 1 1 1 1 1 249 1 1 1 1 1 
271 238 238 238 238 1 238 238 238 238 
272 81 81 81 81 81 81 81 81 21 81 81 81 81 81 
273 81 81 64 81 81 81 81 81 81 155 1 81 81 1 81 81 188 
274 170 81 81 81 81 81 81 81 81 81 81 81 81 238 
275 81 81 81 310 81 81 349 81 81 81 81 81 
276 286 411 411 411 411 411 411 411 411 411 411 238 411 70 411 411 411 411 70 
277 70 70 70 70 70 70 70 70 70 70 70 70 70 70 70 
278 220 220 220 220 220 70 220 220 220 220 
279 81 81 81 1276 81 81 81 81 81 81 207 81 81 81 81 81 65 1164 
280 81 21 81 81 81 81 81 81 81 1 81 81 262 81 81 262 81 81 
281 81 81 81 81 81 124 81 81 81 81 81 81 81 81 
282 81 81 81 81 81 81 81 81 81 81 81 81 81 81 
283 70 70 70 70 70 70 70 81 70 70 70 70 207 70 1 
284 70 70 70 1 70 150 70 70 70 70 70 
285 81 81 81 81 81 81 81 81 81 1 81 81 81 
286 81 582 81 81 81 81 81 81 81 81 81 124 81 81 81 81 81 
287 81 81 81 81 81 81 81 81 81 81 81 1 81 81 81 81 
288 70 70 70 70 70 70 70 70 70 70 70 70 70 70 
289 81 81 81 81 81 81 81 81 81 81 1 81 81 81 
290 81 81 81 167 81 81 81 81 1 81 81 81 81 81 81 
291 170 81 81 81 81 81 81 81 81 81 81 81 81 81 81 81 81 81 
292 70 70 70 768 70 70 70 70 70 70 70 70 70 70 70 70 70 1 
293 81 81 81 81 81 81 81 81 81 81 81 81 81 81 81 81 
294 411 411 411 411 928 411 411 1 411 411 411 411 411 411 411 220 411 
295 81 81 92 81 81 81 81 81 81 81 81 81 81 349 81 1354 81 
296 81 81 81 81 3 81 81 81 81 81 81 81 81 81 81 
297 81 81 81 81 81 81 81 81 81 81 81 1 81 66 81 81 
298 1 1 1 1 1 1 1 1 1 1 1 1 1 1 
299 81 316 1 81 81 81 81 81 81 81 81 81 70 81 21 
300 81 81 81 81 81 81 81 81 81 81 81 81 81 81 
301 81 81 81 81 81 81 240 81 81 81 81 81 81 81 81 81 
302 1 1 1 1 207 1 1 1 1 
303 136 136 136 136 411 411 136 136 136 136 136 136 
304 238 238 238 238 238 238 238 238 238 238 238 238 238 238 238 
305 81 81 81 81 81 81 81 81 81 81 81 81 81 81 81 
306 1 1 1 1 1 1 1 1 1 1 1 1 1 1 
307 81 81 81 81 81 81 81 81 81 81 81 81 81 
308 81 81 81 81 81 81 81 81 81 81 81 81 81 81 81 81 81 
309 81 1 1 1 1 1 1 1 468 1 1 286 
310 81 81 81 81 81 81 81 81 81 81 81 81 21 81 81 349 238 81 81 
311 70 70 70 70 70 70 70 70 70 70 70 70 167 70 1 48 
312 81 81 1 81 81 81 81 81 81 81 81 81 81 81 
313 411 411 411 411 411 411 411 411 411 411 411 
314 70 70 70 70 70 70 70 92 70 70 70 70 70 70 70 
315 81 81 81 81 81 81 124 81 81 81 81 81 21 81 81 81 81 
316 1 21 1 1 1 1 684 1 1 60 81 1 1 
317 70 70 70 253 70 70 70 1 70 70 70 70 70 70 
318 70 70 70 70 70 70 70 70 70 70 70 70 70 
319 81 81 81 60 262 81 1 81 81 81 81 81 81 81 
320 81 81 81 81 81 81 81 81 81 81 81 81 81 81 81 81 
321 716 81 81 81 81 81 81 81 81 81 81 81 238 81 81 81 81 
322 70 70 70 70 70 70 70 70 70 70 70 21 70 238 70 70 262 
323 56 81 81 81 81 81 81 81 81 81 456 81 81 81 81 81 81 
324 81 81 81 81 81 81 81 81 81 81 779 81 81 81 81 81 81 
325 81 81 81 81 81 81 81 81 81 
326 81 81 81 81 81 81 81 81 81 81 81 81 1620 81 81 81 81 170 
327 70 70 70 70 70 70 70 70 70 70 70 70 70 70 
328 70 70 70 342 70 1 70 70 70 70 70 70 70 70 
329 238 238 238 238 238 238 238 238 238 663 238 238 238 238 238 238 
330 220 220 220 220 220 220 220 220 220 220 220 220 
331 1 1 81 1 1 1 1 1 1 1 1 1 
332 81 81 81 81 3 81 81 81 150 81 81 253 81 
333 70 70 70 70 70 70 70 70 70 70 70 
334 81 81 81 81 81 81 81 81 81 81 81 81 81 81 81 81 
335 81 81 81 81 81 81 81 81 81 170 1318 81 81 81 
336 81 249 81 81 81 81 81 81 81 81 81 716 81 81 188 81 
337 81 81 81 81 81 81 81 81 81 81 81 81 81 81 81 167 81 81 81 
338 81 81 81 81 81 81 81 249 81 81 81 81 81 
339 81 81 136 136 81 81 81 81 81 81 
340 81 81 81 81 81 81 81 81 81 81 81 81 81 
341 81 1 81 81 81 81 81 81 81 81 81 337 81 81 81 
342 220 70 21 768 411 70 70 70 70 70 70 347 70 70 254 70 70 
343 81 81 81 81 81 81 81 81 81 81 81 81 81 81 81 81 81 
344 1 1 1 1 1 1 1 1 1 254 1 
345 81 81 81 81 81 81 81 81 81 81 81 81 81 81 81 1 81 
346 81 81 81 81 81 81 81 81 81 1 1 81 408 81 81 81 
347 1 1 1 1 1 1 1 1 
348 1 1 1 1 1 1 1 1 1 1 1 
349 81 81 81 81 81 81 81 81 81 81 81 81 81 81 81 
350 1 1 1 1 1 1 1 1 1 1 1 1 
351 70 70 70 70 70 70 70 70 238 70 70 70 70 70 70 70 70 70 70 70 
352 81 81 81 81 81 81 81 81 81 81 81 1 81 81 81 81 81 
353 70 70 411 70 70 87 70 342 70 70 70 70 70 70 70 
354 81 81 81 81 81 81 81 81 81 81 81 81 337 81 
355 81 81 81 81 81 81 81 81 1 81 81 81 81 342 
356 238 170 238 238 238 238 238 238 238 238 238 238 238 207 238 411 238 411 
357 220 238 238 238 238 238 238 238 238 238 238 238 238 
358 81 81 81 81 81 81 81 81 81 81 
359 70 70 70 1 70 70 70 70 70 70 70 411 70 70 207 70 
360 81 1 1 155 1 1 1 1 1 1 1 81 1 1 
361 81 81 81 81 411 81 81 81 81 81 81 1 81 81 81 81 81 81 
362 81 81 81 81 81 81 81 81 81 81 81 81 81 81 81 81 81 81 
363 170 81 81 81 81 81 81 81 81 81 81 254 
364 81 81 81 81 81 
366 81 81 81 81 81 81 81 81 81 81 
367 81 81 81 81 81 81 81 81 48 81 81 81 81 81 81 81 
368 1 1 1 92 316 1 1 1 1 1 1 1 1 1 1 1 
369 1 81 81 81 81 81 81 81 81 81 81 81 81 81 56 81 
371 81 81 81 81 81 81 81 81 170 81 81 81 81 
372 81 81 81 81 81 1 81 1354 81 81 81 316 81 81 
373 155 81 81 81 81 81 81 81 81 81 81 81 81 81 81 81 831 
374 81 81 81 81 81 81 81 81 81 81 1354 81 81 768 81 
375 81 81 81 81 81 81 81 81 81 81 81 788 81 81 81 
376 1 81 81 81 81 81 79 1354 81 81 81 81 81 81 81 81 81 
377 81 81 81 81 81 81 81 81 81 81 
378 81 81 411 81 81 81 81 56 1 81 81 81 81 81 81 81 
379 81 81 92 779 81 81 81 81 1 81 81 81 81 81 
380 1 1 1 70 1 1 70 1 1 1 1 1 1 1 
381 70 70 70 27 70 70 70 70 411 70 70 1 70 70 70 
382 81 155 81 81 81 81 81 81 81 81 81 81 81 81 1 81 
383 220 220 70 238 220 220 220 768 220 220 220 1 21 220 220 220 
384 81 81 81 81 579 1 81 81 81 81 81 81 81 81 
385 81 81 81 81 81 81 81 81 81 81 81 65 81 81 
386 81 81 81 81 81 81 81 81 81 81 81 81 81 66 81 81 81 
387 70 70 70 70 70 70 372 70 70 70 70 70 81 1 
388 81 220 81 81 81 81 81 81 81 
389 1 1 1 1 1 1 1 1 1 1 1 1 1 1 
390 70 70 70 167 70 70 70 70 70 70 70 70 70 70 70 
391 81 81 81 81 1 81 81 81 81 81 81 
392 81 81 81 81 81 81 81 81 81 81 81 81 81 81 81 
393 70 70 70 70 70 70 1 70 70 207 70 207 207 70 70 70 
394 81 81 155 81 81 81 81 81 81 262 81 81 253 81 
395 81 21 81 81 81 81 1 81 81 81 81 81 81 81 81 81 81 81 
396 81 81 1 81 81 81 81 81 81 167 1 81 81 1164 
397 81 81 81 81 81 81 81 81 
398 155 155 81 155 155 155 155 155 155 155 155 155 155 155 155 155 
399 70 70 70 70 136 70 70 1 70 70 70 70 70 70 70 
400 70 70 70 70 70 70 70 70 70 70 70 70 97 70 70 70 
401 1 1 1 1 38 1 1 1 1 1 1 1 81 1 1 1 1 
402 167 207 207 207 207 207 207 207 207 207 207 
403 81 1 81 81 81 81 81 81 81 81 21 81 81 27 
404 81 81 81 81 81 81 81 1 81 81 81 81 81 81 
405 70 70 70 253 70 70 70 70 70 70 70 70 97 70 70 70 70 70 
406 81 81 81 81 81 81 81 81 81 578 81 81 1 170 
407 207 70 70 70 70 70 70 70 70 70 70 70 70 70 
408 81 81 81 81 81 81 81 81 81 81 81 81 81 48 81 81 81 
409 81 81 81 81 310 1 81 81 81 81 81 81 81 408 81 
410 70 70 70 70 70 411 70 70 70 70 70 70 70 64 70 
411 70 70 70 70 70 70 70 70 70 70 70 70 207 70 70 
412 81 81 81 1 81 81 81 81 81 81 81 81 81 1 81 81 
413 1 1 1 1 1 1 1 1 1 1 1 
414 207 207 207 207 207 207 520 207 207 207 207 207 207 207 21 
415 1 1 1 1 1 1 1 1 1 1 1 1 1 1 81 1 1 
416 70 70 70 70 70 70 70 70 70 70 79 70 70 70 70 
417 81 81 81 81 81 81 81 81 81 28 1 81 81 81 81 81 81 
418 1 1 1 1 81 1 1 1 1 1 1 1 1 1 1 1 1 
419 411 411 411 411 411 411 411 411 411 411 411 411 411 411 207 
420 81 81 81 81 81 
421 155 155 155 155 155 155 155 155 155 155 155 
422 81 81 81 81 81 210 81 81 81 418 210 210 81 
423 1 1 1 1 1 1 1 1 1 1 1 1 1 207 1 1 1 
424 70 70 70 70 70 70 70 70 70 70 70 70 70 
425 1 70 207 207 207 207 207 207 
426 81 81 81 81 81 1 81 81 81 81 81 81 1 349 81 81 
427 81 81 347 81 81 81 249 1620 81 81 81 81 
428 1 1 1 1 1 81 1 1 1 1 1 1 81 1 1 286 1 70 
429 81 81 81 768 81 81 81 81 81 81 81 81 81 81 81 81 
430 170 170 81 81 81 81 81 81 81 81 81 81 81 81 81 21 
431 81 81 81 81 81 81 262 81 81 81 81 81 81 
432 1 1 1 1 1 1 1 1 1 1 1 1 81 21 1 1 1 1 1 
433 81 81 81 81 81 81 66 81 81 81 81 81 
434 81 81 81 81 81 81 81 81 81 81 81 81 81 
435 81 81 81 81 81 81 1 81 81 81 155 81 81 81 81 1 81 
436 81 262 81 81 81 81 81 81 81 81 81 349 81 
437 81 81 81 81 81 81 81 81 81 81 81 
438 81 81 81 81 81 81 81 578 81 81 21 81 70 
439 70 70 70 70 70 70 70 70 70 70 372 70 70 
440 81 262 81 81 81 81 81 81 81 81 81 81 81 81 81 81 81 
441 81 81 81 81 81 81 254 81 81 81 81 81 81 81 1 21 
442 1 1 1 1 1 1 1 1 81 1 1 1 81 1 1 1 1 1 
443 81 81 81 81 81 81 81 81 81 81 81 
444 81 81 81 81 81 81 81 81 81 81 81 81 81 81 
445 81 81 81 81 70 81 81 81 81 81 81 81 81 
446 81 81 81 81 81 81 81 
447 1 1 1 1 1 1 1 1 1 81 1 1 1 1 1 1 
449 1 1 155 1 1 1 1 1 81 316 1 1 1 1491 
450 81 81 81 81 81 81 81 1 81 81 81 81 
451 167 220 220 220 220 220 220 220 220 220 768 220 
452 81 81 81 81 81 81 81 81 81 408 81 81 81 81 81 81 
453 1 1 1 1 21 1 1 1 1 1 1 1 1 1 
454 70 70 70 70 70 70 70 70 81 70 70 70 70 70 70 70 
455 81 81 81 81 81 408 81 81 81 81 81 
456 70 70 70 70 70 70 70 70 70 70 70 411 70 21 
457 81 81 1 81 81 81 81 81 81 1 81 81 81 81 81 81 81 
458 81 81 81 81 404 81 81 81 81 81 220 81 81 1 81 81 64 81 81 
459 81 81 81 81 81 81 81 1 81 81 81 81 81 81 81 81 81 
460 81 81 81 81 81 81 81 81 
461 81 81 81 81 81 81 81 81 81 81 81 81 81 81 
462 1 207 1 81 1 1 1 1 1 1 1 1 1 
463 81 81 81 81 81 81 81 81 81 81 81 81 81 1 155 81 81 81 81 
464 81 81 81 81 81 81 81 81 81 1 81 81 70 81 
465 81 81 81 81 81 81 81 81 170 81 81 81 81 81 81 
466 81 81 81 81 81 81 81 81 81 81 81 1 81 81 81 81 
467 81 81 81 81 81 81 81 81 81 1 81 81 81 81 
468 81 411 81 411 81 81 81 81 81 81 81 81 21 81 81 81 81 
469 262 262 262 262 262 262 262 262 262 262 262 262 262 262 
470 81 92 81 81 81 81 81 81 81 81 155 81 81 81 
471 207 207 207 207 207 207 207 207 207 207 207 207 
472 70 70 70 70 70 70 70 70 70 70 70 1 
473 81 81 81 81 81 81 81 81 81 81 81 81 81 81 
474 81 81 81 81 81 81 81 81 81 81 81 81 81 
475 70 70 70 70 70 70 70 70 70 70 70 70 70 70 70 
476 81 81 81 408 81 81 81 81 81 81 81 1 81 81 81 81 
477 81 81 170 81 81 81 81 81 81 21 81 81 81 81 81 81 
478 262 81 81 81 1 81 81 81 81 81 81 81 81 
479 207 70 70 70 70 70 262 70 70 70 70 97 70 70 70 70 
480 81 81 81 1 81 81 81 81 81 81 81 81 81 81 1 81 81 
481 81 81 81 81 81 81 81 81 81 81 1354 81 81 
482 210 81 81 81 81 81 1 81 81 81 81 81 81 81 81 81 81 
483 81 81 81 81 81 81 81 81 
484 81 81 81 81 81 372 81 712 81 81 81 81 81 81 81 81 
485 1 81 81 316 81 81 81 81 81 81 81 81 81 81 81 81 
486 238 238 238 238 238 238 1 1 238 238 238 238 238 254 238 238 238 
487 411 1580 411 411 411 411 411 411 411 411 411 411 411 
488 81 81 81 81 81 81 81 262 81 81 
489 81 81 81 81 81 81 170 81 81 81 81 81 81 81 81 
490 81 81 81 81 81 81 81 81 
491 70 70 70 70 70 70 70 70 70 1 70 70 70 70 70 70 
492 411 70 70 70 70 70 70 70 70 70 70 70 70 70 70 70 70 70 
493 582 81 81 81 81 81 210 81 81 1 81 81 81 81 81 
494 411 411 411 411 411 411 411 411 411 411 
495 220 220 220 220 220 220 220 220 220 220 220 220 220 220 220 220 220 220 
496 1 1 1 1 1 629 1 1 1 1 1 684 1 1 
497 70 70 70 70 254 70 70 70 70 70 70 70 70 70 70 70 
498 81 81 81 81 81 81 81 81 1164 81 1 167 81 81 81 
499 81 64 81 81 81 81 81 81 81 81 81 81 349 
500 38 1 1 1 1 1 238 1 1 1 1 1 1 
501 418 70 1 70 70 70 70 70 70 70 70 70 70 411 70 70 70 70 70 
502 81 81 81 81 81 81 81 81 81 81 81 81 81 81 
503 81 81 81 81 81 81 81 81 64 81 81 81 81 81 81 81 
504 70 27 70 70 70 70 70 70 70 70 70 70 70 70 70 167 
505 81 81 81 81 81 81 81 81 81 103 81 81 81 81 81 81 
506 1 1 1 1 1 238 81 1 1 238 1 1 
507 27 81 81 81 81 81 81 81 408 81 81 81 21 
508 1 1 1 1 1 1 1 1 1 1 1 1 1 1 
509 81 81 81 81 81 81 81 81 81 
510 70 70 207 70 70 70 70 207 70 70 70 70 70 
511 81 81 81 81 81 81 81 81 81 81 81 81 81 81 81 81 
512 81 81 81 81 81 81 81 81 81 81 81 1164 81 
513 81 81 81 81 81 81 81 81 81 81 81 81 81 81 
514 81 81 1 21 81 81 81 81 81 81 81 81 1 81 81 81 81 81 
515 238 411 238 238 238 238 238 238 238 238 238 238 238 238 238 
516 81 81 27 81 81 81 81 81 937 81 316 81 65 81 
517 81 97 81 81 81 81 81 81 81 81 81 27 81 411 81 
518 136 136 136 136 136 136 136 136 411 136 136 136 21 136 
519 207 207 207 207 207 207 207 207 207 207 207 207 207 207 207 207 207 
520 70 70 70 70 70 70 70 70 70 70 70 418 70 
521 81 81 81 81 81 81 81 81 21 81 81 81 81 81 81 81 
522 81 81 81 81 81 81 81 81 81 81 81 81 81 716 81 81 81 81 
523 81 81 27 81 81 81 81 81 81 81 81 81 81 81 81 81 81 
524 81 81 81 81 81 81 81 81 167 167 81 81 81 81 
525 38 1 1 1 1 1 1 1 1 1 1 1 1 1 70 1 1 
526 81 81 316 81 81 81 81 81 81 81 81 81 81 81 81 
528 81 81 81 81 81 81 1598 81 81 1 81 1 408 81 81 81 
529 81 81 629 81 81 81 81 81 81 81 81 81 81 81 81 1464 81 
530 1 1 1 1 1 1 1 1 1 1 1 81 1 316 
531 70 70 70 70 70 70 70 70 70 70 70 
532 97 81 81 81 81 81 81 81 81 81 1 81 81 81 81 81 
533 207 207 207 207 207 207 207 207 207 207 207 207 207 418 70 207 207 207 207 
534 27 1 48 1 21 1 1 1 316 1 21 70 
535 136 136 136 136 136 136 136 136 136 136 136 136 
536 81 81 81 81 81 81 81 81 81 81 81 56 81 81 81 
537 81 1681 81 81 81 81 65 81 81 81 81 
538 81 81 81 81 81 81 81 81 81 81 928 81 81 81 81 
539 70 70 70 70 70 70 70 70 70 70 70 70 70 254 
540 81 81 81 81 81 81 81 81 81 81 81 81 
541 81 81 81 81 81 81 81 81 249 81 1 81 81 81 
542 81 81 81 81 81 81 81 81 81 81 81 81 81 81 
543 81 81 81 81 81 81 81 
544 411 70 70 70 70 70 70 70 70 70 70 70 
545 81 81 81 81 81 81 81 81 21 81 81 253 81 66 81 
546 207 70 70 70 70 70 70 70 70 70 70 70 70 70 70 70 70 70 
547 70 70 167 1 70 70 372 70 70 70 27 70 70 
548 81 81 81 81 81 81 81 81 81 81 81 81 81 81 81 81 81 
549 207 207 207 207 207 262 207 207 207 
550 81 81 81 81 81 81 81 81 81 81 81 81 579 
551 70 70 70 70 70 70 70 70 238 768 70 
552 81 81 81 81 81 81 81 81 81 
553 238 238 238 238 411 238 238 238 238 
554 81 81 81 81 81 81 81 81 1 81 81 81 81 65 81 81 81 
555 81 81 81 81 81 81 81 81 81 411 81 81 81 561 81 81 81 
556 81 81 81 81 81 
557 81 81 81 81 81 81 81 81 21 81 1 81 81 81 81 81 81 
558 1 1 1 1276 1 70 1 1 1 1 155 1 1 
559 81 81 81 81 253 81 81 81 81 81 81 81 81 81 81 81 
560 81 81 81 1 81 1354 81 81 81 81 81 81 81 
561 81 81 81 81 81 81 81 81 81 81 81 1 81 81 81 81 136 81 81 
562 81 81 81 81 81 81 81 81 81 81 81 81 81 1 187 81 
563 81 81 81 81 81 81 81 81 81 81 81 81 81 716 81 81 81 81 
564 81 81 81 81 81 81 81 81 81 81 81 81 81 81 1 81 81 
565 81 81 81 81 92 1 81 81 81 81 81 81 81 81 81 81 81 81 
566 81 81 81 81 81 81 81 81 81 81 81 81 81 81 81 
567 1 1 1 1 1 1 1 1 1 1 81 1 1 1 81 
568 81 81 81 81 81 81 81 81 81 81 81 81 1 
569 1 81 81 81 81 81 81 81 81 81 81 81 81 97 81 81 
570 81 81 81 81 81 81 81 81 170 81 81 81 81 81 81 81 81 81 81 
571 1 1 1 1 81 1 1 1 1 207 1 1 1 
572 81 81 81 81 81 1580 349 81 81 81 21 1580 81 81 
573 81 81 81 81 81 81 81 81 81 81 81 188 
575 411 411 411 411 411 411 411 411 411 411 411 411 70 411 411 411 411 
576 81 81 81 81 81 1276 81 81 1 81 81 81 81 81 81 81 
577 48 81 81 81 81 81 81 81 81 81 81 81 81 81 81 81 81 
