0 1 1 1 81 7 1 1 1 220 3 136 21 1 1 1329 
1 220 7 66 65 1 1 1 65 1 1 1 65 1 65 
2 1 220 7 7 65 623 1 65 1 65 1 735 65 455 1 1 
3 70 1 65 1 220 405 7 157 1 1 1 220 65 415 220 1 1 
4 1 1 157 220 1 65 65 1 1 1 1 1 65 7 
5 1 1 1 65 1 1 65 65 1 1 1 1 354 220 254 65 
6 65 157 1 286 1 1 65 1 65 1 1 1 1 91 1 
7 65 65 65 1 65 1 1 623 65 65 1 1 629 1 364 
8 65 65 1 1 1 65 65 1 717 7 415 316 1 599 367 
9 364 242 65 65 65 220 65 81 65 1 1 242 65 220 1 1531 7 1 
10 65 1 1 81 415 1 1 65 1 65 65 7 7 316 1 
11 220 157 364 364 157 65 65 286 157 1 1 65 1 
12 1 242 65 1 1 714 127 65 1 1 1 65 456 
13 354 81 1354 27 1598 65 65 1 65 65 220 65 1 
14 1 65 1 65 65 1 1 1 1 1 623 1 1 7 
15 1 65 1 1 65 81 1 65 1 220 1 92 1 
16 65 1 1 1 65 1 92 717 65 1 65 1 1 1 220 1 367 
17 1 7 520 52 1 7 717 65 1 1 65 7 220 1 917 
18 7 1 1 1 415 7 65 70 372 242 1 65 220 65 7 1 
19 220 65 157 65 65 65 157 364 316 1 157 1 220 405 1 7 1 
20 65 65 1 136 1 91 220 1 65 1 1 1 1 1 
21 65 242 167 220 364 103 220 1 1 65 21 1 1 599 
22 1 220 242 65 1 65 1 1 1 1 354 65 65 7 364 1 
23 1 1 1 7 65 1 1 81 65 411 1 354 1 1 220 7 220 
24 65 717 65 65 405 1 254 60 1 65 
25 220 65 1 1 1 1 65 623 65 1 1 65 1 364 7 220 1 
26 354 364 242 1 65 768 65 65 65 65 1 1 65 1 1 81 
27 395 157 1 220 364 364 157 65 1 1 364 65 
28 65 717 1 1 1 1 220 1 65 65 81 1 415 1 364 
29 1 1 1 65 65 65 27 254 65 7 65 65 65 65 405 70 220 81 65 
30 242 1 1 220 65 65 1 1 1 1 1 364 97 27 167 
31 1 1 1 1 415 30 1 415 1 65 1 1 
32 354 1 1 1 65 364 70 1 220 65 136 65 1 1 157 1 364 
33 65 65 65 7 65 65 136 1 65 1 1 1 415 1 
34 1 242 1 65 364 136 157 136 364 30 60 220 259 364 17 1 
35 1 157 65 81 364 65 1 1 65 220 1 81 286 840 
36 81 157 65 65 1 1 1 1 1 21 65 
37 65 220 70 1 65 136 1 220 1 1 1 1 411 1 
38 7 1 65 65 65 1 81 65 717 1 7 1 65 157 7 411 364 
39 220 65 157 220 364 1 157 65 1249 1 364 65 
40 1 364 717 65 1 1 65 253 1 65 405 65 81 1 
41 65 65 65 7 242 1 1 65 1 242 405 364 
42 65 220 1 242 605 65 623 65 91 65 1 1 1 65 81 1 1629 1 
43 1 220 1 65 65 1 220 65 1 1 65 65 1 220 364 1 
44 220 220 364 1 286 65 65 242 254 364 65 65 1 1 
45 486 1 1 65 81 920 1 1 1 364 65 249 70 1 65 364 629 
46 1 286 415 1 91 65 65 1 70 167 65 1 65 7 364 
47 220 364 220 1 415 220 27 65 1 1276 220 364 65 65 364 
48 18 254 242 1 1 65 1 332 92 1 1 1 364 7 1 
49 81 65 65 220 65 286 411 1 65 1 1 1 1 1 27 220 364 
50 65 157 167 1 65 364 1 1 1 65 1 1 1 65 
51 7 1 81 65 65 1 65 1 1354 1 65 364 7 415 1 1 
52 65 70 157 65 1 1 30 1 1 1 65 1 65 1 1 81 
53 65 81 65 220 65 65 1 1 1 1 415 1 1 7 
54 157 65 65 1 1 65 1 1354 1 1 220 364 66 
55 354 1 1 65 1 65 65 65 65 717 405 1 1290 1 1 316 1 415 1 
56 1 65 415 411 415 1 259 1 65 717 1 364 1 1 1 1629 599 
57 157 1 220 7 1 21 1 65 1 1 65 1 81 
58 242 1 65 65 60 254 65 1354 1 1 1 1 1 65 1 
59 1 1 167 1 1 1 1 65 1 1 81 1 1 
60 65 65 1 364 405 1 1 1 65 220 
62 364 65 415 65 65 1 66 1 1 1 1 415 1 136 
63 157 1 65 65 364 1 7 65 65 1 717 207 1 1 1 27 415 
64 65 65 157 65 1 65 1 1 65 65 717 1 1 7 364 1 7 
65 7 157 242 65 1 1 623 65 81 1 286 1 65 1 1 286 
66 1 1 242 1 1 65 1 65 254 1 65 1 81 220 364 220 
67 65 1 717 1 65 7 65 1 354 1 415 70 1 717 
68 65 65 1 66 65 1 1 65 1 220 157 
69 220 157 65 65 7 1 1 65 65 65 415 1 1 415 1 1 364 70 1 
70 65 1 1 242 415 48 1 65 65 65 65 1 415 262 
71 30 1 65 65 1 1 1 30 65 136 415 1 1 
72 1 81 157 157 1 364 65 157 65 1 
73 1 65 1 354 415 1 220 1 1 65 220 65 1 1 364 7 
74 1 65 1 65 937 65 1 65 937 65 
75 65 1 1 1 1603 3 65 65 1 7 65 364 65 1 
76 1 65 286 1 65 70 65 1 7 136 1 1 30 1 623 1 
77 1 65 65 1 65 167 1 1 7 81 
78 157 65 1 1 415 1 65 65 1 1 1 1 364 937 
79 1 65 65 220 48 1 220 1 7 1 220 21 65 
80 1 415 65 1 1 220 1 65 1 1 81 623 367 
81 65 1 65 1586 65 1 65 81 65 1 1 1 136 415 
82 354 65 1 220 65 1168 1 65 1 65 1 65 65 65 625 1 1 364 1 
83 66 70 81 1 81 1 1 1 81 65 65 1 1 
84 1 65 167 717 65 1 1 1 1 415 65 1 262 65 65 415 415 
85 157 1 65 65 1 364 1 1 92 1 220 1 1 7 364 
86 1 411 415 354 354 1 1 7 1 65 65 1 220 354 1 157 364 
87 1 220 220 364 1 1 1 65 7 364 1 415 1 65 65 238 65 1 
88 65 1 157 1 1 1 70 1 1 1 65 
89 486 520 242 1 65 65 1 1 415 1 1 1 1 7 364 65 
90 242 1 170 65 1 167 65 92 167 1 1 415 1 
91 65 364 1 1 65 91 65 1 65 1 65 623 65 
92 1 65 1 157 1 65 65 1 1 262 92 1 70 65 1 7 1 623 
93 65 65 1 65 1 65 92 1 1 3 7 1 1 
94 1 157 242 364 1 220 7 1 81 1 1 65 1 1 1 1531 
95 1 65 1 220 364 70 1 65 65 364 1 623 415 
96 220 1 65 65 27 1 167 415 81 7 65 65 3 1 1 7 364 
97 65 1 1 1 7 65 1 65 81 1 1 1 1 65 1 
99 65 81 1 65 1 1 7 1 65 408 1 65 1 1 415 
100 220 65 1 81 65 1 1 1 65 65 1 1 1 1 1 49 
101 1 65 1 65 1 1 1 1 81 1 249 65 157 1 1 364 
102 65 220 1 1 364 1 1 65 354 1 70 1 1 7 7 
103 1 65 220 65 65 415 1 1 70 1 1164 65 
104 65 157 65 415 623 1 1 1 65 1 1 65 1 1 60 
105 65 65 1 1 415 364 65 415 1 623 1 1 
106 65 21 157 1168 21 167 1 81 1 1 1 415 623 65 
107 364 1 65 1 1 242 65 1 1 1 1 1 
108 1 1 220 65 364 714 7 65 1 1 92 18 364 1 65 249 157 48 
109 65 220 65 1 65 65 7 1 136 1 405 157 7 411 
110 220 7 1 1 1 220 354 65 1 405 1 415 157 364 70 
111 65 65 65 1 65 65 65 364 65 1 1 65 1 1 1 1 
112 65 1 220 1 65 65 65 1 157 405 1 81 1 
113 92 65 1 1 1 1 1 1 1 1 1 65 
114 65 1 65 1 220 1 415 7 1 
115 65 1 136 1 7 1 1 411 1 65 1 717 1 1 1 
116 1 65 65 65 1 157 1 623 65 1 254 65 1 1 1 157 220 
117 65 1 1 170 411 65 220 220 7 411 30 65 21 1 1 1 1 1 
118 65 65 364 1 415 220 7 1 157 1 157 65 364 
119 1 1 65 1 1 65 717 1 1 415 65 65 1 1 65 220 70 1 364 
121 65 65 242 65 7 27 1 316 65 65 1 411 1 65 1 157 
122 65 1 1 1 65 65 1 65 81 286 1 65 157 1 1 220 
123 1 1 64 65 1 1 1 1 1 65 1 66 415 1 220 1 
124 65 415 1 1 7 65 65 1 220 65 405 415 65 220 48 7 1 91 
125 717 1 220 349 415 65 65 7 65 415 1 65 136 1 
126 220 65 725 220 65 65 1 220 1 65 1 7 
127 220 150 411 65 65 1 65 1 65 1 1 65 65 1 65 1 
128 1 1 65 364 170 70 242 65 1 65 220 65 157 1 
129 30 27 220 65 65 1 364 1 1 65 70 249 65 1 7 
130 167 1 1 1 60 81 1 65 367 415 1 1 27 364 1 7 
131 65 157 220 1 364 220 1 1 1 65 220 65 220 1 
132 220 157 582 242 65 415 1 415 65 1 65 157 220 
133 136 1 1 81 415 1 1 65 1 364 220 364 7 1 
134 157 1531 65 7 415 1 65 1 1 364 220 1 286 220 364 
135 170 1 1 66 1 188 157 1 65 364 1 1 404 238 
136 65 65 65 1 1 65 1276 405 364 1 405 65 220 1 
137 1 157 7 1 364 1 65 220 92 1 1 65 1 70 1 1 
138 65 65 364 66 1 65 65 1 65 1 1 1 27 415 1 
139 220 1 714 1 1 65 1 65 30 65 1 65 1 220 
140 1 1 1 65 1 81 1 1 65 220 415 1 1 1 
141 1 65 364 1168 1 65 1 354 1 364 1 65 220 65 27 1 364 220 157 
142 1 81 1 136 1 1 411 1 1 220 
143 157 1 65 1 65 65 1 1 1 1 364 7 157 1 
144 220 1 65 65 1 1 103 220 1 65 65 65 1 220 1 1 1164 
145 1 1 717 1 1168 1 1 65 1 1 1 1290 65 1 1 
146 220 1 65 1 65 1 65 65 364 220 354 65 7 7 364 1 1 
147 1 157 65 65 
148 65 65 92 220 1 157 1 1 1 157 1 220 364 1 220 
149 1 1 1 1 1 65 579 30 1 1 1 1 
150 354 1 220 364 1 65 65 1 65 65 65 65 415 364 1 7 
151 65 1 65 65 1276 220 1 1 65 1 81 1 1 65 81 157 
152 1 717 65 717 1 65 364 136 65 1 65 7 717 405 415 
153 65 1 1 1 170 65 1 
154 65 1 1 157 220 65 1 65 157 1 1 7 220 
155 7 1 65 65 1 65 7 7 717 207 1 91 1 
156 157 1 415 242 1 1 1 157 65 17 1 44 364 
157 65 65 349 1 238 1 1 65 1 220 1 1 220 65 
158 220 717 415 65 1 364 70 65 1 7 1 65 
159 1 65 220 1 65 242 65 1 1 1 415 65 364 415 364 
160 65 1 242 65 1 136 65 65 415 1 286 1 65 1 717 
161 65 1 1 220 7 1 92 65 220 65 65 1 65 1 65 364 
163 367 220 65 220 1 364 623 1 91 1 65 220 405 238 1 1 1 364 
164 136 1 1 65 1 70 65 136 136 1 286 1 1 
165 1 367 65 65 7 1 1 1 623 136 65 1 65 1 
166 220 157 1 1 65 65 364 65 1 364 7 65 1 405 1 157 405 415 364 
167 65 65 1 415 103 372 1 7 
168 1 65 220 411 1 1 1 
169 65 338 1 188 1 65 92 70 65 1 1 1 254 1 
170 1 717 259 1 415 364 415 91 1 65 65 
171 220 7 1 157 167 1 220 65 1 1 65 
172 1 1 354 415 7 1 
173 1 1 1 220 1 220 65 92 65 1 65 65 1 65 716 65 1 
174 1 65 65 1 415 1 415 1 1 220 65 
175 1 1 364 1 70 1 157 65 21 220 7 415 364 136 286 
176 242 65 1 1 582 1 1 65 364 220 717 27 1 1 136 
177 1 65 157 65 1 411 65 1 1 220 65 93 
178 364 65 81 1 1 1 65 1 1 1 1 220 1 220 136 1 
179 65 717 167 714 7 1 136 48 286 1 7 70 1 1 
180 65 1 1 81 1 1 65 415 1 286 
181 242 65 65 1 1 65 65 136 7 65 717 65 1 1 65 
182 418 220 65 242 65 1 1 7 136 1 1 1 7 220 92 
183 220 65 220 220 157 220 157 65 364 422 
184 65 364 1 1 1 136 65 220 65 65 136 1 1 1 1 1629 3 
185 254 1 405 1 354 768 1 364 1 917 1 
186 1 65 65 623 65 1 1 1 65 220 1 65 354 1318 1 7 
187 220 157 353 65 1 65 1 415 1 1 65 1 1 7 7 7 364 1 
188 65 65 157 349 73 1 1 65 65 220 65 1 157 1 364 
189 1 220 66 242 65 1 1 354 364 65 415 364 
190 1 242 65 1 1 65 714 405 1 65 65 1 1 364 1 
191 1 1 65 7 65 1 1 1 1 1 717 1 7 1 
192 1 1 1 717 7 1 220 136 1 405 65 1 1 220 286 7 
193 65 1 415 1 1 65 220 157 220 415 7 364 220 
194 1 65 1 81 1 1 65 1 65 65 65 364 1 1 66 65 65 
195 714 167 1 167 65 1 65 1 157 157 65 354 157 364 7 1 
196 354 1 242 18 7 372 1 1 1 157 623 220 1 364 367 
197 1 65 157 1 70 70 1 1 65 422 1 1 81 65 
198 65 65 21 1 65 1 1 65 65 220 65 1 81 1 220 65 7 1 
199 1 242 65 364 1 65 1 30 286 7 1 1 188 
200 1 1 1 65 1 415 1 7 65 65 65 1 1 65 415 1 
201 65 7 1 167 65 1 1 1 65 136 415 1 1 1 
202 7 1 157 1 1 27 1 65 717 1 220 1 65 220 5 1 623 3 
203 1 717 1 1 1 1 1 81 1 1 21 
204 717 157 65 1 157 65 364 65 
205 1 220 1 1 364 65 220 157 65 157 623 3 364 
206 1 157 364 
207 65 1276 65 7 1 65 65 65 242 65 1 65 65 1 1 7 157 
209 65 364 65 65 1 1 1 65 65 81 1 1 65 1 1 
210 220 65 157 220 1 7 220 
211 1 242 415 30 220 65 7 1 1 1 1 404 92 456 1 
212 65 65 1 364 1 136 242 623 65 220 415 1 136 840 136 1 220 
213 65 1 65 65 1 65 136 65 220 1 65 1 1 1 
214 354 7 65 65 65 415 1 65 65 65 65 65 81 1 404 
215 65 242 65 70 65 1 220 65 1 1 65 1 286 
216 65 167 411 1 415 81 1 136 7 65 
217 65 7 70 242 1 65 1531 262 65 220 157 1 1 
218 937 1 81 65 65 65 1 242 411 1 1 65 7 
219 65 157 65 65 367 65 422 1 65 1 70 254 1 
220 354 1 157 65 1 65 1023 1 1 7 415 7 1 81 1 364 367 
221 91 65 286 1 286 1 623 65 220 1 65 242 405 30 65 814 1 
222 1 65 7 404 27 1 1 65 1 65 1 1 1 220 7 70 
223 220 242 65 167 65 242 364 
224 1 65 1 220 18 65 1 136 286 167 65 65 1 1 65 
225 81 1586 220 1 157 220 81 364 220 1 1 1 
226 65 65 7 70 1 1 1 415 65 65 415 1 1 1 
227 364 81 136 157 65 7 1 1 1 1 1 408 1 1 415 1 
228 1 1 714 1 157 1 1 1 1 415 1 364 286 
229 7 220 27 65 220 1 662 1586 220 220 1 415 65 
230 242 92 286 18 364 1 1 65 1 65 1 65 65 1 1 65 
231 1 242 65 65 1 65 7 405 65 1 65 1 1 1 220 
232 349 65 220 1 1 65 415 170 44 1 70 
233 1 65 65 1 364 1 1 136 65 65 220 1 1 623 
234 242 220 65 65 364 92 157 65 1 65 364 1 220 7 65 364 367 
235 65 364 1 1 1 54 259 1 7 415 220 937 364 1 
236 65 65 65 1 65 7 65 1 1 1 286 1 220 1 
237 65 65 65 364 220 65 220 65 220 7 1 65 220 1 1 1 
238 1 65 411 220 1 1 65 1 1 65 286 1 1 1 220 65 70 
239 1 354 1 1 220 1 1 364 364 1 354 1 415 405 364 
240 1 1 367 1 1 1 70 663 437 220 405 449 5 65 
241 81 65 65 65 1 1 1 65 65 65 70 1 1 1 65 
243 354 65 65 65 1 1 65 1 1 1 65 1 1 1 1 7 
244 65 1 7 1 92 840 1 220 65 7 1 1 1 1 65 1 1 1 7 
245 64 65 254 1 157 1 65 220 1 364 242 286 
246 65 1 242 415 1 1 65 220 415 7 1 1 405 81 7 44 
247 80 1 220 1 1 7 1 60 1 1 1 65 1 92 44 364 
248 220 1 354 157 1 1 1 1 97 1 1 220 157 
249 1 1 364 1 1 1 1 1 65 1 1 1 65 415 
250 65 1 220 1 1 1 1 7 1 1 220 65 1 
251 1 1 65 136 1 1 415 1 915 114 1 1 
252 65 3 65 65 1 1 415 65 65 
254 65 1 65 65 1 1 242 1 1 65 1 1 65 70 7 
255 286 65 157 1 65 364 157 1 1 405 415 65 1 1531 364 
256 1 717 81 262 1 65 717 167 136 136 1 1 1 1 3 
257 1 65 1 1 65 
258 354 220 1 404 1 1 65 21 1 65 1 60 220 259 1 286 
259 27 1 1 7 242 242 1 65 415 1318 81 286 1 7 
260 65 81 7 7 65 364 65 65 65 1 65 1 1 65 1 136 1497 1 
261 1 1 717 7 65 65 1 1 65 220 65 65 27 220 7 
262 364 364 411 1 65 1 1 65 1 238 1 286 405 65 1 364 
263 1 65 65 65 65 354 1 92 170 65 364 
264 1 354 1 136 714 65 364 7 1 7 136 1 1 65 415 1 1 65 136 
265 220 65 65 92 1 242 157 354 65 70 65 1 937 220 65 1 
266 65 65 1 65 65 364 1 717 623 65 65 364 1 103 1 
267 65 65 1 65 354 422 65 136 92 1 364 
268 7 286 1 65 1 1 1 623 21 1 1 65 220 1 1 
269 679 1 7 717 65 1 65 7 1 167 21 136 1 7 1 203 
270 65 1 65 1 415 367 65 1 1 65 1 13 65 1 1 1 157 
271 1 1 405 65 1 238 1 364 1 
272 679 364 7 65 65 65 30 65 21 1 1 1 81 220 
273 65 1 64 65 1 1 136 1 65 24 1 1 1 1 81 220 188 
274 937 7 65 354 1 242 1 1 65 405 1 354 220 1213 
275 1 65 1 136 65 220 1074 7 623 7 1 65 
276 286 1 157 411 65 65 220 1 1 21 1 1 65 415 73 1531 1 1 210 
277 220 65 1 1 364 1 66 1 65 1 1 1 1 1 367 
278 65 220 1 220 415 27 7 220 1 65 
279 65 1 7 1276 1 1 456 1 65 1 207 3 1 1 1 7 65 1 
280 354 1 242 65 7 1 1 65 1 1 717 65 262 405 1 220 1 364 
281 7 242 7 136 1 220 840 65 136 7 1 65 65 7 
282 65 65 157 364 1 1 65 1 1 157 65 623 1 81 
283 65 1 65 415 65 70 65 81 1 70 1 157 220 1 1 
284 70 65 65 1 220 408 65 91 1 220 65 
285 1 242 1 65 717 65 1 92 65 1 1 364 220 
286 220 136 157 1 43 1 65 1 65 1 81 468 415 623 1 1 364 
287 1 65 65 81 65 65 65 364 1 1 65 1 1 1 415 364 
288 65 220 717 1 1 1 717 65 1 220 1 65 1 1 
289 1 242 65 1 65 1 65 1 81 1 1 1 157 1 
290 30 242 136 1 7 1 65 1 1 1 30 1 65 81 220 
291 937 1 1 157 7 65 364 220 354 1 1 220 65 1 65 220 65 364 
292 220 1 157 1531 1 65 415 65 65 1 70 1 1 30 65 1 1 1 
293 65 220 220 157 1 1 65 1 1 65 65 65 65 1 157 1 
294 1 65 7 1 976 65 65 1 1 411 220 1 354 97 220 220 65 
295 220 220 92 1 65 1 92 65 1 7 220 7 65 136 1 411 1383 
296 65 92 65 1 3 65 1 65 65 1 65 65 65 1 7 
297 65 354 364 65 65 220 65 717 136 242 65 1 1 286 1 1 
298 65 65 1 65 1 7 65 1 1 1 1 1 1 1 
299 65 220 1 1 1 1 136 1 1 65 65 65 70 44 145 
300 65 65 7 1 1 1 1 65 65 65 65 1 1 7 
301 242 65 220 136 81 1 220 136 167 65 286 1 65 1 1 220 
302 1 65 65 1 220 65 364 7 1 
303 65 717 1 7 411 411 1 1 136 7 65 717 
304 65 1 1 354 65 286 415 354 1 354 167 1 415 1 7 
305 65 157 242 220 65 65 415 1 242 220 1 1 65 364 220 
306 65 364 354 157 65 1 1 157 354 65 157 364 7 1 
307 65 65 65 1 242 354 65 136 415 220 136 65 81 
308 242 1 81 167 1 157 167 1 1 136 65 65 7 1 1 220 1 
309 220 65 1 1 1 65 1 415 468 7 1 286 
310 242 81 65 65 7 81 1 1 65 65 1 7 136 1 65 220 238 840 220 
311 65 65 157 1 220 1 1 157 1 18 65 1 136 7 1 48 
312 65 1 1 65 65 1 1 65 1 405 415 81 65 65 
313 65 220 411 1 65 415 162 411 1 65 65 
314 1 220 364 415 65 1 65 92 1 1 1 1 1 367 364 
315 220 65 65 65 1 65 220 65 840 220 65 1 136 136 1 1 7 
316 65 188 1 242 1 1 1427 65 1 60 405 7 1 
317 65 220 1 253 65 1 7 1 91 65 70 1 1 415 
318 30 1 1 65 1 30 65 1 92 65 3 1 1 
319 242 81 167 60 70 1 1 1 65 415 1 65 623 1 
320 167 65 1 364 364 65 220 157 220 157 354 405 364 7 1 1 
321 1027 354 1 415 714 623 1 65 1 1 1 1 238 415 188 1 364 
322 65 65 1 65 364 65 220 1 65 1 1 21 70 238 1 1 1383 
323 56 65 1 1 242 623 65 65 65 220 456 65 157 1 1 364 65 
324 65 1 717 415 81 1 717 1 220 1 778 242 65 65 65 1 1 
325 65 1 65 1 65 405 7 157 364 
326 367 1 220 65 364 1 7 1 65 1 1 92 70 65 1 623 1 220 
327 30 65 1 1 1 1 1 30 65 65 415 65 92 364 
328 1 65 415 1 1018 1 1 1 220 65 65 70 70 1 
329 65 65 1 1 1 65 1 364 1 3 65 7 1 157 286 364 
330 220 220 220 1 157 65 157 157 1 65 364 220 
331 65 1 220 65 1 1 65 65 65 1 354 1 
332 7 65 65 1 3 354 65 1 332 1 81 253 65 
333 717 717 286 1 1 1 1 354 7 7 7 
334 220 65 717 364 65 364 1 157 1 1 65 65 65 1 1 364 
335 65 242 92 1 1 65 220 7 157 286 1318 157 65 364 
336 220 1 65 415 65 1 7 65 1 1 1 220 1 1 188 364 
337 65 65 65 220 1 1 65 1 242 65 1 65 1 1 81 1 623 65 1 
338 220 65 65 65 1 1 1 249 65 92 364 1 1 
339 65 157 136 136 30 1 1 157 1 1 
340 65 136 65 65 1 623 65 65 1 1 220 65 1 
341 65 1 157 1 1 364 157 1 65 65 405 207 7 157 157 
342 220 65 21 81 188 220 65 65 415 66 1 136 70 65 254 1 1 
343 1276 65 242 1 1 21 1 1 405 415 65 1 623 65 1 7 1 
344 354 1 65 1 1 242 1 65 1 254 364 
345 220 65 1 717 1 220 1 404 1 65 1 717 65 65 1 1 7 
346 1 65 220 364 7 1 65 65 1 1 1 415 408 81 1 415 
347 1 65 1 415 364 1 364 1 
348 1 65 65 1 1 7 7 415 1 415 1 
349 220 65 1 1 1 1 65 1 717 1 220 1 103 1 1 
350 7 65 65 65 1 1 1 415 1 7 1 1 
351 354 364 65 1276 1531 65 65 65 238 1 65 1 65 1 65 157 65 70 7 1 
352 220 242 1 65 1 1 1 1 65 1 65 1 405 170 65 1 81 
353 1 157 411 167 65 81 364 1 1 1 1 1 1 364 220 
354 1 3 1 65 1 1 65 1 7 1 1 1 207 1 
355 1 65 65 65 1 1 1 65 1 455 1 65 1 342 
356 65 1 1 1 1 65 1 65 65 65 1 220 65 97 411 1497 1 456 
357 220 157 65 286 65 65 364 65 1670 65 7 220 157 
358 354 65 65 1 65 157 415 354 1 364 
359 1 65 1 1 65 1 65 1 65 65 415 81 1 760 207 367 
360 81 65 7 768 1 65 1 1 717 7 1 220 415 1 
361 1 1 1 364 411 65 1 65 92 1 81 1 1 220 1 65 1 1 
362 65 65 65 7 286 1 65 1 65 1 1 81 1 220 1 717 157 7 
363 937 220 157 220 220 157 1 364 65 220 1 254 
364 1 65 1 1 364 
366 1 717 7 66 1 1 65 220 1 92 
367 65 717 1 65 65 81 65 242 136 1 354 136 1 717 1 7 
368 65 1 1 92 65 364 1 1 65 1 1 65 1 65 1 364 
369 1 220 65 220 66 415 65 65 65 7 1 1 136 7 70 1 
371 254 65 65 364 364 7 157 1 170 1 7 364 1 
372 65 81 65 65 1 1 65 1354 1 1 1 220 1 1 
373 136 220 1 1 65 220 1 1 220 1 65 220 1 1 7 364 207 
374 1 65 1 65 1 1 65 1 717 65 1354 1 404 136 220 
375 157 1 1 65 1 65 157 1 1 220 1 405 405 97 73 
376 1 717 220 65 43 242 286 254 1 1 81 220 65 1 65 415 364 
377 354 220 212 81 364 157 65 157 220 364 
378 1 220 411 354 65 1 7 56 1 405 81 157 65 1 220 364 
379 1 242 92 778 1 92 7 157 1 157 1 415 364 1 
380 1 415 7 91 7 65 220 65 415 1 7 1 1 364 
381 1 1 220 220 1 286 364 364 92 188 1 1 7 157 1 
382 65 136 1 242 65 1 1 65 1 81 157 1 405 157 1 364 
383 7 354 65 367 220 1 220 768 65 1 1 1 91 1 364 1 
384 242 65 1 220 579 1 1 364 7 1 7 95 1 1 
385 220 1 1 7 242 65 220 405 65 1 1 65 65 1 
386 1 1 1 1 65 1 65 65 405 1 1 220 455 66 1 1 364 
387 1 65 1 254 415 242 372 70 65 65 1 65 81 1 
388 364 220 136 415 65 1 81 1 65 
389 1 65 65 65 65 717 65 1 65 1 354 354 7 1 
390 65 65 364 1 65 7 1 65 70 65 220 1 1 1 1 
391 242 220 1 220 1 1 66 1 354 1 65 
392 1 242 1 1 220 7 65 220 1 65 1 1 220 1 1 
393 1 220 353 1 1 65 1 65 220 92 65 456 1338 1 3 364 
394 65 65 136 7 1 65 1 1 1 262 1 1 220 1 
395 1 21 188 65 65 714 30 354 1 1 1 1 220 717 1 405 97 220 
396 81 717 1 65 354 65 65 1 1 167 7 415 364 1164 
397 1 717 220 157 364 415 220 65 
398 242 157 65 65 364 364 364 92 157 65 286 1 65 286 684 65 
399 81 220 1 1 136 1 65 1 405 220 1 1 1 364 7 
400 65 1 65 136 1 1 1 92 70 1 81 415 66 1 1 1 
401 1 65 1 65 1364 65 1 65 354 1 1 1 220 1 7 1 1 
402 167 65 1 1 286 1 1 81 207 65 65 
403 220 65 1 242 65 81 65 1 1 1 427 65 1 27 
404 220 65 65 65 157 717 220 1 1 65 7 1 405 220 
405 220 65 65 253 7 65 1 65 65 7 65 1 66 65 415 1 364 1 
406 1 220 167 81 1 1 65 1 1 996 65 1 1 1531 
407 937 364 220 415 65 354 7 70 65 717 7 415 364 220 
408 1 65 81 1 220 220 1 242 81 1 65 65 1 570 1 1 1 
409 220 65 1 1 136 1 354 136 65 1 1 1 65 408 267 
410 1 65 1 65 70 114 1 65 1 220 1 136 1 242 65 
411 65 1 1 364 220 92 65 1 65 1 1 1 207 1 364 
412 1 242 65 1 1 92 65 1 1 1 65 1 65 1 1 286 
413 1 65 1 1 157 65 354 65 1 364 65 
414 65 1 1 65 207 951 1018 207 65 1 220 207 364 286 136 
415 1 65 1 1 1 65 1 1 1 1 1 1 65 1 717 65 1 
416 65 65 65 65 1 65 1 65 1 1 324 71 65 1 220 
417 1 65 157 1 364 364 1 81 7 1417 1 1 1308 27 65 157 1 
418 1 1 364 65 220 7 7 1 1 1 1 1 30 1 364 1 157 
419 1 582 65 157 405 65 1 1 1 1 65 1 65 65 207 
420 157 364 65 65 65 
421 157 286 1 157 1 354 65 7 364 1 1 
422 65 220 65 65 65 136 1586 65 1 17 210 1 364 
423 1 157 714 1 1 1 1 7 65 7 1 354 65 220 7 364 1 
424 65 1 7 157 92 1 364 1 65 1 65 65 1 
425 1 220 1 207 65 207 1 364 
426 220 65 1 220 415 1 1 1018 1 354 81 220 1 286 1 7 
427 1 582 136 65 157 220 1 1531 65 364 1 1 
428 65 1 1 65 1 43 7 1 65 1 1 1 717 415 1 286 364 17 
429 91 65 364 768 717 717 65 1 65 7 65 65 1 81 1 220 
430 937 170 65 364 65 1 220 354 220 65 1 81 65 65 65 136 
431 65 364 220 65 1 1 136 3 405 1 157 364 1 
432 1 242 1 65 364 415 1 1 65 65 1 1 220 220 1 1 1 364 1 
433 1 157 1 1 364 65 114 136 92 1 623 65 
434 1 1 242 1 1 1 1 65 1 81 1 415 7 
435 1 65 65 65 65 167 1 65 1 1 155 65 717 7 92 1 65 
436 65 411 65 1 220 1 242 1 65 65 1 220 367 
437 220 65 65 242 1 65 354 364 1308 623 157 
438 1 7 1 1 7 220 1 662 354 623 91 1 70 
439 65 66 364 70 1 1 3 1 1 405 1276 220 220 
440 65 220 1 65 65 1 1 1 81 1 1 1 65 220 1 1 1 
441 65 7 404 1 65 65 254 1 1 1 1 1 1 65 1 136 
442 354 1 1 1 65 7 415 1 405 65 1 65 220 7 415 1 1 65 
443 220 157 65 1 65 364 1 7 1 1 364 
444 1 157 65 65 65 220 65 367 415 405 1 7 364 65 
445 1 65 1 1 70 136 1 65 1 1 1 7 1 
446 65 65 220 1 1 65 65 
447 242 65 1 157 65 1 364 1 1 65 1 1 65 1 1 1 
449 65 1 768 1 1 1 354 1 405 408 1 415 1 1491 
450 1 1 65 1 1 157 220 1 1 1 65 65 
451 136 220 242 1 1 1 1 354 65 1 768 364 
452 220 65 1 1 7 456 1 65 1 408 65 1 1 1 7 65 
453 1 1 7 1 286 1 65 65 1 65 65 65 1 1 
454 1 65 1 1 242 65 65 7 81 92 1 1 65 415 65 157 
455 354 1 157 65 354 408 157 415 1 1 364 
456 65 65 65 1 415 65 65 1 1 65 1 220 44 136 
457 354 7 1 415 1 65 623 65 405 1 157 65 65 623 364 220 1 
458 1 220 1 1 404 1 220 65 1 7 220 65 65 1 65 1 70 1 364 
459 1 65 7 1 65 220 65 1 1 220 1531 220 157 1 1 1 65 
460 65 157 364 157 65 364 7 1 
461 65 65 286 1 65 1 220 1 1 1 65 7 364 7 
462 364 207 65 220 65 1 1 157 1 1 1 1 1 
463 1 242 65 1 65 92 1 7 136 1 66 1 1 65 286 65 7 1 7 
464 7 1 1018 65 220 1 220 81 81 1 65 1 136 623 
465 65 364 220 1 220 65 625 1 170 405 65 415 157 1 364 
466 242 364 65 1 65 157 1 1 1 220 1 1 65 65 65 220 
467 1 136 65 364 7 1 65 65 65 1 1 1 1 220 
468 1 411 1 254 1 92 1 1 1 405 65 157 21 1 1 65 1 
469 7 220 65 65 364 364 415 364 65 65 1 996 65 7 
470 1 220 157 1 364 1 65 1 1 1 207 81 7 157 
471 1 65 157 364 1030 1 1 65 220 1 364 65 
472 65 65 70 65 1 1 103 1 70 1 1 1 
473 1 65 65 136 65 220 1 65 1 220 364 1 1 220 
474 65 65 157 65 1 1 65 220 65 717 65 1 7 
475 65 65 220 65 354 415 92 65 65 220 157 65 157 70 364 
476 242 1 81 411 354 157 1 65 1 81 1 1 220 1 1 364 
477 1 220 220 1 1 65 65 1 1 220 1 65 65 81 717 1 
478 220 65 65 220 1 1 81 242 65 220 136 157 1 
479 937 70 65 714 65 7 49 1 354 65 415 66 623 1 1 157 
480 65 1 1 1 714 136 65 65 1 81 717 65 65 1 1 1 1 
481 220 157 1 1 415 364 1 1 65 1 254 1 364 
482 1 220 1 157 364 157 1 7 7 65 65 1 220 1 1 65 1 
483 717 65 1 65 1 242 415 167 
484 81 157 1 65 364 372 1 712 1 1 65 220 405 1 65 1 
485 7 65 65 286 415 220 242 1 65 220 65 1 65 1 1 7 
486 354 7 220 157 1 415 1 1 921 717 65 65 1 254 220 7 7 
487 157 207 92 7 415 1 65 623 65 1 157 1 1 
488 65 1 7 157 81 65 354 1411 1 220 
489 1 220 157 7 242 354 286 1 1 1 65 65 157 1 364 
490 220 157 364 65 157 1 364 65 
491 7 1 220 65 354 364 7 220 1 1 354 1 1 7 364 1 
492 65 157 65 286 364 1 65 364 7 1 1 65 1 1 1 7 66 157 
493 136 7 364 65 1 354 210 1 136 1 717 415 415 1 364 
494 354 167 1 415 1 1 1 65 65 364 
495 65 717 157 354 220 354 1 220 1 65 1 1 65 157 65 7 415 364 
496 1 1 157 364 1 367 1 7 1 65 354 367 65 1 
497 254 7 415 65 254 242 1 81 65 65 1 354 1 7 1 364 
498 65 1 65 65 1 354 65 242 1164 65 1 167 1 1 404 
499 30 70 65 65 242 415 220 65 220 65 65 1 220 
500 1523 7 65 364 1 65 940 1 1 1 65 65 364 
501 418 70 1 65 364 415 7 1 1 279 1 364 65 405 405 623 1 65 1 
502 1 65 65 714 1 242 1 1 65 157 7 1 1 364 
503 1 286 1 65 65 65 92 220 70 1 1 65 1 65 157 1 
504 65 220 65 1 65 249 65 1 1 103 1 220 1 1 1 1 
505 1 1 7 65 354 364 157 65 65 103 1 415 1 415 65 364 
506 1 1 157 65 364 411 364 1 1 1598 1 1 
507 220 157 1 65 1 1 65 81 408 65 220 1 1 
508 354 1 65 1 1 65 623 7 65 1 354 623 364 1 
509 157 1 1 364 65 65 1 1 65 
510 1 65 286 157 364 1 92 207 1 65 364 66 1 
511 65 220 1 1 65 65 1 65 1 81 65 364 1 242 1 623 
512 65 65 1 220 1 65 405 65 157 220 220 136 1 
513 65 1 65 65 1 157 65 65 65 1 220 220 157 364 
514 714 1 1 220 364 1 65 1 1 65 65 1 1 1 5 7 1 188 
515 1 81 364 92 238 157 65 65 1 157 1074 623 1 364 286 
516 7 1 27 1 1 717 1 1 937 65 70 1 65 1 
517 65 97 81 65 1 1 65 1 65 1 81 27 1 411 1 
518 65 717 65 157 1 136 1 65 70 65 7 623 840 7 
519 1 242 65 1 65 415 364 207 1 207 157 1 220 207 1 415 65 
520 65 1 1 65 157 220 451 157 81 364 7 979 1 
521 1 220 157 364 1 1 220 354 136 1 65 1 81 1 220 1 
522 242 65 1 1 65 1 220 1 7 157 1 65 65 65 405 1 220 364 
523 364 65 220 1 1 220 65 1 65 1 65 220 1 1 65 65 1 
524 65 157 220 65 1 81 1 65 167 167 81 65 1 1 
525 220 65 364 364 65 1 1 65 364 1 1 1 65 415 220 364 1 
526 1 65 220 92 65 1 65 286 65 1 65 1 1 7 65 
528 65 21 65 81 354 65 1598 1 65 1 65 1 408 65 1 1 
529 717 65 629 65 1 415 1 220 1 1 220 1 1 1 1 48 364 
530 65 1 1 65 1 1 1 65 1 1 65 220 717 408 
531 70 65 1 157 364 354 157 1 415 65 364 
532 27 65 65 1 1 65 92 7 1 7 1 1276 1 1 7 65 
533 65 65 157 7 220 65 7 1 1 65 1 1 65 717 405 220 65 1 1 
534 220 1 1647 1 21 1 1 1 316 1 840 662 
535 220 7 136 65 364 1276 65 7 1 1 623 1 
536 364 65 81 1 1 65 1 1 65 1 65 70 1 136 1 
537 220 1681 157 354 157 92 65 364 7 1 1 
538 220 136 415 364 415 92 1 1 65 405 3 415 1 65 91 
539 65 220 415 65 415 1 3 65 1 1 7 1 364 136 
540 1 7 157 242 65 364 364 1 27 1 157 157 
541 1 354 65 1 1 1 92 65 1 65 1 81 1 1 
542 157 65 65 7 1 1 65 405 220 1 1 1 364 157 
543 717 220 157 220 364 623 65 
544 411 65 65 157 714 1 1 7 65 65 92 65 
545 91 220 65 1 65 364 1 364 21 220 1 1018 7 91 364 
546 405 1 354 1 364 1 1 1 1 1 157 415 70 1 65 1 364 1 
547 65 65 167 1 1 1 372 65 1 65 27 415 167 
548 65 1 157 1 1 1 65 1 65 65 65 65 1 1 65 1 1629 
549 91 364 103 81 364 262 1 65 1 
550 1 220 65 364 7 7 65 157 103 405 157 65 411 
551 1 1 717 157 1 1 65 65 238 768 717 
552 1 1 157 1 364 1 405 65 92 
553 238 415 7 65 220 1 44 7 1 
554 254 65 364 65 65 65 65 1 1 65 1 65 1 65 364 220 1 
555 65 157 1 65 65 49 1 65 65 411 1 65 81 561 1 1 220 
556 415 364 415 1 1 
557 415 354 65 65 623 242 1 65 21 1 1 65 1 623 1 44 364 
558 1 364 1 1276 1 70 7 1 1 1 1315 1 364 
559 65 136 1 717 253 65 136 1 1 65 1 1 1 81 65 157 
560 1 65 65 1 65 286 1 65 65 212 65 157 1 
561 157 65 242 1 65 1 220 220 157 415 220 1 65 65 1 157 136 65 1 
562 81 1 364 1 220 1 65 65 1 65 437 1 1 1 1497 81 
563 220 157 1 1 1 354 21 65 65 65 220 1 81 65 1 65 1 1 
564 354 65 1 353 65 81 1 364 1 7 1 1 65 1 1 1 364 
565 364 65 167 7 92 1 1 1 65 1 220 415 1 1 1 1 220 717 
566 65 1 220 1 415 65 65 65 1 65 103 220 354 1 65 
567 65 1 1 65 65 1 65 1 65 1 405 1 1 1 1383 
568 92 220 65 1 1 65 7 717 364 220 1 81 1 
569 1 717 7 1 220 65 717 1 157 1 1 81 81 97 364 1 
570 157 1 1 65 1 364 354 1 220 65 220 1 405 27 1 27 1 415 364 
571 65 1 1 1 136 65 1 65 1 220 1 1 1 
572 242 220 65 1 364 1594 1 1 1 1 286 1670 623 1 
573 65 220 714 1 73 1 81 1 65 1 7 188 
575 1 65 65 220 1 1 7 1 220 81 65 1 1 220 415 1 1 
576 220 66 65 1 30 1276 1 1 1 1 405 1 7 364 1 157 
577 48 65 65 1 1 65 1 7 1 717 1 1 220 1 1 1 1 
