22 0.89165074 3007 0.6899026 5107 0.6193725 23 0.5908538 3358 0.5893423 1701 0.5617672 24 0.5595827 2380 0.53103745 1417 0.4922257 5 0.49046218 2030 0.46154222 2588 0.40761375 2029 0.38799646 1985 0.37575644 111 0.3717201 88 0.36935806 1041 0.31988487 1755 0.30709943 5842 0.3025561 4055 0.29378176 5252 0.28258783 384 0.27985603 1402 0.26099917 7 0.24913184 434 0.24135524 6405 0.2298356 3227 0.22590367 5569 0.22497177 534 0.22446172 1189 0.22127561 
4321 0.76193446 784 0.57661694 236 0.57035565 4224 0.52625704 1487 0.48086464 591 0.45631328 2869 0.40596068 1386 0.3868725 918 0.38652405 5806 0.37176228 269 0.37080353 633 0.3693461 1435 0.36268765 279 0.35933447 40 0.35195994 4273 0.34735397 5772 0.34197906 4251 0.34099627 1526 0.33709678 3265 0.33132055 1537 0.33091468 5713 0.32528105 2219 0.314996 163 0.30789405 4239 0.30748883 4076 0.30410153 38 0.2968821 241 0.29132393 4296 0.2882961 3814 0.28274927 
1602 0.89883816 2891 0.8651688 420 0.8477733 5324 0.8161798 5201 0.7934895 359 0.7877057 4991 0.7744398 3610 0.7721218 3814 0.7426396 6003 0.734603 188 0.7238873 5474 0.71829146 1766 0.708427 3197 0.6893495 1583 0.6673936 2596 0.66194576 1066 0.6435605 6187 0.6395198 3015 0.63092935 1037 0.630355 5473 0.63002926 1925 0.625837 2104 0.60152626 61 0.5933962 5014 0.5862408 4270 0.58590955 4305 0.57297754 2402 0.5646539 1315 0.5630252 2968 0.5552045 
66 0.9469371 67 0.92767256 3202 0.8630913 1638 0.8232148 766 0.7969492 2703 0.7846166 2172 0.75099015 6078 0.7413314 289 0.74077505 3687 0.7333749 338 0.71870285 902 0.7055689 2954 0.6965069 1669 0.6940024 1093 0.6720816 4910 0.6695741 761 0.6621897 227 0.6526756 939 0.6524644 4495 0.650267 2201 0.6497703 2648 0.6484029 5434 0.6251598 5740 0.6197732 3031 0.5896801 2880 0.577956 3885 0.5755345 2805 0.5718163 4103 0.56922203 2115 0.5607989 
5855 0.98417896 2450 0.98130536 114 0.9765759 2929 0.9718527 3308 0.9716861 6627 0.9709372 5628 0.96388793 3785 0.96130407 4425 0.95956403 4645 0.9587181 3307 0.9581066 3575 0.9573691 3985 0.9537026 5880 0.9535702 3679 0.95302093 5732 0.9527314 2167 0.95192695 3544 0.9512016 6226 0.95106333 6208 0.9456389 2734 0.9455156 5082 0.9446374 4911 0.9433283 5306 0.94300175 5001 0.94254214 5740 0.9404364 3107 0.9388282 5856 0.93548685 1913 0.93386996 5741 0.93171453 
159 0.95353866 3823 0.84409386 748 0.8194052 3821 0.7764347 188 0.7460534 1425 0.66865176 5655 0.6483784 1691 0.64055836 2566 0.6349207 1166 0.6211995 2235 0.53789455 1139 0.4833928 2837 0.477387 2019 0.46283343 5454 0.45559388 3228 0.4190769 4660 0.4174475 187 0.41273057 384 0.40116945 2299 0.39865884 5414 0.39826316 1688 0.3972983 3991 0.35673407 1168 0.35087293 1689 0.33552113 52 0.33127692 22 0.32323918 1679 0.32011536 5107 0.31502575 3683 0.30945462 
5002 0.77869815 5435 0.71821165 5652 0.70948344 6173 0.7020923 3597 0.690579 3047 0.6860784 3643 0.6374564 3310 0.63678557 3598 0.63193226 5422 0.58733535 3784 0.5833398 3227 0.57707244 6537 0.57533854 4729 0.5699828 4209 0.56500715 5319 0.55495095 4227 0.5464872 2392 0.5436133 253 0.53153175 1554 0.531155 1483 0.5297667 6360 0.52775425 118 0.5122103 4190 0.5032659 4735 0.5032339 3251 0.49011847 3228 0.4846046 2215 0.48066613 5329 0.4785109 3984 0.47678214 
3232 0.94360316 1655 0.74434507 54 0.71628165 2753 0.6998702 84 0.6850846 3333 0.67589825 3290 0.65682495 673 0.65362024 272 0.6499772 373 0.64510334 724 0.6445523 3338 0.63452387 4701 0.6199742 82 0.6178576 5689 0.6040008 2032 0.6028672 1813 0.5950805 178 0.5802139 2474 0.5766442 1736 0.57272214 1080 0.56449574 1748 0.54625994 10 0.5446002 2674 0.5430432 3846 0.5295568 1146 0.517672 4925 0.514694 3684 0.5131242 4888 0.51288134 425 0.51213264 
3768 0.8325103 3581 0.79679954 3145 0.7926792 2467 0.77140933 5007 0.77104104 5415 0.76225686 530 0.7594725 2240 0.7472467 1327 0.74324286 2512 0.74007416 894 0.72142005 1626 0.7193274 6463 0.70512915 2165 0.70051926 1403 0.6915082 4161 0.69138634 6052 0.68266386 1276 0.67366016 4 0.67324764 1982 0.669038 4947 0.66865724 3801 0.66791093 2291 0.6598644 1929 0.6591392 2118 0.6535279 4661 0.64860797 1406 0.6474312 1282 0.64694816 4605 0.63647723 3398 0.6293863 
2221 0.9663608 5410 0.9599139 813 0.93121547 3014 0.9239729 3287 0.9168228 748 0.90922105 3859 0.8996169 3285 0.895342 2463 0.8641961 4867 0.85753024 1127 0.85212535 188 0.8464561 654 0.8461728 599 0.84101504 979 0.8293203 3294 0.82735634 1466 0.82469165 3656 0.82442427 3102 0.8222166 1786 0.81733036 5408 0.80988777 5311 0.80871975 2165 0.80430883 2220 0.80368936 4211 0.80302733 5125 0.8029425 3874 0.8026567 3769 0.7992584 5434 0.79722077 4148 0.79528254 
1436 0.930899 1326 0.91579413 5792 0.87223893 5415 0.8504456 2470 0.83943355 3579 0.82359326 1981 0.81865096 3581 0.815969 2174 0.79879147 2288 0.7885073 511 0.78388095 2826 0.7824146 1925 0.7798912 1811 0.7771398 1119 0.7759607 3667 0.7755102 449 0.771636 3664 0.76002717 3768 0.7486325 5918 0.74178594 2554 0.7233605 3668 0.72316134 197 0.71598005 945 0.71051997 4484 0.7092997 3399 0.7054115 127 0.7000047 30 0.69754213 2972 0.6903879 1881 0.6865727 
229 0.9815903 227 0.9605342 2885 0.9046008 3687 0.86612064 6087 0.8448394 4190 0.8412842 264 0.8295472 1053 0.82880723 1445 0.80722576 228 0.79934996 231 0.79747826 347 0.76405 5313 0.7607614 3128 0.7592956 4230 0.7561713 2636 0.7540264 5885 0.74980015 4425 0.749395 2802 0.7359139 4095 0.72902036 3996 0.7256051 3744 0.7233756 2833 0.72245216 5154 0.71995956 2372 0.70675415 399 0.70569885 3524 0.6950484 1641 0.688207 1286 0.68537515 3463 0.68518966 
1707 0.6825388 733 0.5677465 3857 0.5600074 5373 0.52237254 3732 0.49503133 6218 0.48380294 6120 0.48198202 735 0.43658185 823 0.4335778 6195 0.42609242 724 0.4203284 13 0.40539053 5838 0.39430648 6238 0.38298786 1073 0.37781814 1499 0.3680431 1966 0.3622343 1824 0.3243763 822 0.30387026 4150 0.302894 2488 0.3017792 2486 0.29593638 1725 0.29448345 4895 0.28045586 236 0.27759227 1401 0.27621967 816 0.27360192 3077 0.27343926 1706 0.26695678 1701 0.25970417 
6364 0.96581674 2589 0.9505736 1571 0.9448894 1287 0.94333214 2218 0.9410257 5019 0.93548095 18 0.92357063 3364 0.91563684 3099 0.91445816 2161 0.9112901 1504 0.90560406 4155 0.89947456 6599 0.88262206 2214 0.8798019 2010 0.87313896 5095 0.8720391 2215 0.8693658 1878 0.8536604 2108 0.84647125 260 0.84471524 453 0.84141 3362 0.8402066 412 0.8363258 17 0.8277775 2982 0.8190318 6278 0.8165595 5954 0.8156998 2219 0.8123815 2269 0.810234 786 0.80936503 
5713 0.8634801 4565 0.8557884 6258 0.8456802 239 0.84528446 973 0.8252585 4325 0.804033 3285 0.79720265 4947 0.7969892 4960 0.7904204 5972 0.7569434 4763 0.7565595 1722 0.756288 1870 0.7560856 1626 0.75540864 2647 0.7505301 1721 0.74562746 1919 0.7398484 313 0.71776396 1773 0.7156591 6635 0.71258295 1384 0.7101494 5347 0.70462126 1527 0.68970454 3333 0.6853644 5923 0.67400646 5784 0.67349297 3179 0.6733178 1490 0.66008383 3273 0.6586424 242 0.65504605 
4225 0.6164875 1403 0.5847968 3687 0.5753765 3181 0.53779244 1736 0.43372372 817 0.4158493 5696 0.40759844 1041 0.3838293 292 0.3473651 6168 0.34182307 4881 0.34107178 1513 0.31304935 1883 0.3108939 1498 0.28980315 685 0.28078508 178 0.27696428 2995 0.26753327 381 0.2520159 1972 0.23198412 2281 0.22817963 3713 0.2225346 4459 0.21656036 4458 0.20942137 1701 0.2070701 129 0.1940525 3796 0.1936007 2916 0.18853666 238 0.18336886 1945 0.1757291 2182 0.17446212 
1336 0.67332387 4673 0.6200075 3872 0.56587964 5706 0.5461627 3675 0.52495384 2410 0.5243326 3232 0.51583856 2857 0.4904366 1041 0.4870358 2016 0.4759128 6024 0.46910697 4766 0.46607038 5164 0.4633092 5073 0.45931375 973 0.45519227 853 0.45495993 1658 0.44548395 5522 0.44186202 3992 0.43177986 4377 0.42755777 2672 0.42639336 700 0.4252684 735 0.4249995 1618 0.4226631 5653 0.41908315 3701 0.41875574 328 0.4103833 2075 0.4079077 414 0.40293595 1242 0.39838827 
333 0.8957716 5273 0.69937485 3619 0.6953096 332 0.6387597 2265 0.617259 334 0.5815229 2788 0.5392934 2984 0.51314735 176 0.5018341 4420 0.48089653 4448 0.47809613 2481 0.47607148 1796 0.4689249 3262 0.4675661 2579 0.46689612 1701 0.46653348 5291 0.4540938 3620 0.42266515 3728 0.4148692 2967 0.4097237 4368 0.4090889 4460 0.40665495 6050 0.4016439 1121 0.3865834 4173 0.38465473 3803 0.3783125 3578 0.3706985 1041 0.36706996 1825 0.35605767 5130 0.3546329 
2640 0.9030671 6050 0.8371069 916 0.778143 5747 0.75014555 2712 0.71830684 498 0.622925 2984 0.6168588 3863 0.60982937 749 0.59862703 1041 0.58980596 3087 0.5687507 540 0.5497001 86 0.5422712 2661 0.52097446 339 0.5145001 6274 0.49791375 2669 0.48022112 2787 0.45217934 312 0.44307867 2460 0.44296676 4605 0.43980902 714 0.43323582 1755 0.4216143 3045 0.41111147 1701 0.4067689 3239 0.40296537 88 0.39557844 3974 0.37987375 1090 0.37584582 1624 0.37093613 
5999 0.91552705 344 0.86278164 2726 0.84489894 911 0.831977 5802 0.82821476 6080 0.82538927 2923 0.82332677 3893 0.79670954 227 0.75192004 5267 0.7487923 2840 0.74649626 5374 0.73957235 2510 0.73582876 6325 0.7294743 1910 0.7210032 584 0.71594435 1909 0.70088494 345 0.6963128 750 0.6876327 343 0.6857709 5979 0.66537106 5375 0.6614404 5775 0.65328604 4405 0.6521014 1041 0.64706045 4225 0.64531803 4492 0.6434779 177 0.64183897 3024 0.6406808 2666 0.6312394 
2998 0.9917438 2869 0.99173224 6594 0.9810581 163 0.978623 3510 0.97579944 1453 0.97526014 2821 0.9698258 1232 0.969604 4199 0.9682172 3581 0.96816385 6593 0.9635301 2780 0.9617257 3421 0.95698255 6148 0.9541878 3763 0.9540284 5420 0.9486374 5737 0.945963 3657 0.9438535 4681 0.94237185 1359 0.94210607 2480 0.9416901 2301 0.94122666 361 0.94105005 5989 0.9388983 1092 0.93509585 2430 0.93492556 4001 0.934119 4660 0.93303615 5983 0.93073463 3422 0.92602515 
4973 0.9030835 565 0.8462899 4789 0.8187713 2047 0.745826 4372 0.70910263 1566 0.6875593 4177 0.68462294 5305 0.6796268 4049 0.66453844 6154 0.66233605 1225 0.6563273 4020 0.65619177 1061 0.64096004 5793 0.6340897 1227 0.6332786 6343 0.6303186 4228 0.6249318 4573 0.6199803 363 0.6168112 6169 0.6166441 2892 0.60141015 3918 0.5956122 5774 0.58546585 1738 0.5791951 1325 0.57466966 1362 0.5696207 3639 0.5646615 6077 0.5607991 6309 0.5574924 1793 0.54624355 
6539 0.9759431 748 0.97335106 5436 0.97289455 979 0.9689362 366 0.9680163 286 0.96645564 5605 0.9648348 2858 0.9606473 2115 0.95925444 6408 0.95810753 4697 0.95799196 1727 0.9553383 4802 0.954325 4397 0.9413544 2255 0.93947774 4950 0.93897325 2358 0.93817836 5899 0.9372487 654 0.93433386 3100 0.9278733 3016 0.9262074 3690 0.92440563 2163 0.9219457 904 0.92050046 5300 0.9201706 4816 0.91593385 2100 0.9153584 1878 0.91253227 2138 0.91108054 5613 0.90784156 
3908 0.8892046 837 0.7858529 3299 0.74558717 3456 0.73148334 1748 0.6799539 249 0.667407 330 0.64732015 6006 0.6326686 2224 0.57669926 2439 0.5595286 5891 0.5521717 944 0.54026866 5890 0.5234857 2228 0.5012319 5930 0.49972442 2124 0.4975452 1041 0.46654153 3245 0.46423376 4195 0.45705256 114 0.4526156 1233 0.44076294 4694 0.43728656 3462 0.43654323 4387 0.43270236 3293 0.42681766 2892 0.4209677 1106 0.4140001 4811 0.40638146 3026 0.40589166 6285 0.39914322 
3743 0.7698683 2820 0.72935283 1627 0.7061283 4081 0.6558181 5929 0.64142823 2891 0.62467813 1436 0.6047957 3787 0.59375465 3581 0.5877518 5085 0.5724792 5624 0.5699022 4013 0.5688315 4751 0.5635261 3917 0.5511229 4133 0.54904056 4215 0.5459743 2188 0.5390292 5041 0.53644335 6594 0.535602 1175 0.52880704 3092 0.52725697 2492 0.52631265 5396 0.5237377 2716 0.52152103 3379 0.5172399 2580 0.51494914 4132 0.51073277 6283 0.50465196 3664 0.49946728 5345 0.4975708 
2416 0.96537983 4172 0.9555469 378 0.94339037 5087 0.93383706 5261 0.9247427 2547 0.89946145 54 0.88256353 2936 0.8724026 3841 0.8706616 4729 0.87060666 3534 0.8667988 1826 0.86598533 4171 0.8644316 5830 0.86317116 4778 0.8625229 3471 0.856211 520 0.8546848 2448 0.85432637 3859 0.8533425 2778 0.8530337 4418 0.8503045 4143 0.84582335 2330 0.83222544 274 0.8312835 917 0.82839346 4561 0.81644714 6544 0.81254053 5566 0.7960273 6435 0.7938145 5571 0.7908085 
2461 0.8779596 3771 0.8078467 1710 0.80668074 5395 0.7995931 738 0.79620445 5495 0.77733797 2506 0.77116024 4780 0.7691389 297 0.7472267 5972 0.73941827 4451 0.73586017 2465 0.73500794 2378 0.7315929 5050 0.7258234 6192 0.720081 6020 0.71494347 6221 0.71437085 685 0.7126946 3616 0.7038579 2609 0.70306855 544 0.7002584 853 0.6960867 2384 0.6914973 5144 0.6895575 979 0.67696124 5706 0.67630863 2360 0.67276144 919 0.65941507 5879 0.65607 5641 0.65450686 
4869 0.9728227 5882 0.97126234 5060 0.96774733 1667 0.957968 5147 0.95484394 6365 0.95395267 4928 0.9506317 2097 0.95011926 3488 0.94984365 2392 0.94912195 3919 0.9485598 5654 0.948541 5368 0.948378 5278 0.9476665 2903 0.9466534 5277 0.9428256 4230 0.94264305 5039 0.9425692 2920 0.9380351 2811 0.93781626 6435 0.934714 5514 0.9303833 5306 0.92943746 5369 0.92902315 2214 0.9232273 2901 0.92299896 3156 0.92255014 2838 0.9222105 6240 0.92121863 2162 0.9177012 
6563 0.9528274 4672 0.9502746 5035 0.9194508 431 0.91198295 2148 0.9089707 721 0.9006944 2063 0.89537823 4419 0.8882247 2222 0.8849265 5983 0.88207865 5197 0.87647986 5890 0.8743504 4863 0.87404126 2240 0.8724245 5245 0.8645578 4144 0.8631444 5878 0.86253744 719 0.8605553 3743 0.8605093 4239 0.8595143 6616 0.856694 5135 0.85656637 2869 0.8521859 5538 0.8509606 2770 0.8465947 6631 0.84000033 5672 0.83587444 1432 0.83529705 3652 0.8334004 3627 0.8328107 
5023 0.9194176 1945 0.86484575 3610 0.8559418 420 0.85452795 4661 0.8467938 1626 0.843855 3294 0.80742407 5504 0.80556744 2447 0.80471736 854 0.78553134 2147 0.7837234 3595 0.77949256 2185 0.76664877 425 0.7592505 1999 0.7518998 3166 0.738342 5521 0.73608106 4360 0.731357 1710 0.7280188 1565 0.72359145 4277 0.72159463 1824 0.7117059 2224 0.71084327 5024 0.7062441 1105 0.7057062 6187 0.70463616 1655 0.7032034 1649 0.7001196 5025 0.6985479 96 0.69726825 
1560 0.5525446 3357 0.51075447 4387 0.43692437 450 0.4313721 429 0.41219905 3285 0.40708745 5459 0.35824218 1295 0.31869665 4380 0.31508246 1990 0.31162366 3743 0.3060291 4224 0.30192557 4882 0.2916976 1023 0.29040903 2072 0.2842063 5354 0.2719089 1827 0.26855537 5737 0.2649038 2916 0.26308444 5187 0.25431296 4278 0.24626485 5058 0.2441673 1982 0.24065305 1525 0.23485295 3144 0.22791208 2518 0.22097525 6543 0.21601129 88 0.21034922 4349 0.20990117 2781 0.2029437 
1870 0.88455355 724 0.8686833 2247 0.8400331 770 0.82017124 764 0.81831115 1867 0.8078885 4584 0.8009348 2951 0.79943323 2375 0.79443705 4638 0.7726193 477 0.7689199 4326 0.7528551 4324 0.7514889 5248 0.7456499 778 0.74547327 2150 0.74310535 909 0.73481554 4605 0.7223721 969 0.7027261 3932 0.69946516 4604 0.68816584 2973 0.682647 589 0.68233985 3966 0.6779798 5477 0.66849315 1993 0.66667724 3145 0.6550092 2798 0.65415204 5901 0.6534169 449 0.6471607 
491 0.93553287 2438 0.89514977 642 0.86369944 2694 0.8475648 1678 0.84375364 5368 0.838641 78 0.8284493 3402 0.82513136 5278 0.82399577 5081 0.8124153 1345 0.808059 2264 0.7514718 2429 0.74248135 3864 0.73064125 5210 0.6977008 5820 0.6825771 2337 0.6821326 3683 0.678422 6041 0.672839 5604 0.6706174 5244 0.6631889 5245 0.6625664 281 0.6581998 159 0.6492169 5271 0.6408268 795 0.6381901 883 0.6368502 3724 0.6356959 2235 0.6302154 3324 0.6282097 
973 0.98187906 900 0.9586417 276 0.9569935 974 0.95105714 2154 0.94687027 4325 0.9453176 492 0.9430039 4202 0.9301638 609 0.93011624 5496 0.91951406 2408 0.915279 989 0.9140695 2033 0.91212493 1435 0.91181767 694 0.90823704 1710 0.9081257 2315 0.9059079 3992 0.90122646 5713 0.89643323 4605 0.8944087 2147 0.8913694 2011 0.8907027 494 0.8827912 4067 0.8787951 3031 0.8712599 5703 0.8704864 3421 0.86966294 1406 0.8673959 5461 0.8633198 4604 0.86264014 
5414 0.94672704 1832 0.94466984 5886 0.9386343 504 0.92376924 4181 0.89859545 1694 0.89817464 3701 0.8893453 5698 0.8853335 191 0.865891 2322 0.85971916 4953 0.8570825 5782 0.85270894 5858 0.85176075 3207 0.84476095 6535 0.84314847 3209 0.839674 5088 0.82851654 2251 0.8089115 3702 0.8029909 4297 0.79955995 3210 0.7933734 3420 0.78967595 5541 0.78510827 1193 0.7806477 1953 0.7684972 5510 0.76845896 6359 0.7640891 5112 0.75449497 6030 0.7514448 6598 0.75055164 
506 0.94645584 505 0.9395186 3744 0.93192554 6381 0.9065321 614 0.890371 5372 0.88726884 5734 0.88156164 2112 0.87819296 5415 0.8682971 4777 0.8682208 67 0.8617125 5370 0.8575903 5844 0.8564808 2702 0.8504368 220 0.8436303 5183 0.83720076 766 0.83705807 5097 0.83527315 2886 0.8320847 224 0.83068585 3128 0.8249123 6040 0.8159169 5857 0.8096969 6087 0.80910957 3362 0.80774957 617 0.80304223 855 0.7978959 1063 0.7903508 2122 0.78806835 5104 0.78164697 
5451 0.8382493 3785 0.7954491 5342 0.7843032 6383 0.7498894 5652 0.72298855 3272 0.71215236 2734 0.6767202 5586 0.6427173 6015 0.63727504 5155 0.6370228 6421 0.6305984 5740 0.6207419 2842 0.61463577 3102 0.59172404 228 0.5870902 842 0.5861756 2691 0.5846089 2931 0.5834736 4319 0.5824726 1476 0.5700194 56 0.56699437 1980 0.56538373 5233 0.5599413 3322 0.5589533 5001 0.5491761 5885 0.54096854 3252 0.5338958 5667 0.5302881 5689 0.52848005 4119 0.52310956 
1498 0.60216546 1041 0.5744889 743 0.5434256 2706 0.5423003 464 0.5013834 3921 0.49999592 5151 0.49926767 2330 0.48441064 2222 0.38667297 3795 0.35886914 1701 0.35410395 4416 0.35133377 88 0.35008907 4289 0.34932572 3094 0.34330148 4120 0.3399781 6234 0.30654868 265 0.29945803 5713 0.29617354 1453 0.27967837 4546 0.2769218 255 0.27364406 280 0.26842317 247 0.23229899 4673 0.21790792 1176 0.21550387 3002 0.20959279 4258 0.19684827 240 0.19315454 3542 0.18840834 
3230 0.8568197 4142 0.82359177 6435 0.81184745 1631 0.7985962 3889 0.79026335 4219 0.7894091 437 0.78292024 6365 0.7661338 3817 0.7657984 4161 0.763426 2895 0.76072985 191 0.7584411 5059 0.75037503 1984 0.75027037 4496 0.73841375 2945 0.73307514 571 0.7277669 2511 0.7197348 385 0.7131349 2165 0.7094738 4070 0.7079771 2788 0.70217437 2675 0.6995598 4497 0.6892572 1139 0.68642706 3901 0.6811132 975 0.6805209 522 0.6758206 2137 0.65872484 270 0.6567944 
52 0.98906803 6464 0.9886274 2097 0.98770934 530 0.9873623 1672 0.98572487 1418 0.983377 180 0.982344 2106 0.98220235 4161 0.98009956 4892 0.97844285 2052 0.97805387 1727 0.9771407 396 0.9738643 49 0.9738427 1548 0.97025394 711 0.9690772 5079 0.9678968 3683 0.9676574 3201 0.9671727 4867 0.9664226 5820 0.966009 947 0.96574885 6586 0.9653514 4262 0.96312875 5277 0.9629409 3672 0.9621417 5666 0.96173674 5898 0.96119374 1673 0.9608573 2004 0.96047723 
3146 0.9078414 570 0.9037184 3145 0.8506175 3061 0.84285074 551 0.8421801 2565 0.8359976 1328 0.8225449 120 0.80283564 4605 0.7916312 3877 0.7815937 3769 0.7646437 3803 0.7327819 1810 0.7074675 2745 0.70220417 498 0.69051975 1598 0.68760985 2366 0.6873531 4649 0.68319 4332 0.6716548 4604 0.6517126 4426 0.6361494 124 0.63502884 5115 0.60856766 1313 0.608016 1773 0.6001656 195 0.5928084 4980 0.59198993 1701 0.59113866 3345 0.58961314 6297 0.58588433 
4155 0.9071121 2716 0.8903387 194 0.8802504 322 0.87644243 448 0.86892146 2540 0.8535193 3762 0.8529089 3410 0.85256416 3836 0.84806436 544 0.8462723 3837 0.8282251 4529 0.8226829 1839 0.81968176 1303 0.81958205 2323 0.8179393 5772 0.8167934 2462 0.8162646 2864 0.81217706 3616 0.81207633 3814 0.8098104 3287 0.8081254 3403 0.8025076 888 0.8015975 1499 0.79479796 2965 0.7934351 5158 0.79278386 440 0.78926975 1872 0.78808486 4215 0.7874741 1519 0.7859315 
5919 0.8513047 3054 0.8512696 244 0.8171 1487 0.81392497 2475 0.81372637 3664 0.8115613 2444 0.7800795 3665 0.7701355 3873 0.7667252 6563 0.7645991 4960 0.7631521 724 0.75381964 3629 0.75348306 3265 0.7396407 4273 0.7245723 1246 0.7239076 901 0.72307396 4025 0.7213818 3007 0.715853 5713 0.7120365 3121 0.70894426 6513 0.70672375 1182 0.7021556 4792 0.70164526 5806 0.69347596 6616 0.6925221 3445 0.68405133 3722 0.68370616 2448 0.683182 4340 0.68225694 
3197 0.8463513 5057 0.8175547 5562 0.8004768 1561 0.79326934 56 0.7909022 2668 0.7851651 6468 0.7749078 5886 0.7567433 2517 0.75375044 917 0.7265125 1812 0.71598554 2607 0.70540035 577 0.701053 5845 0.6764277 389 0.6702253 1921 0.6557074 4720 0.6555467 3099 0.64325684 3185 0.64115834 5473 0.6411451 5350 0.638319 5605 0.6346289 5646 0.630427 411 0.6162547 4172 0.60913277 4752 0.60841167 3295 0.6060488 5214 0.6044716 3145 0.5992813 4410 0.59922796 
584 0.801966 310 0.65710384 4572 0.62500924 4207 0.6128634 4099 0.6062005 3632 0.5897209 4969 0.5853954 5097 0.57875973 5329 0.5664713 916 0.5628849 5858 0.53729266 5143 0.511717 3557 0.5011063 1563 0.4894812 6128 0.47899792 5665 0.474083 5203 0.46167183 3286 0.44795996 5587 0.43411052 309 0.43073145 909 0.42888445 3727 0.42705503 5747 0.4237406 4095 0.41536367 3323 0.39957333 586 0.3926413 641 0.39185107 1141 0.38978508 853 0.38452166 3256 0.3732337 
4540 0.94228363 4017 0.9097303 4035 0.88534665 5706 0.86645246 2627 0.82383823 851 0.8227249 1331 0.799161 2045 0.79678607 6002 0.7949742 6244 0.7938515 3295 0.79316264 2178 0.7880171 587 0.78702354 6532 0.77704126 5054 0.77668566 1966 0.775242 5771 0.77297527 5476 0.7644371 3839 0.7581819 6410 0.7513501 5677 0.7429302 3788 0.74254507 2025 0.73324066 3950 0.73021156 3190 0.7292493 4523 0.7269424 588 0.7198889 2186 0.7179341 6142 0.7139017 6601 0.7126138 
3162 0.9707419 989 0.9569478 4378 0.9566562 4454 0.94899476 1581 0.94627255 4302 0.9396386 3451 0.9287061 2748 0.9272092 3941 0.9197723 2662 0.9187286 3161 0.9157805 598 0.9152897 5236 0.91294706 5081 0.90969455 3483 0.89604354 5849 0.8920284 1790 0.89131194 4513 0.8888608 1543 0.8874519 1756 0.88686013 726 0.8844903 2315 0.87276834 5430 0.8707862 2433 0.870118 916 0.8700424 5595 0.8672398 2258 0.8633487 3244 0.86256367 1257 0.8588162 6469 0.8521064 
5771 0.94562364 1242 0.9433168 5846 0.9411567 5428 0.93399996 6410 0.92692167 5841 0.9001803 4103 0.89623 2371 0.8954104 6309 0.8938472 600 0.8840635 5706 0.88217765 243 0.8796917 3159 0.8780233 4577 0.87611353 2349 0.8716817 2329 0.8678369 4260 0.86770314 2032 0.8653228 420 0.86274904 624 0.86118436 5748 0.85997236 3621 0.8596525 6068 0.8579825 3839 0.8562133 4018 0.8536058 93 0.85183424 5684 0.8513535 2358 0.8473731 2046 0.8450839 2403 0.84389734 
1305 0.95026517 604 0.94907755 4103 0.91763276 1711 0.89573485 2221 0.8919702 3014 0.8836837 5445 0.868782 3287 0.8623021 2805 0.86226296 2255 0.85868883 602 0.8520057 1419 0.8488547 5565 0.84428614 5691 0.8371167 976 0.8370515 603 0.83583665 2131 0.827645 4926 0.8248149 2576 0.820644 4165 0.81218225 2806 0.81173795 6176 0.80420256 2125 0.801412 4873 0.7999997 3437 0.7985039 1953 0.79452443 4589 0.7918769 614 0.77627176 648 0.7698871 2171 0.765487 
607 0.9846092 2861 0.90702045 3838 0.89646524 3494 0.89519936 811 0.8935628 608 0.8868483 6105 0.8802981 3837 0.8766078 5946 0.86267936 5556 0.85763186 2922 0.8567073 390 0.85372204 606 0.8534215 365 0.8529666 2551 0.85097075 3388 0.842767 4510 0.84155935 1589 0.8325829 2305 0.8307691 1380 0.827241 1977 0.8201139 4225 0.81770337 5374 0.81476086 548 0.81143594 6323 0.8086348 1879 0.8070903 4069 0.8066538 1188 0.80513537 5933 0.7931971 4985 0.7844626 
5728 0.9271426 633 0.91644603 5791 0.90783685 4149 0.9040018 2824 0.8956541 5730 0.8931566 510 0.8707183 4127 0.8679485 5435 0.86781126 5861 0.86765295 5792 0.86579776 4550 0.8656372 2557 0.85917234 4472 0.84719574 1799 0.8396466 964 0.8298953 3393 0.82511926 4341 0.81558806 6483 0.8148882 4877 0.8120314 990 0.81196755 3066 0.8069511 1349 0.7943073 1178 0.78584146 4316 0.785504 5154 0.7822789 5793 0.7785846 5434 0.7760768 5689 0.77436656 5890 0.769238 
732 0.7986096 1041 0.72959334 2411 0.7286615 204 0.70020664 1093 0.64465266 662 0.63247657 1981 0.5971454 5924 0.594836 133 0.5901354 2029 0.5880884 454 0.5598413 985 0.558193 1121 0.5349723 420 0.5327882 5993 0.52438766 5415 0.5218566 2627 0.5131827 530 0.5131736 678 0.5049483 974 0.4965813 3768 0.49166694 5786 0.4852898 5967 0.48178566 6163 0.4742692 5387 0.4719108 2512 0.46585447 3677 0.45143998 4900 0.44449905 5124 0.4432846 2467 0.434141 
4595 0.7914953 3596 0.76672167 24 0.760233 1708 0.7347341 40 0.67765075 544 0.6528171 1185 0.65049785 1683 0.63799244 3763 0.61463207 4416 0.61363065 1848 0.6130426 1609 0.5953588 3948 0.582092 1182 0.5544685 3225 0.5528356 1350 0.5422695 5479 0.5065343 5995 0.5060569 632 0.50413656 1333 0.5001918 918 0.4937628 208 0.49080455 3220 0.4819102 4080 0.48070323 282 0.47208527 1371 0.46842027 196 0.46516407 210 0.4234407 4680 0.41750318 1412 0.4126046 
6107 0.9489651 4058 0.9383845 6196 0.92504597 4660 0.8962552 4095 0.89517397 642 0.88338804 4314 0.88235706 4105 0.86427253 643 0.8596878 3716 0.8583741 3241 0.851195 330 0.8497316 2992 0.841765 693 0.83585894 3945 0.8344282 973 0.8326131 495 0.8268653 4313 0.8210277 3057 0.8151799 5703 0.8136585 4568 0.8019661 1087 0.8005025 2159 0.79737014 491 0.7783583 2075 0.76543635 2460 0.76245403 1872 0.7543304 3657 0.75127554 2033 0.75079364 1423 0.7501731 
4729 0.9725605 1921 0.9724412 5605 0.9701037 5899 0.96433544 1330 0.9600597 5426 0.95890415 4519 0.9576177 1951 0.95648736 5782 0.95491886 1342 0.9540156 2394 0.95028317 5570 0.9473657 975 0.9453123 2115 0.9436591 5031 0.9433787 656 0.93001926 6600 0.9228881 1052 0.9180185 4225 0.9179449 4189 0.9155339 1507 0.91358536 2451 0.9115963 1344 0.90564424 1668 0.9039448 6425 0.9035187 2687 0.8985311 391 0.8980793 2885 0.89682406 4697 0.89635175 4230 0.8962255 
815 0.8883153 4672 0.8810736 6449 0.8635786 2122 0.84106785 4784 0.80157906 3626 0.78014946 738 0.74820924 3121 0.74534893 315 0.741106 6009 0.72799265 2726 0.7273112 4237 0.7262868 4163 0.72559434 6286 0.72445214 4449 0.7223704 6088 0.7054316 6457 0.70471734 3836 0.7013372 1041 0.69914496 6096 0.69401675 4099 0.6810029 2376 0.66722685 3232 0.6626672 3972 0.65348935 1748 0.65269136 159 0.64047647 716 0.6327291 1698 0.6193292 3994 0.616562 4100 0.61620057 
6543 0.89344287 3026 0.87997454 1436 0.8777317 3531 0.8573429 4423 0.8550838 6091 0.8476084 4235 0.83298296 4828 0.83177805 4424 0.8233121 6436 0.82329035 744 0.79508734 3191 0.794948 1787 0.79318285 3111 0.7871263 4051 0.77304226 1378 0.77219194 4224 0.76886564 4420 0.76833755 5439 0.7653122 2041 0.7626857 3834 0.7543138 3566 0.75270283 1547 0.74448943 56 0.73448503 296 0.72681713 2301 0.7263918 3952 0.7221015 4079 0.72063154 3595 0.7176859 4018 0.7153124 
980 0.75906026 607 0.72021383 6542 0.69725734 5219 0.6865984 4668 0.6461827 2203 0.6012268 2204 0.5870185 6284 0.58024085 702 0.5711313 615 0.55695575 3923 0.55205226 2842 0.54732084 5451 0.5454936 700 0.54090583 5055 0.535525 3741 0.5310782 4702 0.51341385 3575 0.48966846 6473 0.48359782 4873 0.4633728 4475 0.44770026 1701 0.44301242 3371 0.43910003 2954 0.4388887 906 0.42643863 199 0.4262451 3044 0.42593378 2716 0.42371595 5143 0.41696134 5775 0.4163778 
714 0.9960105 718 0.9859422 2461 0.9843765 721 0.9821371 2361 0.9729761 716 0.96774095 720 0.9430405 4099 0.9352448 3699 0.91978115 5849 0.9167374 5879 0.9149006 1986 0.9062849 4148 0.9036725 5143 0.89993894 355 0.8997931 5850 0.89131874 26 0.8817278 356 0.8796574 4450 0.879536 82 0.87927264 2646 0.8704942 2902 0.8674948 1581 0.8643133 160 0.86071455 1274 0.85791427 4100 0.85354835 113 0.83832246 2384 0.83729863 6009 0.83338034 5099 0.8302516 
736 0.91010875 5287 0.8887058 732 0.797243 726 0.78468126 5706 0.75757617 2075 0.6508631 735 0.6476793 5482 0.6309992 733 0.59742945 1499 0.59656435 742 0.58472353 2634 0.5791494 3200 0.5738024 3028 0.54187715 5847 0.5324794 3530 0.5278211 5347 0.51987994 824 0.51384526 4251 0.5018257 1163 0.4890221 985 0.48889747 1877 0.48175678 2241 0.47139382 6370 0.46948656 820 0.46233436 14 0.4613501 562 0.45544225 2460 0.4482938 6351 0.44626266 271 0.43809858 
1804 0.5552476 2973 0.55380267 6089 0.53820306 4649 0.5158831 4086 0.5074975 1870 0.50695425 3499 0.5028853 2466 0.47074026 2900 0.46745202 477 0.4295702 4582 0.40739048 381 0.39167038 65 0.37342954 5399 0.34338218 1069 0.32117888 4585 0.31758758 3735 0.2711028 2899 0.26527902 5662 0.26271978 1123 0.24084863 1871 0.23586975 5227 0.20728907 3989 0.19451366 2712 0.1886503 764 0.18336143 4162 0.18186153 3851 0.17374462 3389 0.15846516 765 0.15701266 711 0.13391538 
734 0.8985812 5742 0.86272776 4378 0.8477748 415 0.7981222 4703 0.7970373 6635 0.7466267 1041 0.6820438 2366 0.67373186 2195 0.6671418 1722 0.64996284 4163 0.622874 4546 0.6124834 6033 0.60645646 6237 0.60369575 801 0.6002731 5930 0.59174234 1607 0.58675 3079 0.57298154 3211 0.567434 1077 0.5669537 1440 0.5638093 6256 0.5628753 2670 0.5580708 4775 0.5552616 1416 0.547826 1088 0.5187287 825 0.5176176 590 0.5157294 6451 0.5072999 172 0.49833545 
1612 0.91443557 900 0.8604706 1618 0.8226689 974 0.8030615 963 0.75012165 2748 0.74223983 3164 0.7420958 2315 0.7276123 2253 0.7115371 1220 0.70688105 1729 0.7059685 2259 0.70109385 294 0.68837553 2695 0.680194 6009 0.66123194 3145 0.63904923 3146 0.637784 1406 0.6377256 929 0.6273289 731 0.5908001 581 0.58034515 2649 0.5718973 3740 0.5709231 1328 0.5600523 181 0.5327881 5226 0.5224667 498 0.51641536 2072 0.51486385 1077 0.51368284 6045 0.49943066 
4670 0.9671227 6325 0.9401407 6435 0.93747586 6391 0.92607754 694 0.9195959 227 0.9120561 4938 0.8982685 3741 0.8981424 804 0.8977993 1143 0.88850576 5593 0.88518 6504 0.8842128 2429 0.8828929 2670 0.8805784 3207 0.8782581 6575 0.86908257 776 0.86863995 3108 0.86715764 6365 0.8628837 887 0.8559286 1626 0.8505451 1298 0.844154 957 0.8439811 803 0.84007955 5505 0.8342284 4507 0.82774794 4782 0.8263581 3992 0.82524025 67 0.81686044 4390 0.8151784 
56 0.9845659 3644 0.9740611 3807 0.9661065 5605 0.9606412 3145 0.9486401 6435 0.94634837 5062 0.9444065 654 0.9287682 1187 0.9246275 1242 0.9143619 4513 0.9120249 5913 0.90918565 412 0.90567577 4155 0.90479916 2437 0.9016324 5060 0.89971244 1519 0.8984769 4457 0.89611787 980 0.89149165 3275 0.88651663 6355 0.88075525 3707 0.8762241 1748 0.8754751 3197 0.87505096 4770 0.8716958 4324 0.8668261 6440 0.86057866 436 0.86010695 2105 0.8555231 3673 0.8552944 
67 0.90078664 5565 0.8595754 1564 0.8231099 2215 0.8171003 5553 0.8160914 3851 0.81082714 5106 0.7881365 1098 0.7860519 3342 0.78543097 1061 0.77380794 93 0.77184254 4495 0.77080446 6558 0.7676121 191 0.7672315 5020 0.76148653 477 0.7390621 3503 0.7386582 2473 0.7324553 4816 0.72481334 5318 0.71850294 1831 0.71842957 5398 0.7139029 5662 0.7107211 5407 0.70308137 5570 0.69715536 6603 0.69522727 24 0.69297665 3325 0.6894503 2950 0.6829516 448 0.6789434 
2121 0.94448805 2546 0.92512953 1553 0.8828538 888 0.8756323 2119 0.8711343 4295 0.86719674 1748 0.85002154 2545 0.8344717 3337 0.8174754 6393 0.81691206 6586 0.8021606 30 0.7976146 5539 0.785984 1238 0.7840689 383 0.7824974 3479 0.7803976 160 0.77454424 989 0.7710898 3338 0.76890033 806 0.76879936 5547 0.76214594 976 0.7614207 444 0.7601481 4863 0.7569729 1236 0.75250894 3287 0.750853 1259 0.7504822 6009 0.7501622 4518 0.7485941 648 0.7387055 
5225 0.9428016 5967 0.9177227 4959 0.9162112 2417 0.90617 3581 0.89055693 861 0.8864191 3061 0.88215154 2980 0.8776914 5145 0.8738889 6513 0.8731445 6561 0.8649059 5052 0.86380875 5166 0.86123186 1359 0.8583328 5188 0.8538449 1439 0.83717155 860 0.83553594 6512 0.8241308 4960 0.8141769 6560 0.8139792 1786 0.8106613 3268 0.8025291 6563 0.79861546 6432 0.79776686 3769 0.7946008 6151 0.78790975 1599 0.78360206 3267 0.7800136 5923 0.7792741 5878 0.77436465 
942 0.90238076 5848 0.8956444 4152 0.88196814 2679 0.87006277 5348 0.85575324 1762 0.8415144 6593 0.826344 4784 0.8214324 4947 0.8164829 3417 0.8131419 972 0.80813473 5575 0.80668634 5008 0.80059797 3269 0.800436 894 0.7903577 57 0.77979887 2647 0.77538013 3232 0.7743172 5007 0.7686956 1748 0.7679718 2361 0.76225835 1486 0.75811446 3330 0.75784683 3205 0.75112885 2302 0.75051767 4062 0.74554354 3684 0.7452664 407 0.7425491 123 0.7360064 2459 0.731932 
880 0.99260813 4382 0.917548 3846 0.90397125 4650 0.8766113 1676 0.8721045 6477 0.85179275 879 0.8508462 228 0.84119517 770 0.836377 6223 0.82935464 5233 0.82539827 2266 0.82520807 4230 0.8238162 5653 0.82333684 2726 0.8143858 5161 0.81193334 5037 0.80114007 2111 0.79046506 525 0.789759 4440 0.786691 571 0.783556 6177 0.7803944 219 0.7747418 4519 0.77249587 6311 0.76964235 1622 0.767424 1342 0.76569176 5109 0.76553595 5001 0.7640529 6419 0.7630934 
2109 0.92881054 2617 0.9235102 6615 0.9174581 3398 0.9066984 1439 0.90513873 3125 0.90226936 4852 0.9003126 862 0.8947469 1166 0.8937296 6009 0.8895722 5305 0.8881587 4954 0.8752159 361 0.87483096 5643 0.8714481 3439 0.84614515 2408 0.8401166 1182 0.83630323 2988 0.8334356 2554 0.8331625 2147 0.82598484 935 0.8234319 3526 0.8232457 2875 0.82303256 2446 0.8214184 2379 0.8109355 782 0.80816185 1164 0.80672234 4018 0.8049594 4359 0.8033381 3421 0.8026739 
910 0.9935706 969 0.9578115 1436 0.925127 3205 0.9210999 4215 0.9193251 908 0.91683125 2239 0.8966335 2260 0.8935179 609 0.87123126 494 0.85576 4642 0.8472958 989 0.84529275 3939 0.84353346 4763 0.83745784 909 0.834215 1282 0.8228526 3220 0.82191527 2302 0.8218531 3127 0.8173771 3524 0.79121614 1121 0.7890009 2240 0.7883047 2247 0.77941304 340 0.7754046 1528 0.770459 4152 0.7583188 4937 0.7516271 1435 0.7459088 2126 0.7433952 4930 0.73966813 
2802 0.9930114 2801 0.99287146 4190 0.99003917 5999 0.98522264 399 0.9850593 2218 0.98437387 5089 0.984322 786 0.9832944 5610 0.983235 912 0.9828332 4441 0.982492 1106 0.9818189 2003 0.98019624 4095 0.97952414 5477 0.97763395 1107 0.9766004 1455 0.97482634 805 0.97446066 4155 0.9741831 4119 0.9738144 4230 0.9722983 5174 0.97199315 3694 0.97194874 5881 0.9697259 6257 0.9695254 4923 0.9694998 5954 0.9690259 809 0.96871793 5154 0.9684632 1505 0.96807224 
3005 0.9776389 3846 0.94515795 6161 0.94323766 6119 0.9087674 5710 0.8999111 2510 0.89562225 5711 0.88679963 3554 0.88522434 2888 0.88257945 6030 0.87237155 4558 0.8619226 6511 0.86076 5844 0.8502152 5989 0.8473844 4155 0.8464301 6431 0.8455206 5820 0.8424388 1610 0.82893664 2920 0.82749027 2188 0.82746434 5477 0.8266874 6046 0.81731695 4653 0.81219584 2052 0.81038773 6382 0.8088817 3464 0.8043726 5656 0.8010287 3283 0.8006611 5623 0.79923505 1188 0.79786813 
922 0.6786877 2965 0.66147274 5515 0.64315856 899 0.62109286 4338 0.61686283 3639 0.6155286 3203 0.60226464 1872 0.59791404 5345 0.59361184 656 0.57954776 1985 0.57676864 2346 0.56178373 5461 0.55966973 5044 0.55710524 2751 0.5568814 6325 0.54461396 5606 0.542241 3116 0.53220534 1909 0.5287559 4779 0.5283867 3357 0.5134808 3226 0.5117217 6584 0.5116144 4008 0.5111681 5266 0.5090406 6063 0.49943823 5288 0.4884046 1098 0.48493868 4705 0.47939157 4510 0.47666278 
2023 0.9394753 2467 0.93441886 2152 0.9197159 1424 0.9095136 3840 0.88649374 4589 0.8734089 2627 0.86884487 2858 0.86201894 4529 0.8438487 960 0.84332025 1059 0.8432352 3477 0.83952296 1519 0.8331 3413 0.82992435 1570 0.8257128 3707 0.8204374 1652 0.81488824 3518 0.8114529 621 0.80300766 6428 0.8004028 130 0.79887897 2130 0.79822856 1966 0.79437345 2298 0.79338396 2402 0.7915268 4322 0.7896164 3057 0.78627795 4307 0.7856207 6169 0.7849793 2690 0.7782392 
720 0.97382617 1819 0.9688953 5501 0.9601549 1318 0.95526206 2291 0.9428084 4674 0.9402953 3764 0.9401502 4350 0.9332843 4152 0.92399657 994 0.92235416 4067 0.916714 101 0.9106038 3801 0.90732765 3393 0.9064372 3096 0.8954916 4372 0.88155115 5188 0.8783186 2944 0.8762921 2598 0.8758332 4612 0.8714468 352 0.8625153 494 0.85843724 5042 0.85146284 3111 0.8460818 862 0.84574383 4454 0.84538835 570 0.8453724 6616 0.8424082 5443 0.8416309 3743 0.8373148 
5273 0.9705885 3087 0.9616946 4123 0.951857 4124 0.93891865 969 0.9255265 2265 0.91981006 5081 0.9069705 3262 0.8988889 2315 0.8939568 571 0.89379483 5274 0.89377946 4460 0.88899434 340 0.885953 2711 0.88292867 3992 0.87604344 1289 0.8523581 2191 0.8359742 4513 0.8344199 6275 0.8236814 1964 0.8072616 1790 0.8067134 1961 0.80448616 909 0.7856342 2748 0.78440523 2660 0.781429 4650 0.77804035 37 0.774975 1002 0.7710218 2433 0.7692033 5080 0.7642254 
656 0.9333488 6280 0.9283572 2163 0.8957369 1632 0.89359 1093 0.88144565 1805 0.8810462 4491 0.8781662 5570 0.86971045 3598 0.8546857 1242 0.85424656 5054 0.85328054 2008 0.83384085 3202 0.83158416 3797 0.8287934 1553 0.8151846 4204 0.8149556 5612 0.8129275 1610 0.8120404 6239 0.80396694 4136 0.8007702 5410 0.79761577 1826 0.79688394 2339 0.7959842 119 0.7948012 418 0.7913912 6006 0.7891932 52 0.787442 294 0.78507906 375 0.78439194 1243 0.7825858 
5472 0.7051418 2893 0.65612626 1043 0.64625686 2905 0.5140659 1042 0.4509093 1152 0.4280158 5902 0.4062758 6170 0.39854804 5357 0.36271033 613 0.3403632 6136 0.32742766 1041 0.3027855 968 0.29753104 5567 0.28666833 2894 0.2766823 4676 0.25339827 5562 0.24768451 5400 0.2202396 4695 0.21868107 2366 0.20566839 205 0.19549158 464 0.19143528 5015 0.19040282 5132 0.17489193 1792 0.16091262 2713 0.15231414 2077 0.14994544 4464 0.14662181 4174 0.12964094 4352 0.12875932 
6544 0.7437886 4915 0.7212938 2986 0.6796633 5801 0.6616795 5778 0.660357 5799 0.6550129 921 0.62066877 6451 0.61532176 1050 0.6092664 4958 0.6060709 2754 0.60389185 4813 0.5654831 6183 0.56289536 1219 0.5579125 4047 0.5509179 505 0.5382477 6285 0.5341329 4157 0.52970964 5585 0.5273518 2893 0.52493954 3311 0.5227431 55 0.5111078 776 0.50704396 459 0.50224876 3502 0.49819583 3945 0.49286756 1897 0.48423058 2611 0.48149306 590 0.48007056 4321 0.47130638 
1683 0.8163116 495 0.7312855 3179 0.67374927 1708 0.6732749 4957 0.61153686 521 0.5963069 4440 0.56582725 2869 0.55441695 6341 0.5499592 2302 0.54851514 399 0.5382983 1462 0.5373239 3899 0.53349173 485 0.529198 6519 0.5253946 310 0.5222482 5985 0.5209733 5156 0.5195524 4943 0.51700675 241 0.51586986 5325 0.5112614 861 0.50100625 265 0.4990474 1490 0.493773 876 0.49295172 6436 0.48441476 2604 0.47961384 5878 0.47404787 4938 0.4720778 4638 0.47165433 
1275 0.9025247 1525 0.86221606 4049 0.84286904 10 0.8391099 572 0.8327501 5606 0.8291331 1945 0.81978285 4018 0.812413 4532 0.8036388 2922 0.7803952 2240 0.7762933 1193 0.7644666 2920 0.7553486 4110 0.74896306 2444 0.7439433 1893 0.74350727 2819 0.74135023 4133 0.73246604 1890 0.73118883 4503 0.72868776 4751 0.7280849 3814 0.72279835 4094 0.71652395 1116 0.71427417 5075 0.7045044 2504 0.7039831 1565 0.701791 4925 0.6978172 6222 0.69429743 5748 0.6832376 
4133 0.35044944 132 0.28736323 2365 0.27934408 1091 0.27332774 3884 0.26468092 2385 0.21140884 1234 0.21109855 1059 0.17922941 6179 0.1731865 24 0.16369015 2408 0.15552329 1009 0.15042898 1701 0.14185078 3285 0.13611373 960 0.12395108 42 0.12103577 537 0.11908142 560 0.10876378 1340 0.09691003 3195 0.094702296 2155 0.088529155 6155 0.08757956 1720 0.08644092 2647 0.0713907 899 0.06393447 5348 0.051019885 5086 0.05088743 5332 0.0468271 3917 0.045243494 1041 0.029720817 
1436 0.9627877 3768 0.91886544 2826 0.9111997 4605 0.9041451 123 0.8538581 570 0.84813523 2288 0.8367464 3220 0.8302044 2979 0.82693374 3127 0.8268764 1373 0.8196992 4503 0.81628966 3769 0.7940064 4 0.7805357 969 0.7619963 3678 0.7610159 4604 0.7575414 31 0.75089586 1810 0.74447477 2039 0.7390594 6255 0.735602 2512 0.734143 33 0.7257002 1282 0.7251733 901 0.7247077 502 0.7107377 644 0.7105129 2118 0.709981 1656 0.7067253 4113 0.6981689 
2749 0.90609473 909 0.8013361 748 0.79133344 477 0.7679961 884 0.7391185 4507 0.70842636 3243 0.7070935 530 0.6998162 2172 0.68751293 5248 0.6815104 3835 0.6700683 4569 0.6681832 6344 0.64553994 4189 0.6429698 2954 0.6420728 4495 0.64108294 1419 0.6401074 3340 0.6389418 4780 0.61667746 6176 0.597273 2712 0.5967201 5050 0.59617746 5183 0.5890637 5140 0.58868665 1878 0.5835682 1014 0.5720545 6165 0.5708589 3016 0.5699518 326 0.56814826 6365 0.5601077 
1140 0.9916373 1139 0.98531795 1145 0.98377836 1143 0.9789942 1142 0.9766013 4867 0.95848435 1474 0.95202434 6166 0.9486288 5098 0.94153064 6453 0.9306456 5393 0.9262109 1687 0.91406554 2097 0.91082484 3156 0.90592915 6374 0.90004337 1478 0.89646393 1138 0.8873696 2052 0.8836761 6247 0.8829896 1052 0.8808618 1688 0.88046813 5908 0.87666345 3340 0.8733846 541 0.8703049 2920 0.86639553 5060 0.8628187 5244 0.8584992 1419 0.850204 6424 0.84898424 4262 0.84546494 
5452 0.96473294 4973 0.93581885 2203 0.92977613 6168 0.9260193 1695 0.9212444 5774 0.9204359 3160 0.9160575 2907 0.9109171 420 0.89229643 5792 0.8902322 4048 0.88680756 3084 0.8818538 1803 0.8764499 5721 0.87485373 4711 0.8715186 1697 0.8695436 5323 0.8659813 283 0.8659386 5357 0.8625672 2758 0.85948956 1495 0.85435057 5394 0.84670407 2776 0.833134 4532 0.8312416 4063 0.8285826 6572 0.82745546 1118 0.8178017 1971 0.8170803 1662 0.8100367 6324 0.79667807 
1154 0.9782265 3947 0.9410865 1155 0.940748 2241 0.93469405 1156 0.91204345 1684 0.9009056 632 0.8981654 231 0.8972895 392 0.87522554 133 0.8468224 208 0.8426907 5197 0.82757455 1455 0.8149662 1724 0.8044199 3948 0.7996265 731 0.7981345 827 0.78875 344 0.7753635 169 0.7695465 4966 0.7693122 5347 0.76096493 6064 0.7495764 2708 0.73128265 80 0.73045224 5450 0.73030627 3968 0.72188264 1706 0.703228 2514 0.6830325 2510 0.6792133 820 0.6743895 
5752 0.95109373 349 0.93237025 2467 0.91513085 4036 0.9016172 3287 0.8760737 5482 0.8535849 2988 0.83816963 220 0.8354902 5054 0.8286773 3437 0.8258274 2686 0.8161928 853 0.80068856 1924 0.79786927 5126 0.7955199 6020 0.7917212 5894 0.78809106 4537 0.78788984 4982 0.78620285 6125 0.7810249 4369 0.7744731 5304 0.76080954 5937 0.7439646 5787 0.74182665 4167 0.741054 766 0.7405486 5067 0.7341419 4259 0.73364383 3024 0.72903335 4017 0.7257476 4637 0.72496444 
1421 0.4630427 3646 0.45114857 897 0.41542745 2142 0.4134893 3677 0.3954071 4291 0.327215 4937 0.30918774 1018 0.30241278 2299 0.28983277 6009 0.27762237 5010 0.24981348 2112 0.24445973 6284 0.23814493 4622 0.2195807 2469 0.21393263 3991 0.18670082 1041 0.17690603 2677 0.1761253 2987 0.16739614 24 0.16538692 6451 0.16306749 2535 0.1390018 45 0.1345491 4560 0.1317381 3975 0.09982199 2320 0.099134825 5603 0.09381398 2799 0.08828503 4994 0.07733011 3900 0.07661175 
1801 0.91411936 3722 0.9022092 894 0.89330065 157 0.88555783 464 0.8775236 3661 0.8728033 4359 0.8675472 997 0.8669856 6524 0.8647146 2444 0.86384803 1795 0.86307025 1501 0.855519 6032 0.85511726 5755 0.85296357 2173 0.84236926 6283 0.8414319 4751 0.83518696 4079 0.8326178 201 0.83077306 2227 0.82411546 3582 0.813427 4018 0.80195206 11 0.79324883 3126 0.789063 1503 0.788215 3061 0.7853173 1623 0.7815231 5052 0.7781108 1499 0.77733386 6148 0.7689847 
5989 0.8398431 5263 0.818947 5443 0.75533724 2812 0.75054884 4978 0.7497493 5571 0.7440611 5596 0.7190879 6204 0.7149717 55 0.7027026 73 0.69982475 4916 0.6981623 3787 0.67790526 4372 0.6767142 3447 0.6715195 6511 0.6514202 4387 0.6423317 3373 0.6204731 4157 0.5937818 3980 0.586248 196 0.5790132 2173 0.57595307 2918 0.57407296 1493 0.56887555 3502 0.56341064 2739 0.54615915 5103 0.54498076 3267 0.5449424 6229 0.54396725 4139 0.542451 1525 0.53991264 
3357 0.85796845 2847 0.8540185 1813 0.8289818 215 0.82191247 217 0.819697 2792 0.8013591 447 0.74956286 4010 0.7467028 4379 0.7441487 1415 0.7402669 3829 0.72560847 718 0.70724934 3619 0.70631003 1755 0.70493096 2241 0.6986385 5848 0.69123614 2475 0.68427116 3356 0.68100846 3197 0.6761314 1257 0.66823244 4099 0.66681623 1426 0.66035897 3086 0.6590151 5226 0.65667206 1015 0.6384267 2367 0.637915 3045 0.63664716 2416 0.6353572 5847 0.6296415 4467 0.6279451 
1260 0.98143446 4782 0.95074916 130 0.9343954 4069 0.9144141 602 0.89799434 457 0.89317465 2590 0.88883996 5660 0.8848515 792 0.87524766 3636 0.8749532 4783 0.87016267 6598 0.86169976 6375 0.86004287 2215 0.85746396 4702 0.8559174 6177 0.8559079 5219 0.8508545 2104 0.8501647 5522 0.84752905 5262 0.84349936 249 0.84254366 3388 0.84039015 5447 0.83788633 228 0.8304314 5570 0.82919216 4988 0.82776 5300 0.82451886 5221 0.8241788 2687 0.82417 4383 0.821013 
4871 0.9219811 157 0.91159254 5177 0.8893593 5662 0.8831257 874 0.8826426 5774 0.8284658 903 0.82412004 4775 0.8180583 5510 0.8024103 5787 0.80068713 5516 0.8004572 5910 0.78811276 6140 0.78726023 5452 0.78333634 5773 0.7658168 1870 0.76535165 3242 0.7608016 4973 0.756564 6444 0.75214446 5263 0.7408327 2523 0.7323217 6010 0.7314596 6168 0.7272172 3259 0.725054 3611 0.71938527 1270 0.7184316 5689 0.7137633 249 0.71315074 6266 0.7115914 6272 0.71040434 
5087 0.9799353 1467 0.97096694 4120 0.96967965 5430 0.9621719 5035 0.9598827 4143 0.95869666 5879 0.9566877 2780 0.94962543 265 0.9472659 6015 0.9466678 3660 0.9454946 5345 0.9439594 1850 0.9437862 5261 0.94264644 4967 0.9421488 2416 0.9419203 4733 0.940719 56 0.9379171 4282 0.93705565 3925 0.93576926 3996 0.93574023 5063 0.9350888 5435 0.93426657 1848 0.9337314 1189 0.9322533 6599 0.93183184 3673 0.93047136 378 0.9301082 5987 0.92979664 4317 0.9285401 
5964 0.8180718 5461 0.7836561 1411 0.7722483 5225 0.7721283 3667 0.768143 731 0.7521653 4751 0.7517589 5000 0.74828076 1333 0.7330902 3755 0.7154693 2931 0.71358716 740 0.709843 169 0.70048803 2604 0.7003522 4199 0.69067293 1661 0.6619127 1166 0.6614951 2118 0.64844817 2480 0.64405125 648 0.63539785 5703 0.62187415 2240 0.61663234 3796 0.61626387 1684 0.610071 2627 0.59713453 6596 0.58001035 4724 0.5755754 2579 0.57079244 3145 0.5700074 5551 0.56626153 
4210 0.84583074 440 0.78521293 782 0.7544038 983 0.74468297 1163 0.7251347 2024 0.6605488 2119 0.6503358 3333 0.6469804 2361 0.64470226 4947 0.60519135 3285 0.59957457 4948 0.59287727 4029 0.5924458 3626 0.5915972 1482 0.58966434 6294 0.5856209 1582 0.58516145 1882 0.580918 4085 0.576246 432 0.57407874 123 0.5674407 2084 0.5644014 5639 0.5550843 1840 0.5549767 3364 0.5517951 5387 0.550501 2700 0.5504877 1407 0.54972166 1824 0.54857785 4484 0.54129684 
4105 0.843641 3925 0.8262243 971 0.7751574 3691 0.75381833 4936 0.7496286 4023 0.7185198 969 0.71482927 4640 0.7147625 2239 0.70810515 48 0.6860316 2539 0.6794237 4267 0.6669379 4132 0.6279402 2137 0.60736305 1598 0.591013 340 0.58198136 2682 0.5770608 6107 0.56969 4268 0.564324 488 0.55037606 4503 0.54428375 133 0.5437265 2118 0.53502005 3939 0.5306709 1155 0.52943426 3937 0.5287396 4021 0.50585485 5518 0.5047687 3225 0.50012517 4106 0.48326963 
2501 0.8496543 2101 0.8307273 4317 0.82606393 5967 0.80668485 2674 0.7981089 6482 0.7873198 1314 0.77810633 4316 0.76308835 4077 0.75557816 2780 0.73952466 2733 0.73185724 6026 0.72351426 6480 0.7183954 4593 0.70894575 2881 0.6992859 1697 0.69835055 4967 0.6931562 6481 0.6764864 279 0.6742326 1315 0.6582377 3534 0.65457064 5916 0.6507111 265 0.6398275 3179 0.62848485 1316 0.5976916 1723 0.5975938 6439 0.58918667 2758 0.588393 4049 0.58647025 6550 0.5855165 
2118 0.87531275 2189 0.8407517 6635 0.81699216 2240 0.8116603 6237 0.79140484 4831 0.7850851 693 0.77460176 4920 0.773141 6382 0.7620652 5016 0.7496363 4360 0.7483395 1498 0.7477889 5879 0.7289707 3801 0.713954 4378 0.7128979 2639 0.71027595 5575 0.7097011 854 0.70609295 1773 0.6991537 3681 0.6990097 5345 0.6962558 3531 0.69509435 1511 0.69332176 1163 0.6885706 899 0.68839103 6469 0.68620473 3545 0.6861979 4630 0.6807979 1574 0.6727109 6255 0.66440064 
5624 0.96532035 5323 0.9622547 5263 0.9592015 5890 0.9528676 6387 0.9490773 2795 0.94090325 4276 0.93874615 4020 0.9357626 249 0.9355717 2907 0.93454313 5985 0.93279964 5307 0.9325443 6206 0.92939526 5178 0.92787945 3746 0.92423534 4921 0.9224545 283 0.9217273 1362 0.91942716 4653 0.9143976 1495 0.91435164 565 0.9135739 4003 0.91288775 6572 0.9119616 2073 0.9110414 792 0.9089008 1517 0.90871453 2758 0.9071386 3918 0.9070734 5566 0.90624803 1526 0.9053777 
1593 0.98523635 1366 0.9735866 6036 0.9611436 5887 0.9601343 2587 0.9594563 466 0.95808744 49 0.94600296 1879 0.94218004 4007 0.9362799 6161 0.93571377 3245 0.93567944 750 0.93159 3343 0.92528033 1776 0.925204 3010 0.91350514 592 0.9111627 4109 0.9054939 5139 0.904504 3342 0.9036762 6162 0.90064436 2897 0.8946697 467 0.89142424 4017 0.8900731 6192 0.88696045 3815 0.88577116 2392 0.8847887 3093 0.8846032 2228 0.8814398 2393 0.88111705 1030 0.8786306 
6267 0.9822451 803 0.9786487 2200 0.97331846 4196 0.971906 3835 0.97018933 4195 0.9665952 5556 0.96610683 484 0.9633454 2643 0.96220577 4721 0.9607992 1107 0.95970684 4759 0.9591386 2510 0.9590029 5213 0.9589459 5548 0.9541805 6123 0.95027155 2726 0.9489071 6206 0.94643104 416 0.9431834 3397 0.9421234 5109 0.94085073 6053 0.93672866 6285 0.93430525 5980 0.9317211 5952 0.9309201 4189 0.9306911 5254 0.9297405 3215 0.92935044 3074 0.92470104 5329 0.922745 
3393 0.9958753 2302 0.99414384 1372 0.99320906 1870 0.99298495 32 0.99220914 4649 0.9921631 2240 0.99184895 3113 0.9911912 2296 0.9886913 3220 0.98796153 5196 0.9859105 2061 0.9833028 2826 0.9821451 5985 0.98211664 2190 0.98085916 477 0.9802752 2984 0.97890395 1871 0.9783676 1436 0.9783199 420 0.97715145 3242 0.9768902 5624 0.97568077 4324 0.97523135 570 0.97411114 1881 0.97271633 2301 0.97202206 24 0.9716824 2 0.96950674 6572 0.96941197 2700 0.96912926 
1797 0.9668669 3310 0.9296436 731 0.87375444 1700 0.86876553 2301 0.8311272 2142 0.81339777 6322 0.8057265 1629 0.77036345 1395 0.75542825 1233 0.7524505 609 0.73833984 1319 0.73515093 1393 0.71656084 4896 0.7017602 3392 0.6986816 454 0.6925975 1300 0.68651026 970 0.6848835 2847 0.6799212 133 0.67793876 3585 0.67088324 4091 0.66414213 1038 0.66369337 1082 0.66185695 766 0.66056657 1262 0.65961945 4501 0.6573886 414 0.6572225 937 0.65196675 27 0.64762056 
1182 0.7040261 6012 0.694445 242 0.5621906 6203 0.4974305 3848 0.48814175 1503 0.4774981 5967 0.44082806 679 0.43314368 3166 0.41470402 4165 0.40096056 2580 0.39798075 3039 0.39063755 5387 0.3828735 784 0.37860775 6553 0.36987543 3874 0.3642216 6561 0.36141735 1280 0.34840053 4786 0.3429662 1701 0.33590466 88 0.33385938 2182 0.32272658 1747 0.3175836 2028 0.31680295 1416 0.29867256 4950 0.2931506 6458 0.27652222 4025 0.27501944 2646 0.2709297 2430 0.2690436 
1420 0.9851667 6142 0.96250975 2047 0.95133084 2891 0.926073 2858 0.88872045 2463 0.8885574 4601 0.8818517 3684 0.86046946 130 0.8540982 1676 0.843562 1635 0.8387678 6408 0.8124234 1088 0.8007162 6525 0.7987897 3621 0.79200965 3043 0.78360075 2358 0.7788781 2569 0.77711564 2647 0.77223045 457 0.7671889 4017 0.76633596 4048 0.7611853 5136 0.7585059 3564 0.7527417 3890 0.7519283 1037 0.75024027 4163 0.74360293 5074 0.7385759 3315 0.72023624 2494 0.71919787 
3972 0.9729657 3762 0.9492671 3122 0.9475771 3508 0.8745723 1433 0.85073334 2804 0.7922329 5091 0.79118466 5052 0.7263011 3121 0.7011515 636 0.6974755 207 0.68448853 2142 0.6830407 5501 0.68099874 6593 0.67823106 1154 0.6719679 2579 0.67146444 3509 0.66672873 568 0.657751 4049 0.64486104 2679 0.64301884 6485 0.6310569 641 0.6273099 2330 0.6198571 6416 0.6168488 5514 0.61500496 176 0.6129993 1688 0.61136943 2503 0.6085808 3301 0.60175735 4473 0.5831099 
5689 0.9335602 4172 0.9279478 4270 0.91788185 2733 0.7927791 2330 0.7903679 320 0.78439206 3161 0.777623 4394 0.77720046 5670 0.7631109 608 0.7625362 2404 0.7558259 5035 0.7471145 5087 0.74711215 5032 0.7367425 3144 0.73634183 1086 0.7276039 4171 0.7245167 2503 0.7004414 4145 0.6952502 1958 0.6922907 4125 0.6877448 3439 0.6813685 4316 0.6758428 6511 0.67496884 6091 0.6719059 413 0.6696398 2825 0.66256106 2345 0.66246164 2328 0.66081256 3464 0.65334576 
420 0.939431 5987 0.93348 5714 0.9294733 4227 0.91413105 4105 0.90428543 3024 0.886901 6496 0.8832842 2614 0.8689428 3041 0.85488164 322 0.8430977 5721 0.84069985 2560 0.8361331 4497 0.83172786 5476 0.8193213 5263 0.8153807 1411 0.81185466 3773 0.8104862 5985 0.80999196 3698 0.80848527 6229 0.80743724 5648 0.8071502 5710 0.79581004 3541 0.79484594 5477 0.79006076 2551 0.786434 4498 0.7858061 6447 0.78334606 1153 0.7783287 5261 0.7669225 2733 0.76442516 
1490 0.94794244 6026 0.90166175 2971 0.87563497 6480 0.86422104 635 0.8627811 2706 0.84375286 3652 0.8434818 4835 0.8350981 4498 0.834808 2496 0.82532495 1785 0.8177149 2944 0.7678337 5672 0.7664204 4517 0.76145077 1154 0.75756425 2513 0.7527406 5162 0.74721134 6481 0.74545383 5671 0.7442505 3310 0.73094773 5703 0.72550887 5705 0.7127879 4106 0.69765997 1155 0.6964003 6128 0.6898523 4593 0.68913656 3227 0.68181866 2501 0.67496663 5115 0.66702235 6482 0.6587024 
3247 0.8422707 5479 0.8073483 2416 0.76864916 5197 0.7600317 309 0.74865025 632 0.7144841 3841 0.68621147 3176 0.67089677 4858 0.6643217 2195 0.65689933 4689 0.6426131 1496 0.6317702 5150 0.63073003 5838 0.62842864 2241 0.60818714 164 0.5835567 6298 0.58213484 4340 0.5727101 1781 0.55383414 1497 0.55176026 360 0.5456353 89 0.5275941 5036 0.5261166 4292 0.52149004 4594 0.5107258 409 0.5049281 5322 0.50251704 2729 0.5015145 2495 0.49744597 5426 0.4970255 
127 0.7586457 202 0.6888855 1528 0.65777117 3225 0.5879856 4501 0.50121355 3865 0.42804894 3834 0.36149502 4444 0.3421593 4727 0.33430758 1262 0.29506513 6160 0.27605423 397 0.2547655 1814 0.24861832 2931 0.2479789 3224 0.24570914 2239 0.24440466 487 0.23885457 4638 0.23334125 828 0.22723094 4763 0.17124343 3205 0.16772072 5072 0.1586142 3263 0.15854691 5858 0.15660056 4418 0.15199244 5465 0.14644116 4067 0.1454955 2408 0.13951047 1895 0.13847052 1326 0.13139193 
1539 0.95682764 5984 0.9490098 4018 0.9454577 5466 0.9270336 4073 0.92610484 4789 0.9243398 244 0.9141774 4351 0.91204405 6634 0.9102162 202 0.9049944 3666 0.9029629 3742 0.9026138 4578 0.8945506 6026 0.8914536 2497 0.8889519 4900 0.8784812 6493 0.8754493 6512 0.8720624 1795 0.864992 3942 0.8642432 3116 0.86144876 5858 0.8602407 4792 0.8592628 1883 0.85482484 2780 0.8488343 5184 0.84603614 2772 0.8454359 6017 0.84100544 5136 0.8409171 2501 0.8385141 
389 0.92500126 5298 0.91446173 4586 0.9115212 654 0.9069466 3889 0.8987551 3102 0.8914716 3128 0.89008164 976 0.8828406 5646 0.87790567 390 0.87640464 270 0.8759892 2463 0.8724212 349 0.8670355 1282 0.8658113 5913 0.8546618 4277 0.8543521 2509 0.8522744 1544 0.8405393 4049 0.83447766 4172 0.83081686 420 0.8293116 3247 0.8211775 1777 0.8170794 1680 0.8081058 5912 0.8063971 2297 0.79902196 3118 0.7951864 2106 0.78556687 2861 0.7841746 2895 0.7837645 
6502 0.8868802 5565 0.8780133 1559 0.824462 118 0.724476 2751 0.6990677 1153 0.6805899 3792 0.6458732 632 0.6262713 1174 0.61465776 980 0.6098185 1968 0.606472 5624 0.5998327 5172 0.5975998 3902 0.593126 3473 0.5843022 5055 0.57065547 1721 0.5601139 3472 0.55797666 1216 0.538565 837 0.5277412 3752 0.52427286 82 0.5194709 5623 0.5069497 185 0.5033127 196 0.4966536 186 0.49594212 434 0.49011043 729 0.47235367 2591 0.4706446 4668 0.4618415 
5271 0.9906514 2131 0.98509765 3896 0.9843597 1132 0.9840074 1419 0.9827211 4145 0.9788787 1711 0.9784313 5247 0.978325 4705 0.97333384 5408 0.9701651 2125 0.9697095 5680 0.96598464 6176 0.96582866 604 0.9657489 4524 0.9656292 1571 0.9656087 6129 0.96503985 1294 0.9636268 4601 0.96302325 3919 0.9624721 4986 0.9619413 5820 0.96151304 2342 0.9599969 2226 0.95794946 6464 0.95780945 1679 0.95710117 5277 0.9565803 5827 0.9557543 191 0.95554817 5032 0.9553169 
1553 0.9557622 1206 0.9287776 5746 0.898558 5245 0.8977722 6420 0.8742302 3815 0.8697825 5605 0.86644024 3685 0.86126405 1889 0.8513589 2451 0.85104054 3232 0.8506897 5810 0.83843726 6037 0.8215701 2447 0.81833506 4873 0.8153127 3010 0.8042094 2545 0.80327016 3388 0.8016951 5491 0.792763 2375 0.78391445 2402 0.78263086 4280 0.7809028 1275 0.7807912 4111 0.77838063 1522 0.7629583 5271 0.75068533 4707 0.7506127 375 0.7472956 5921 0.7459955 999 0.7433543 
3300 0.6599436 1556 0.5722486 1555 0.54369295 4716 0.54095405 3096 0.5383153 3864 0.53176355 2707 0.44928184 1560 0.39070544 4174 0.3616614 4417 0.3601066 1041 0.32589382 88 0.31850654 1240 0.2640491 3446 0.2515006 3299 0.25070658 4401 0.24502999 2579 0.23963441 5235 0.2372443 4237 0.21295248 5442 0.18631674 5443 0.17224063 1058 0.15640119 3261 0.15098633 1100 0.14165269 1701 0.13534848 6107 0.12449181 3301 0.122329295 2955 0.1134298 680 0.11209526 5850 0.11051818 
1274 0.9357872 1583 0.93516934 1518 0.92862856 5990 0.90262985 937 0.8970693 3101 0.88517714 2358 0.8734266 1521 0.8663467 5050 0.8559183 578 0.851472 1275 0.850914 5377 0.8495494 2047 0.8493535 3705 0.84633505 5921 0.8456512 2387 0.8425398 4228 0.84143865 3044 0.83632225 5641 0.8361276 1954 0.8335863 1879 0.83124757 4141 0.83090526 6102 0.83071953 5696 0.8216891 4171 0.81855977 1225 0.81817526 1582 0.81110317 6242 0.8094046 5546 0.8089206 1267 0.8045216 
4453 0.8498516 3161 0.84177685 2195 0.8388485 1826 0.8281016 996 0.8105174 3453 0.8053818 1761 0.79429644 3357 0.78432554 447 0.77232647 5461 0.766829 4779 0.76265126 1486 0.75993526 3850 0.74498546 3534 0.7397993 3849 0.72059005 1009 0.6994625 217 0.6991761 168 0.6991376 1812 0.6989124 6390 0.6883 3702 0.68616897 5954 0.68226784 2726 0.67530894 5462 0.67381775 11 0.6694919 3162 0.6654342 3813 0.6622724 3243 0.66016096 1762 0.65956247 5575 0.6579504 
2538 0.938952 3878 0.92067766 1598 0.8773222 5361 0.84375733 1552 0.82576555 2536 0.8190312 32 0.81867063 3577 0.80978936 1187 0.8025105 1917 0.80189747 939 0.787188 2580 0.746394 1003 0.7323215 548 0.71782905 2351 0.7112825 2539 0.7049102 2352 0.6866147 3768 0.6747821 1724 0.67303 2535 0.67114246 4548 0.66897774 4565 0.667021 233 0.6629824 896 0.6460428 3848 0.6267391 2746 0.6156083 33 0.6122685 1331 0.5878141 6623 0.5792936 1332 0.56524867 
5989 0.9133833 312 0.90471 3990 0.8870965 981 0.81726426 2726 0.8160119 5461 0.80172795 5476 0.80013514 1706 0.7910409 5261 0.7862043 4733 0.7842729 738 0.7840812 3451 0.7733464 2560 0.7695063 3846 0.76310176 6115 0.7590312 3318 0.7502157 274 0.7466687 1622 0.74297386 1610 0.7270461 2009 0.72260803 2547 0.7190951 4750 0.71868163 5985 0.7151827 2863 0.71211195 880 0.7105736 1609 0.7021951 5341 0.6944667 3051 0.6942519 484 0.67953855 2749 0.66010636 
1619 0.9341403 2512 0.8930567 4980 0.7991412 1618 0.79224557 2682 0.7872953 1647 0.78041387 1761 0.7722651 2664 0.7653398 3849 0.75618947 550 0.7519675 4121 0.7489231 4057 0.7447782 570 0.7090376 2039 0.68384147 431 0.66731316 3517 0.6663537 2683 0.66049695 4605 0.65740603 3699 0.654578 3768 0.65186954 2137 0.64122015 3938 0.62830925 3516 0.61735386 2286 0.6172142 3096 0.6135411 551 0.60472286 200 0.59369993 124 0.584647 4907 0.5745285 4454 0.5670897 
5575 0.99732524 5007 0.99562776 5008 0.99523604 3534 0.9950249 2368 0.9946432 5461 0.994596 5081 0.99440837 2415 0.9926562 1586 0.99151766 2367 0.9914582 5747 0.9909279 2042 0.9902675 2416 0.9897274 2459 0.9879705 2433 0.98786485 1587 0.9813743 6075 0.98073137 3451 0.9807272 2071 0.98013484 1826 0.9784856 3518 0.9761561 2117 0.9753916 1624 0.9746687 5297 0.97297245 2789 0.96795416 1626 0.9676922 3453 0.9646671 5848 0.96343935 5288 0.9624383 5824 0.96209216 
3179 0.8735618 375 0.8592434 3166 0.84495586 6052 0.8276928 1691 0.7967917 3285 0.79500073 2171 0.7920909 1626 0.77447855 1586 0.7702109 3280 0.76028883 5967 0.7584544 4753 0.7583959 4067 0.7537418 2189 0.7531415 2368 0.74414736 2467 0.74277884 2034 0.74039775 18 0.73945296 6414 0.7330905 262 0.7314683 4661 0.72529006 6410 0.72234863 1182 0.7064607 4296 0.6989129 1127 0.6895244 5675 0.6893198 2940 0.68819624 3113 0.6818275 5417 0.68096614 4061 0.6799737 
6077 0.96141255 1011 0.9550596 4668 0.9198124 2885 0.89415455 1199 0.8908116 1010 0.8829529 5451 0.8763529 1637 0.8653012 5762 0.8592965 4135 0.844163 4669 0.8357725 6344 0.8320221 5393 0.8305969 776 0.8273711 3447 0.82711565 5589 0.7951166 4491 0.79441917 5204 0.7800895 5760 0.7735095 5266 0.7710768 3066 0.7557715 5926 0.750902 2328 0.74283165 2635 0.7406638 1636 0.73671633 5648 0.73633087 318 0.7351544 2808 0.732186 5688 0.73055625 6366 0.73007065 
264 0.94824237 1934 0.94288015 1067 0.9416577 589 0.94120324 3393 0.9196305 40 0.91338867 1059 0.9097135 3531 0.9064483 2551 0.904367 3144 0.902882 2496 0.9017255 4595 0.8964091 2501 0.89517385 633 0.8947043 210 0.89467293 3952 0.8943519 4355 0.8940335 1884 0.8938119 4441 0.8917445 2706 0.8887962 1436 0.8854296 2338 0.8853856 241 0.88341516 2758 0.8816853 6379 0.880838 214 0.87127393 5721 0.8643935 5994 0.8643248 565 0.86317223 4152 0.8620147 
4015 0.9185578 3956 0.9088767 1645 0.8861204 3514 0.88197774 3319 0.8658624 3618 0.8635536 2376 0.83961594 666 0.80199605 1644 0.78999037 3321 0.7862326 4823 0.7670801 3166 0.76124054 1308 0.7497696 1322 0.7456538 3617 0.7409471 5673 0.737782 5474 0.71017855 3957 0.7017694 2979 0.70132744 3035 0.6954236 6631 0.6834083 5643 0.67779887 6060 0.67340404 1040 0.6649361 1716 0.6600669 2726 0.6447542 4040 0.63842094 2410 0.6363276 3378 0.6254206 752 0.6215664 
5793 0.79851514 4839 0.78889966 3787 0.6776669 4177 0.6443085 6510 0.62089175 804 0.60186386 6530 0.5640228 5633 0.55188274 6402 0.53845984 399 0.53352416 2414 0.5217932 1178 0.5185295 2810 0.51457995 5086 0.5030748 5773 0.50127786 3090 0.5002693 3636 0.45933086 2712 0.4438743 3066 0.4327017 6206 0.43225542 4065 0.41393685 3776 0.41156307 1876 0.40769738 3381 0.4047294 3306 0.4014586 6103 0.399355 2959 0.3962477 4875 0.39530846 1041 0.36947167 6260 0.36900747 
5397 0.8771627 885 0.85519344 5605 0.82813 5526 0.8180569 3049 0.8092853 5196 0.80045944 5632 0.7873477 5408 0.78253853 5166 0.776273 3438 0.7760645 1619 0.7753248 648 0.767138 602 0.7661794 786 0.7639377 5747 0.7606626 1107 0.7554108 1952 0.7435157 3945 0.7401444 3996 0.7225702 4187 0.72170335 1674 0.70743716 2504 0.70222765 6605 0.70156115 2885 0.69710654 3255 0.6928873 1879 0.690433 2754 0.6881698 4780 0.68726134 1781 0.67619306 6137 0.661585 
2358 0.9647806 3821 0.94096196 3168 0.9234238 2342 0.9211999 4397 0.89958405 396 0.8975377 159 0.89088523 2018 0.8904274 748 0.88733155 4005 0.88447493 3327 0.87315536 1458 0.86940646 5901 0.8645351 1166 0.8601659 2284 0.8572864 188 0.8561021 5514 0.84868956 5853 0.84546685 654 0.839616 4654 0.8372822 4250 0.8340177 286 0.83079624 1688 0.8280729 5748 0.8196113 6440 0.81829274 5676 0.8158567 3544 0.814298 6539 0.8138956 5277 0.81043303 5294 0.80753756 
3799 0.9527223 2373 0.9129834 4634 0.8956319 5945 0.8898095 4162 0.88827765 2371 0.88087255 5669 0.87313306 6105 0.8668572 5810 0.8536459 4250 0.85050595 3042 0.84664947 6042 0.8443134 1480 0.8441485 1553 0.8436591 5531 0.84309804 5821 0.8410629 6162 0.832722 6425 0.8305518 2749 0.8256703 6223 0.82460195 3885 0.81990945 5001 0.81599694 3685 0.815609 2341 0.81289965 1478 0.8091352 4949 0.808466 4505 0.807687 2533 0.8066231 5148 0.7996517 5720 0.79290533 
2112 0.81087714 4209 0.77997607 4826 0.7241695 3895 0.635324 4485 0.61734104 6077 0.596957 1135 0.5945277 2096 0.5547204 1041 0.5344344 4589 0.53438926 399 0.530479 2256 0.5211127 347 0.49469763 3702 0.49373505 2429 0.46442366 4964 0.4607172 2604 0.45489022 5858 0.45444575 393 0.44933173 6308 0.4376046 5355 0.41369885 4166 0.40847525 703 0.40725234 3128 0.40428072 2770 0.4027578 3209 0.38762906 4320 0.38584903 1116 0.3855162 4798 0.3765005 6257 0.3743351 
6154 0.92734635 3214 0.9021644 2330 0.88534474 4678 0.8741113 4095 0.86006415 6436 0.85940325 4235 0.8519069 5929 0.8450867 2229 0.83762485 3784 0.82943445 5016 0.81654894 4338 0.8151681 1185 0.8116192 4828 0.810184 5721 0.8076038 5044 0.80073905 4517 0.8003032 6544 0.7956769 2246 0.78847575 5824 0.7854093 5266 0.7787819 4097 0.77868754 6255 0.77748406 4177 0.77642095 894 0.77280563 5689 0.7711397 5261 0.7645043 3112 0.7605751 6077 0.75500935 201 0.75395715 
1698 0.88460416 5106 0.7461247 2376 0.7191565 4951 0.7179014 157 0.66981506 5170 0.6302659 3520 0.6223031 4136 0.60610235 770 0.59945846 4902 0.5853772 2493 0.57150155 4846 0.57127666 5770 0.5698737 4338 0.5647188 3945 0.5599308 3583 0.55660975 6375 0.5224954 4204 0.5170151 510 0.5157245 2651 0.50144804 1098 0.4969243 5879 0.48753908 4755 0.4870344 830 0.48685768 4920 0.47726497 6565 0.47687793 5221 0.46984774 5771 0.46322244 5839 0.4515327 2423 0.44403052 
3624 0.8468877 477 0.60463214 1178 0.5881358 1723 0.58639157 5058 0.5796883 380 0.55859596 27 0.5572809 5985 0.5452792 2047 0.5338416 4318 0.52421975 1307 0.5178457 2245 0.49299815 1972 0.49292168 390 0.49282223 2739 0.487356 3841 0.4865202 3687 0.47047454 5737 0.46460113 3576 0.45657772 5104 0.4519302 2196 0.44192883 5785 0.42836204 565 0.4221926 1613 0.40807423 6196 0.3934371 5541 0.39216483 3441 0.3886354 3202 0.38540402 412 0.37554294 3128 0.37500998 
2171 0.94025725 1541 0.86145794 1499 0.8611764 5197 0.8587138 3619 0.85627484 1333 0.84377223 444 0.8320243 2361 0.8290609 42 0.8282583 3358 0.80490285 1812 0.79466164 2475 0.7862138 3356 0.7827959 6444 0.77678293 1141 0.75152254 2241 0.7456868 4283 0.74043053 1781 0.7323079 640 0.7289853 1745 0.7241514 5257 0.72286224 3121 0.7134031 4326 0.711372 3330 0.7074194 2277 0.7024721 2580 0.7006247 1242 0.6816794 178 0.6792691 58 0.6775354 5970 0.67127407 
817 0.9472418 825 0.864992 1706 0.77777827 132 0.73695797 325 0.71349597 1708 0.58966076 136 0.5846693 238 0.57852346 133 0.5337673 6237 0.50017977 1707 0.4964012 3768 0.49355343 2538 0.4702206 732 0.45328352 3759 0.4343507 4458 0.4190232 138 0.37400576 1333 0.37334943 141 0.36846456 5691 0.36124727 1041 0.32212707 735 0.31719002 1684 0.30862242 909 0.29876903 850 0.29802346 24 0.2836816 208 0.2779959 2375 0.27561373 4350 0.27550396 742 0.27539524 
2358 0.9465845 3998 0.91727805 6395 0.90476155 5846 0.8943483 5537 0.84600407 5357 0.8447053 6629 0.8302791 5612 0.8230503 4952 0.8070728 420 0.8002706 3158 0.7868219 1792 0.78075093 5613 0.78031665 6410 0.7762841 4872 0.77240175 1178 0.76542205 1275 0.7599524 2692 0.7594874 4754 0.7565408 91 0.7541133 5906 0.7504197 5722 0.7504028 3688 0.74508905 1525 0.74321353 5905 0.73978823 5937 0.7360281 6105 0.7304699 5960 0.7294479 4939 0.7237177 4243 0.7178569 
2113 0.7839754 3417 0.73189247 445 0.64650196 1929 0.6303735 3333 0.6108113 2737 0.60941154 6280 0.60858864 4079 0.5914012 3764 0.5850212 1406 0.5839317 1402 0.58223134 538 0.57860464 4152 0.56493014 2753 0.55061924 4766 0.54282176 465 0.5290389 1408 0.5246914 5715 0.5162752 1562 0.513919 360 0.50587034 753 0.50299543 163 0.5028562 2782 0.5001876 5968 0.4977782 1175 0.4828262 728 0.47398958 3337 0.4702514 23 0.4690235 3684 0.46669048 3332 0.46668908 
1783 0.9997268 2215 0.9808021 979 0.97215635 6046 0.9626281 2217 0.96007395 1457 0.9597181 2349 0.9579998 4986 0.95745903 6526 0.95161366 976 0.947091 3128 0.9440903 3102 0.92635655 1953 0.9226008 6330 0.92132443 4229 0.92111903 1674 0.92006385 3707 0.919788 4230 0.9195439 5665 0.91837317 4307 0.91821 5056 0.91532326 2221 0.91002125 5367 0.90914094 4874 0.9086624 5570 0.90368086 4211 0.90362513 3201 0.90083706 2342 0.8997665 2920 0.89448684 1107 0.89108676 
1795 0.87035507 2897 0.82910216 1794 0.8107587 3662 0.7843718 3414 0.77525187 4188 0.77436554 1277 0.7661482 3005 0.75624204 724 0.73870224 2798 0.73392004 4672 0.7281136 2915 0.7253265 1206 0.7060067 3232 0.7036882 2128 0.6891206 1525 0.6880469 3121 0.68749106 1450 0.683082 1205 0.67379457 6597 0.66936165 3144 0.66048187 5501 0.6430489 6595 0.6389626 2770 0.6367409 4809 0.63672674 4960 0.6354335 4237 0.63038826 6293 0.6299289 3458 0.6169591 3710 0.61299276 
54 0.9402 1813 0.9261354 3573 0.924752 2580 0.9115647 172 0.9106095 2441 0.8951965 171 0.8723056 4202 0.8717528 3285 0.8655976 414 0.8577816 2348 0.85329235 5577 0.83564305 3971 0.8330122 2777 0.8330122 696 0.82917446 1525 0.81754714 192 0.81748635 4967 0.8132015 5623 0.8120333 2117 0.81124943 5226 0.81027997 1629 0.81022716 4751 0.7952922 4915 0.794036 1851 0.7718134 3899 0.7650627 3267 0.7641345 4133 0.7567087 5566 0.7478754 415 0.74728525 
2936 0.956706 4859 0.9382276 2284 0.92301685 1667 0.912627 5436 0.9072204 4802 0.8917242 748 0.881525 3363 0.87734395 2589 0.86842203 2226 0.8652539 5202 0.859147 2983 0.8536335 6535 0.84254104 6031 0.8340324 5720 0.82945365 1878 0.8252491 2801 0.8126479 5676 0.8102498 2357 0.8092892 3672 0.7992106 1153 0.7981188 5165 0.7969643 3107 0.7964176 4850 0.7956054 3098 0.78498334 2450 0.7811905 1889 0.7757755 396 0.77277786 286 0.7727128 1116 0.7666548 
5855 0.87076485 3985 0.8642215 5856 0.84485614 6226 0.844583 1876 0.8433565 6587 0.83675873 5779 0.82792217 6627 0.8247871 3055 0.8214981 4848 0.82051444 5628 0.80109733 3019 0.8004976 3072 0.7978743 5741 0.79231364 3470 0.78706974 2822 0.7860141 1286 0.78448635 5949 0.7824202 2734 0.7816223 2167 0.7797459 6289 0.7779567 4843 0.7720142 1505 0.77068543 2271 0.77012515 4911 0.76973146 4853 0.7680753 2216 0.7673824 3522 0.76704067 4977 0.76506734 1026 0.76372695 
1255 0.97717804 6491 0.95261586 3078 0.94596183 1866 0.92995393 4402 0.90988684 5689 0.9071687 2001 0.90412796 6461 0.9029011 5220 0.8977017 429 0.89288193 6023 0.8892849 2686 0.8873481 5827 0.87926 607 0.87579334 1865 0.8742203 2920 0.87367296 5513 0.8609559 2222 0.8558487 1257 0.8537658 3049 0.8515425 4684 0.84481764 1989 0.8425979 895 0.83737266 5895 0.83086514 491 0.8285689 883 0.8283787 2528 0.8201593 887 0.810822 5532 0.8100977 773 0.8065054 
5257 0.8978335 1877 0.8811181 2172 0.7863588 6182 0.7759815 3256 0.7680892 2078 0.75442094 42 0.7480838 1856 0.7380394 5304 0.72841954 5190 0.712375 4745 0.6770505 135 0.6527581 1054 0.64445186 4543 0.62758815 834 0.6275738 1854 0.62747514 3050 0.62719643 3596 0.6261832 4479 0.62347275 2698 0.6224352 941 0.61828285 4946 0.6098072 1333 0.6063524 3146 0.5999028 5783 0.59718215 5157 0.59518003 2122 0.593465 5999 0.59302735 6005 0.59135026 635 0.58888984 
1893 0.9725006 2921 0.94356614 2438 0.90567976 3687 0.8963388 3503 0.88570684 2451 0.88032943 3504 0.87750405 4194 0.87310904 4284 0.8716274 3618 0.8612013 5328 0.85326254 2922 0.8354236 6441 0.83419746 1676 0.8296294 3305 0.82613456 2428 0.8204556 3817 0.8139776 5647 0.8136851 2784 0.80726093 4767 0.8051559 1610 0.8049852 6375 0.7945264 5877 0.79129636 3207 0.78423095 2757 0.78038085 6345 0.76681304 3806 0.7667195 5879 0.76582766 6630 0.7571863 5227 0.7566896 
5672 0.97631574 2592 0.95298934 399 0.94329315 225 0.94028753 6051 0.9377388 5163 0.93532884 55 0.9331087 6145 0.92994606 4733 0.9223291 2501 0.9191862 3541 0.91688937 6293 0.90875 1495 0.9087433 2795 0.908369 2971 0.9074453 3151 0.907423 1112 0.9071262 464 0.90419734 3921 0.9027312 3859 0.8990832 4834 0.89315206 1054 0.89246094 3446 0.89203 3596 0.8918811 1056 0.8888694 4071 0.8886685 2780 0.88747734 6459 0.88694596 6486 0.88278645 4274 0.88092005 
3271 0.97592264 4575 0.96032375 3699 0.94676644 431 0.9112758 1900 0.90699583 4240 0.90564424 4674 0.9026274 2723 0.8962728 439 0.89027697 3526 0.8782713 6582 0.87471914 1339 0.8720881 4573 0.85284597 4156 0.8465877 4864 0.8407598 4565 0.8387565 1160 0.83384496 438 0.8308319 3122 0.82930934 2033 0.8272283 1902 0.8186296 3527 0.8170532 1819 0.806985 2117 0.7963083 3581 0.7950838 3273 0.79273 4277 0.7873068 821 0.78338546 4068 0.7833193 4605 0.7791212 
3451 0.811325 3253 0.7897428 2331 0.7822248 1657 0.77909684 4873 0.71408254 1973 0.66377574 4582 0.6586384 3808 0.63832766 412 0.6285771 5593 0.6243853 3807 0.6207231 5556 0.6093139 789 0.5834307 417 0.54429096 3637 0.5413443 4443 0.5362129 5647 0.50274473 5590 0.46390498 5070 0.4610073 3672 0.46091703 1974 0.42475575 4085 0.4209714 3258 0.3912123 2494 0.3771088 4922 0.37431356 4697 0.36961958 2427 0.36757532 191 0.3630668 884 0.35242683 4585 0.34019294 
1020 0.9820907 5731 0.96918917 1670 0.95406556 1955 0.9521916 4997 0.941523 1585 0.92898184 4962 0.9264345 4998 0.92103386 5477 0.9091933 1957 0.8999397 6196 0.8928709 803 0.8927582 5037 0.8924645 3301 0.88976365 5109 0.8860694 4637 0.8737786 5205 0.86895937 3909 0.86750114 3108 0.8485516 3090 0.84227896 2067 0.83928674 4457 0.83684546 4938 0.8362776 6589 0.833562 5804 0.8326445 2879 0.82993436 1640 0.82882446 3720 0.82749134 2529 0.82710975 4261 0.82197565 
1964 0.9901294 4650 0.98547363 4513 0.9769996 2660 0.9315196 909 0.93068004 2984 0.9283514 5274 0.8890242 2659 0.8100392 2712 0.7968539 571 0.7914788 6094 0.7277302 2595 0.7130207 4572 0.67920816 5985 0.66334057 1870 0.65964097 4649 0.6571135 5128 0.6252074 2868 0.5939762 2941 0.5920361 4124 0.59185493 1791 0.5901667 2663 0.56677216 1556 0.5574388 5130 0.55028826 2191 0.5460703 5273 0.5239899 2679 0.5131244 2748 0.49900675 5362 0.49792165 4123 0.49200243 
5060 0.97120744 4456 0.96156603 1672 0.96003604 6334 0.94355583 1980 0.9153099 757 0.9100193 5221 0.90422904 6464 0.90083134 1115 0.8996871 1147 0.88581425 5109 0.8851044 377 0.87888396 436 0.8786296 4297 0.8710754 5852 0.86679673 1366 0.86619544 4506 0.85337526 4655 0.85165924 1992 0.8506752 6473 0.8367352 5949 0.8335482 4262 0.83065754 3284 0.8282773 947 0.8274655 97 0.8143213 5369 0.80912644 750 0.8068495 467 0.80680573 1933 0.80400413 5254 0.8016985 
4455 0.7902977 59 0.6019981 2469 0.5710751 3132 0.54352736 4607 0.49955204 4314 0.49698406 217 0.48032612 1701 0.47744823 5775 0.4548502 3710 0.44372547 6196 0.37232974 2800 0.36793795 2312 0.34606045 3241 0.32421786 1987 0.32353222 3716 0.32135624 2195 0.31840414 3991 0.31038246 6549 0.2807067 2330 0.27189845 3401 0.27000228 4758 0.26525107 4459 0.26496696 963 0.26356882 4558 0.23664832 2855 0.21579602 2241 0.21317011 2850 0.20847683 3345 0.19999641 4849 0.19867273 
3436 0.90172064 5066 0.86810863 6501 0.8646678 2686 0.7939615 5482 0.7822853 4902 0.7636119 3621 0.72492325 6499 0.71509045 1308 0.71415603 960 0.7100645 2000 0.7024596 5437 0.67330927 4806 0.6703225 6537 0.66334563 2948 0.6515095 4884 0.63712645 2718 0.63373893 1013 0.62923104 1667 0.58539706 4805 0.5813051 3281 0.5776739 2655 0.5583523 2001 0.5444361 5746 0.54198176 3098 0.5374789 5604 0.53430265 978 0.53122556 3821 0.50557435 2116 0.5040325 4397 0.49678284 
19 0.9674165 3687 0.96279997 1878 0.94118756 6278 0.9215095 412 0.9138492 17 0.8811284 4985 0.8585778 1631 0.8509351 966 0.84723765 836 0.83882743 5477 0.82838815 1561 0.8280459 131 0.8194117 6137 0.8177734 5533 0.8157713 3202 0.8147234 2003 0.8090157 3817 0.7994518 3205 0.7661693 5954 0.7575664 3451 0.7555697 6286 0.7504296 2517 0.7499132 477 0.747279 916 0.740796 2004 0.73967296 5882 0.7341658 2005 0.7340984 637 0.7315395 5445 0.72693336 
956 0.89552325 2011 0.8944113 679 0.8743134 1824 0.85741377 6581 0.8546204 5168 0.8441595 537 0.80145437 5923 0.7989671 3572 0.79195756 5188 0.79089606 3581 0.7633318 901 0.7558295 4256 0.7525582 4565 0.7394856 4750 0.73312783 2223 0.73113126 1244 0.72529817 5967 0.7248737 2972 0.7239585 1762 0.7214693 853 0.7148918 2033 0.71435106 2222 0.69803715 862 0.6839447 1602 0.66216767 2365 0.65558267 2981 0.65520966 6023 0.64782596 3267 0.6465718 1312 0.6318238 
4921 0.92344326 2240 0.8632907 4317 0.8222665 1982 0.8117943 1008 0.8032962 576 0.791327 1403 0.7878236 4120 0.7872664 1690 0.7736011 3749 0.75806415 6091 0.7458891 2903 0.7328442 6169 0.7315742 2074 0.72080785 3682 0.7077017 178 0.7012187 21 0.68776405 1350 0.6741357 6483 0.6734914 3621 0.663777 5574 0.6560832 6568 0.64604634 4359 0.63739324 6491 0.6293455 2376 0.6259172 5877 0.6205661 4964 0.6176942 1105 0.61612916 1972 0.6160598 5563 0.61500114 
180 0.99475795 3900 0.99036443 4234 0.98562163 10 0.98236424 5651 0.97735673 583 0.97432375 5408 0.9727848 5397 0.97137725 6586 0.9691655 2888 0.9662001 5271 0.96366245 1141 0.96224797 4142 0.96005666 2138 0.9554168 808 0.95531553 3811 0.9532466 4935 0.95057005 3672 0.9478142 4558 0.9459128 4815 0.9448887 491 0.944617 2757 0.94351715 2226 0.9413337 5526 0.9380867 4422 0.9367313 1702 0.93585765 5605 0.93442464 5650 0.93148917 453 0.92863035 3275 0.92517656 
1968 0.9529292 1966 0.9131397 1967 0.8944407 524 0.8891159 4189 0.86152875 4227 0.8540266 3998 0.84541327 5842 0.83835423 4407 0.830385 63 0.8150287 1218 0.77264374 1969 0.76972896 2376 0.76474434 5463 0.75959045 6571 0.74964714 1470 0.7491688 4849 0.7449346 5841 0.7441298 6130 0.7281019 2053 0.72751486 5588 0.7242528 3999 0.7227383 931 0.7094163 5155 0.7070444 5021 0.6947308 3410 0.6937059 6115 0.6818772 4861 0.6779501 6125 0.6727881 3020 0.6698084 
3171 0.28077167 3299 0.23731233 1041 0.1946336 3034 0.18219866 3007 0.17689785 2725 0.17589776 2057 0.16196427 816 0.13320787 5235 0.12292108 2365 0.11189215 177 0.10631289 3850 0.08958803 409 0.07889656 1756 0.066827945 88 0.05974675 447 0.04475031 3743 -0.0030186975 4242 -0.0056534098 4379 -0.009507399 3669 -0.009986335 2416 -0.024659846 3756 -0.027988423 4715 -0.042900704 3356 -0.046649218 1829 -0.048013244 5849 -0.051091097 1071 -0.054439515 5347 -0.063633375 1515 -0.06535863 1701 -0.073075004 
3992 0.75529164 2596 0.6648618 807 0.63042206 3320 0.4315975 4673 0.4122014 1041 0.39492044 2477 0.39085007 1701 0.37507188 2076 0.352645 2264 0.33320844 4733 0.33025163 1635 0.32281864 4305 0.30821234 492 0.3036363 540 0.2936979 2531 0.26050305 3681 0.26046595 3991 0.25973818 2348 0.2587594 5616 0.25519463 5176 0.24927652 144 0.23338959 63 0.22684693 2402 0.2226223 4280 0.21578547 111 0.20584415 496 0.20511705 5218 0.20229839 1803 0.20021081 601 0.19977428 
5723 0.906465 5089 0.9043972 4189 0.8936794 5484 0.8929445 5827 0.876503 4911 0.8759277 229 0.8669055 1253 0.8643465 67 0.861075 2586 0.860076 4507 0.8528721 6441 0.85206705 5504 0.8471924 5398 0.8448091 2340 0.8356855 4262 0.83515996 6449 0.8308076 3340 0.8303287 2633 0.8302048 3644 0.82956904 887 0.8288376 3891 0.8284744 5208 0.8281252 6175 0.8255432 3081 0.82384145 5449 0.82142293 931 0.8202175 1211 0.8184461 3687 0.81721175 6375 0.8164003 
3039 0.717428 501 0.69055384 2095 0.6616699 3671 0.5593536 6170 0.55798054 4408 0.5319663 3840 0.5219579 3831 0.5188693 2120 0.49092504 496 0.47978348 5838 0.477313 3206 0.4612854 2659 0.43782976 5849 0.40333974 3145 0.37986517 3743 0.37955892 3656 0.37777176 3807 0.36996713 3925 0.36874378 1343 0.36796105 1303 0.35194123 1633 0.34634182 3682 0.3405202 264 0.33651835 3507 0.33386052 3926 0.33078498 2596 0.3261139 497 0.27686787 3684 0.2709793 4323 0.2669489 
653 -0.023645071 448 -0.025938679 5106 -0.059280924 5291 -0.069338955 2591 -0.087366685 6434 -0.11974211 5568 -0.15863723 6183 -0.1600816 1748 -0.16565897 308 -0.19722597 6021 -0.20704749 264 -0.23926827 2066 -0.24561018 5123 -0.25526464 4283 -0.25549534 1037 -0.2622484 749 -0.26236692 1589 -0.26901922 2982 -0.26942807 1304 -0.27254027 3628 -0.2744922 2219 -0.27708012 6383 -0.27890244 5660 -0.27901512 1371 -0.27933455 776 -0.28328356 2003 -0.2868155 5014 -0.28832102 1574 -0.29118797 4364 -0.29146966 
427 0.6532358 160 0.5868938 1436 0.54810715 1059 0.5449922 3667 0.5281922 973 0.51176023 6594 0.50051445 4660 0.49189276 3380 0.4792141 1500 0.46337062 6082 0.45187262 1919 0.43523985 4133 0.42614305 2821 0.42143726 3734 0.41652364 448 0.40442663 2431 0.40127605 3947 0.39969826 215 0.38941365 2248 0.389127 1269 0.38074026 2462 0.36490405 4751 0.35344112 3393 0.34885752 275 0.34857395 6414 0.3469869 2029 0.34665793 718 0.34534973 2878 0.32617375 193 0.3240156 
4683 0.9790984 2111 0.9634323 5475 0.95232844 1623 0.936377 1897 0.9305342 6239 0.92910945 3444 0.9279183 1164 0.92141396 5170 0.9188837 4317 0.91273046 4891 0.9102909 6045 0.9057386 3158 0.9033683 981 0.9033034 4468 0.90129054 5999 0.89708275 5874 0.8958243 3710 0.89580184 475 0.89530313 5261 0.89016175 2471 0.88557065 1638 0.8849204 3709 0.8828286 5103 0.88101685 968 0.87840724 2560 0.87831056 5072 0.87785286 5916 0.8757272 4386 0.8741243 5457 0.8728262 
786 0.9512048 3289 0.9235359 1504 0.9183296 1470 0.9129577 3805 0.9068423 2087 0.90198857 4911 0.8947053 5851 0.8935033 1471 0.8910027 1727 0.8871092 2124 0.883006 6211 0.8815841 131 0.8795676 5740 0.877819 5154 0.8764677 4666 0.8679375 6487 0.8640289 3037 0.8635171 2691 0.8628184 1347 0.8596883 842 0.85775614 2062 0.8486945 3038 0.84652066 2825 0.83482736 5669 0.83416516 4066 0.8257441 5229 0.82413703 4262 0.823806 2123 0.81765676 2216 0.8166945 
2314 0.582737 109 0.57808745 905 0.52548796 2139 0.45210782 286 0.4458694 1758 0.43364206 2313 0.4298509 3449 0.4219663 7 0.41513482 369 0.40798768 510 0.3930804 530 0.39102775 3599 0.3882701 2138 0.38754147 2256 0.36571696 370 0.3363962 2221 0.32678157 4146 0.32149237 4765 0.31486788 4284 0.31413257 111 0.30522206 4867 0.2987813 4986 0.29871994 6095 0.29859093 6478 0.29846334 963 0.2924493 950 0.29243413 5650 0.2865225 3600 0.2864678 3201 0.28087252 
2267 0.8466801 2656 0.75902 4392 0.744511 4209 0.7370279 5751 0.7281274 5308 0.6893004 5510 0.67197746 6220 0.670555 639 0.6647962 148 0.6599078 700 0.6417144 2205 0.63284093 4982 0.6294537 2131 0.6120266 6054 0.6030831 1074 0.59834903 3741 0.59229434 4781 0.5869191 2608 0.577237 4895 0.57687634 2144 0.56953895 5805 0.56806916 3282 0.5658228 6190 0.5650472 5294 0.5645714 3043 0.5427442 1746 0.5359358 169 0.53343785 70 0.5287995 4886 0.51995 
2793 0.99768895 2546 0.99307543 3533 0.9922918 1525 0.98966575 2106 0.98726714 4518 0.9860986 4919 0.984342 2185 0.9841726 187 0.9838453 1543 0.9834512 2470 0.98331785 2213 0.9830805 5214 0.9830183 2105 0.97875357 4410 0.9779852 5556 0.97735995 116 0.97732127 6052 0.97400945 1999 0.97214895 1302 0.9709786 719 0.9708536 2284 0.9702328 4301 0.96953857 52 0.9691205 3086 0.9676697 5967 0.966987 4155 0.9668274 5791 0.966577 1276 0.96570545 5976 0.96565235 
4182 0.94959056 801 0.9362466 5232 0.933746 2394 0.920788 795 0.8940885 2808 0.8885056 773 0.85310835 6344 0.8488413 5011 0.84524417 4796 0.83725923 2197 0.8290477 3791 0.8284411 3090 0.8089091 3881 0.80441153 5231 0.8002133 4010 0.7997918 5308 0.7964306 774 0.7943515 5366 0.7865175 6345 0.7859694 4166 0.77346814 2864 0.77334744 3836 0.761946 592 0.7610523 4230 0.7514241 2329 0.7486782 2814 0.7474259 2863 0.7449519 6013 0.72988415 4668 0.72816753 
2173 0.96216464 6543 0.8520063 4224 0.8500441 1172 0.84347475 323 0.8404765 56 0.8301386 5459 0.81782776 147 0.80500716 1067 0.8004795 2418 0.7824746 2020 0.7817048 5551 0.77165705 3743 0.76424193 2032 0.76385593 6293 0.7627018 5281 0.76034135 2201 0.75783575 6445 0.7565732 2064 0.7544177 4380 0.7479694 5266 0.7451916 2175 0.7450976 4317 0.73665935 4235 0.7331595 1547 0.7325837 5184 0.7123485 5430 0.7105185 4828 0.71032804 891 0.7070487 1723 0.70616156 
5836 0.977365 4262 0.96545804 2216 0.9566852 2004 0.9556757 6227 0.9550746 3107 0.95233804 4349 0.95174325 2734 0.9506678 6587 0.94965154 6226 0.9491904 5856 0.9485451 5654 0.9477458 2856 0.9462639 6138 0.94547725 1505 0.94509965 5855 0.94220275 5425 0.9399934 3985 0.93885547 5096 0.93526506 4308 0.9344292 3546 0.93248135 2215 0.9299162 5193 0.92907614 3108 0.9280071 5611 0.92762953 2924 0.92758197 5608 0.9262168 4717 0.92500573 907 0.92437553 5311 0.9236092 
2241 0.8950107 4067 0.84203285 4592 0.73084056 446 0.69692636 5968 0.61643296 3140 0.6098093 2706 0.60490805 1756 0.5946155 5707 0.56507015 3682 0.5622954 2932 0.55739063 3510 0.50850964 2931 0.49468338 5967 0.48097235 5971 0.47587052 5510 0.46991906 310 0.45661536 4682 0.45653006 6158 0.4467864 505 0.43219817 4173 0.42341653 4591 0.40785158 1041 0.40349 1542 0.40238154 6293 0.39630246 5753 0.39541346 3225 0.38913634 2845 0.38527158 2460 0.381312 4216 0.37596688 
4311 0.9279729 3795 0.8976573 1598 0.8882588 517 0.88093585 2233 0.8783106 3877 0.86234826 3378 0.85705036 2231 0.8268063 2617 0.8230961 4314 0.82258517 479 0.82016635 5188 0.8044044 3650 0.79545075 991 0.78316945 4042 0.780514 863 0.77684927 2561 0.77081454 570 0.76845694 3061 0.7611227 488 0.7571032 1716 0.7345308 1440 0.73069394 2765 0.7276125 4092 0.7219755 4286 0.71796787 5923 0.7170326 4756 0.70338506 2539 0.70019007 2556 0.6829367 4909 0.68291557 
4640 0.8396776 3219 0.8077207 4710 0.76487756 5518 0.75135916 123 0.735238 4709 0.7240552 4757 0.68022996 2184 0.65437615 2538 0.635886 3506 0.62691206 2239 0.57559407 3241 0.5710183 3691 0.5693794 2489 0.5381893 488 0.53055096 846 0.52939045 487 0.5138602 4446 0.47987393 47 0.4790811 121 0.47479206 6107 0.46363026 1810 0.458257 5533 0.44645667 125 0.440478 2555 0.42817938 4021 0.4259951 4567 0.4258377 1543 0.42521533 4756 0.4064389 2536 0.40063137 
5606 0.9318793 2106 0.8743801 2249 0.8531498 5605 0.8511038 1244 0.85027444 1748 0.84480536 5772 0.8381023 5364 0.8374053 5850 0.8192121 3178 0.8186052 3364 0.815386 5820 0.81120455 5406 0.7946217 5771 0.7896875 4277 0.7868059 223 0.7862448 2115 0.7830945 5944 0.7805165 443 0.77958596 5024 0.7761428 1186 0.77191836 792 0.76042986 6116 0.756844 56 0.7508276 2024 0.7502084 1163 0.74055797 5040 0.7312226 3285 0.73121566 382 0.72736204 6255 0.7259827 
54 0.89267164 4967 0.86457247 2264 0.84235466 890 0.8324104 2897 0.72589666 3827 0.70375633 340 0.6729922 3977 0.6581961 2559 0.64873725 216 0.6467512 645 0.64528835 2416 0.6370236 4132 0.6151447 4966 0.60959446 2680 0.60731554 1041 0.5927042 4118 0.5660788 4485 0.5637139 2640 0.5604925 5843 0.5583415 5745 0.5573442 5605 0.5518359 3803 0.5481529 3828 0.54431814 6469 0.54387254 6482 0.5397422 4448 0.52551174 3939 0.52486205 2733 0.5234324 344 0.51876736 
2106 0.9851268 5079 0.97122383 1418 0.9691565 6464 0.96554285 5078 0.9654584 1419 0.96296996 4161 0.9616844 2097 0.9583676 4878 0.9581548 1734 0.95784366 1728 0.9571022 52 0.9524977 5820 0.9512885 1548 0.951116 1210 0.9494153 3683 0.94913834 4011 0.94714856 5402 0.94648665 3230 0.9450798 1687 0.9395049 4262 0.9366726 808 0.9358629 5645 0.9346723 5046 0.93226624 3042 0.93159366 2838 0.931015 5945 0.93053585 2386 0.9303933 4005 0.92985123 711 0.92975396 
163 0.9779625 3874 0.9691094 4423 0.9682632 4001 0.95565116 2177 0.95518094 4067 0.9551674 2148 0.9498216 4959 0.94645846 2072 0.94126636 1511 0.9366515 6183 0.93659973 1773 0.93387836 2716 0.92842233 1848 0.9267704 1314 0.9266345 6293 0.9252713 1386 0.925148 57 0.9240891 5713 0.92169976 5977 0.91907954 5967 0.9164079 877 0.9143025 3661 0.91252756 5721 0.9110892 2475 0.91009945 2610 0.9086305 1850 0.90622723 985 0.90444356 1801 0.9017948 1411 0.901238 
3098 0.9964671 1889 0.996037 71 0.9954087 934 0.9931804 2221 0.99288833 3532 0.9906943 5203 0.9901515 2036 0.9884743 6542 0.9879807 3099 0.9871728 4300 0.98351413 3533 0.9802394 5202 0.9768176 2306 0.9727118 1303 0.96261746 90 0.9622469 4301 0.95931137 2129 0.9589536 2035 0.95707685 6586 0.9502089 2108 0.9472386 1302 0.94181174 1938 0.93571293 3839 0.9356733 1008 0.93469447 1304 0.93347955 600 0.931024 2305 0.92767423 4 0.9270394 4299 0.92495215 
3608 0.8287824 2517 0.76684356 2451 0.7028619 1921 0.6748706 6610 0.67347556 3029 0.66602 2888 0.6583661 6363 0.65698785 6435 0.6566174 5436 0.6541964 530 0.650248 321 0.6092105 1535 0.59726113 6540 0.59322315 853 0.58670473 4886 0.5802893 6065 0.5704503 6355 0.5672469 3766 0.562192 3489 0.5562658 5141 0.55560815 3343 0.55295366 227 0.5479884 3287 0.5476536 977 0.54345787 850 0.5433196 5999 0.52818054 599 0.5271821 4259 0.51622194 5938 0.51281023 
2115 0.95175606 2325 0.9340679 4261 0.9210214 1677 0.9084777 2531 0.8719716 4262 0.8617817 1372 0.85643595 368 0.8487703 3081 0.8403781 2607 0.83798164 4161 0.8317622 6112 0.82847345 2886 0.82777655 980 0.8235591 2340 0.8121308 5342 0.8090361 3229 0.80169225 4506 0.7905372 2861 0.7899642 3936 0.78893715 3174 0.78489417 3128 0.77473146 5898 0.7747297 842 0.7743628 4409 0.77285534 2004 0.7722243 3340 0.7706265 5031 0.7693074 2824 0.7687435 1676 0.76867956 
1474 0.9926022 4945 0.986907 5001 0.98609257 4491 0.98450273 2920 0.98272055 6359 0.9820069 1052 0.9814514 3371 0.97801507 5788 0.9763888 56 0.9743764 6106 0.97405815 6425 0.97370416 6380 0.9701109 6402 0.97003114 2357 0.9695613 2234 0.96814084 5204 0.96675634 3156 0.9657263 2394 0.9653681 6003 0.9636521 6537 0.96358943 2368 0.96321964 1478 0.9617856 2229 0.9612295 4558 0.9611483 6476 0.9607781 6129 0.9607358 3733 0.9607214 1826 0.959324 6105 0.95917696 
3488 0.9804779 3245 0.96799827 2337 0.9597091 4859 0.9518562 1116 0.9420064 1553 0.9404547 5886 0.92459613 883 0.92442244 5050 0.9231257 5053 0.921026 3705 0.91886026 6099 0.9173398 6434 0.913756 5255 0.91353077 4860 0.8988957 4800 0.8979586 4928 0.8961066 401 0.8960908 2921 0.8959875 2729 0.8953121 383 0.8913117 5975 0.89125746 5378 0.8909704 1302 0.885621 6578 0.88402903 3533 0.87948066 4851 0.8755353 6190 0.8731852 6629 0.872205 72 0.8684312 
5368 0.98274183 1930 0.9821082 6599 0.97650313 4255 0.9694601 6539 0.9584689 3245 0.9505689 1553 0.94962895 2545 0.9474518 1778 0.9407319 2419 0.93370813 780 0.93314785 590 0.9293223 2121 0.9268907 1083 0.92639804 3996 0.9248011 84 0.9228157 234 0.92180914 917 0.9214142 123 0.92124563 883 0.9190481 3518 0.9183742 1351 0.91781414 5879 0.9146363 3319 0.9145516 538 0.9143728 853 0.90773153 3705 0.90748805 5605 0.89803714 6342 0.8959165 5414 0.89377946 
2562 0.99733686 5361 0.99220395 2351 0.9888184 3878 0.98180133 1552 0.98130804 3577 0.97759366 2352 0.9755678 5362 0.9719029 1598 0.9711139 3578 0.96373355 3877 0.9614435 2538 0.9611467 233 0.9575582 2537 0.87473077 4086 0.84693915 2304 0.8467766 3982 0.83919793 3383 0.8383259 4250 0.8302935 5918 0.8243164 2536 0.8081027 1003 0.78330994 288 0.77671504 4634 0.7319317 2233 0.72827923 1964 0.72759646 1187 0.7262019 3252 0.7020362 4394 0.66889226 32 0.6586304 
640 0.93668294 1426 0.8661873 4960 0.8376812 5959 0.79998296 1440 0.79931074 935 0.7928751 4565 0.78124523 3273 0.771465 2366 0.7673575 6603 0.7652084 5145 0.7626549 5166 0.7464431 3700 0.74420995 3594 0.72759324 121 0.72282815 1358 0.72108036 3059 0.6935868 816 0.68914515 420 0.6766377 4458 0.6765603 5479 0.6737424 4563 0.66313106 2722 0.6454476 2679 0.637876 2365 0.636283 2713 0.6345784 5707 0.62998116 4277 0.6239163 1163 0.62109303 4423 0.6199207 
5060 0.97603357 2392 0.97294474 1115 0.95976293 5605 0.8888104 6030 0.8507452 2376 0.8371709 5355 0.7886685 5625 0.76954216 4111 0.74331224 5001 0.7420401 4210 0.73209405 5690 0.73052174 4175 0.72683 1687 0.7246925 4705 0.7231694 5059 0.702976 1584 0.702766 6031 0.69606185 2811 0.69315976 401 0.69122595 4397 0.68325377 1839 0.6742759 5289 0.6730665 3604 0.6723836 1275 0.6693376 6629 0.66902053 5933 0.6635887 4589 0.66054475 6069 0.6578411 5527 0.65020883 
1331 0.94138664 3365 0.9125368 6410 0.8919672 1724 0.86975217 2222 0.8687309 2469 0.8581444 5178 0.85223335 980 0.81559515 894 0.79681027 1787 0.79127014 1748 0.7893211 4035 0.7748697 816 0.77205586 631 0.76605594 1487 0.7592736 3333 0.7583363 2892 0.7578282 3527 0.7450786 2396 0.7432493 2627 0.727402 4523 0.72647387 5347 0.7196474 5415 0.7177176 5348 0.7089972 6342 0.7018187 13 0.7016205 3158 0.70073783 2225 0.70069635 2063 0.6963859 4788 0.6958149 
4867 0.9914488 3919 0.9899762 2386 0.987459 1687 0.98539865 4634 0.9844189 2052 0.97904605 4815 0.9768454 3449 0.9766423 2317 0.97656536 2342 0.9750854 5845 0.97464925 6397 0.97379005 6453 0.9736127 3340 0.9729699 5079 0.97277766 6440 0.9723742 1688 0.97063035 3091 0.9705345 4397 0.969793 4005 0.9692961 1728 0.9677016 3168 0.96723676 5898 0.9669021 3042 0.9667548 541 0.96450204 396 0.9639851 1679 0.9637279 5841 0.96113575 4705 0.9596896 6105 0.95920503 
5428 0.9527004 5014 0.9169006 6010 0.91538936 5945 0.90539354 1804 0.9034585 2800 0.8861906 3683 0.88571 1880 0.8807529 6532 0.878608 1265 0.86595917 3014 0.8634468 1104 0.85989195 1615 0.8498691 4017 0.8472281 5074 0.8423771 3479 0.8420122 4369 0.8401081 1298 0.8340367 3885 0.8334536 1602 0.8314995 1491 0.8311728 2447 0.8283224 1924 0.828216 5787 0.8274641 5698 0.817225 4103 0.8143953 5769 0.81215316 2862 0.80508053 6373 0.80494905 5895 0.8043689 
2475 0.97033477 1174 0.9533429 5199 0.94572264 1156 0.9282496 2301 0.9203012 2614 0.9172226 1048 0.9049164 5197 0.9014624 5198 0.9009302 296 0.8958991 632 0.8915732 1155 0.8915345 4215 0.87411195 208 0.87335914 5703 0.8731738 1487 0.8683544 1455 0.86720276 2241 0.8648641 1683 0.86219347 4141 0.85964626 6410 0.8533781 1579 0.8517966 2715 0.84803003 939 0.84658486 4105 0.845222 3763 0.84365404 1684 0.84112006 4228 0.83300924 731 0.8325151 3948 0.8266254 
3579 0.8598049 5916 0.84455 5144 0.8381507 939 0.81984204 645 0.805098 4316 0.7511461 640 0.7486353 5374 0.74614173 6437 0.73742557 3301 0.7289418 1698 0.6945871 1313 0.6872545 3845 0.67744076 4735 0.65292645 5606 0.6527513 5848 0.64868397 3773 0.6485929 5154 0.6454031 1800 0.63760686 3112 0.63760036 644 0.63158953 3363 0.6252384 1112 0.6207944 472 0.6200993 6366 0.6020091 2891 0.597065 5972 0.5966538 3772 0.5956813 3200 0.5956225 4501 0.5942475 
72 0.97340935 5970 0.9488785 724 0.9454022 989 0.9262088 4280 0.9255991 5923 0.91481805 3437 0.91322553 242 0.91302186 4788 0.9126498 530 0.907673 2001 0.9070881 3701 0.9068293 5937 0.90663254 227 0.9020248 1755 0.89859176 1854 0.8925071 5706 0.89075613 3062 0.88879865 3632 0.88642883 3529 0.8844765 3707 0.88148373 5979 0.87848455 4751 0.87788063 5184 0.87398714 6077 0.87325794 6514 0.8724122 5220 0.87165433 3454 0.8710749 178 0.8657788 1010 0.86537296 
2512 0.9960799 120 0.9112689 3145 0.89582 4638 0.8793795 570 0.8678476 3769 0.86075336 2286 0.84240633 31 0.8354424 2745 0.8348071 1683 0.83002436 35 0.8134494 4605 0.8114219 3388 0.7945667 3517 0.7942886 2287 0.7926436 1619 0.78216094 6149 0.7781791 2511 0.77425975 1019 0.7689984 4604 0.75491846 3992 0.736743 2486 0.7306868 124 0.7169804 4249 0.7155431 1649 0.7151033 3676 0.71014196 2663 0.70627725 1343 0.6936773 1710 0.6936664 390 0.6929777 