0 81 170 81 81 81 81 1 81 81 70 81 81 249 81 262 
1 81 81 70 81 81 81 81 81 81 81 81 81 81 81 
2 81 70 81 81 81 81 81 81 81 735 81 81 81 81 81 81 
3 70 70 70 70 70 81 70 70 70 70 70 70 70 70 70 70 70 
4 81 81 81 81 81 81 81 81 1 81 81 81 81 81 
5 1 1 1 1 1 1 1 1 1 1 1 1 1 81 254 1 
6 81 81 81 81 81 81 81 249 81 81 81 81 1 81 81 
7 1 1 1 1 1 1 1 1 1 1 1 1 629 1 1 
8 81 81 81 81 81 81 81 81 81 1 316 81 81 81 599 
9 81 81 81 81 81 21 81 81 81 81 81 81 81 81 81 170 81 81 
10 1 1 1 81 1 1 1 1 1 1 1 1 1 316 1 
11 81 81 81 81 81 81 81 832 81 81 81 81 81 
12 81 81 81 81 81 81 16 81 81 81 81 81 70 
13 81 81 1354 81 1598 81 81 81 81 81 170 81 81 
14 1 1 1 1 1 1 1 1 1 1 1 1 1 1 
15 81 81 81 81 81 81 81 81 81 81 81 207 1 
16 81 81 81 81 81 81 81 81 81 81 81 81 81 97 81 81 1 
17 1 1 520 17 1 1 1 1 1 1 1 1 81 499 1 
18 1 1 1 1 1 1 1 70 372 1 1 1 21 1 1 1 
19 411 70 70 70 70 70 70 70 316 70 81 70 220 70 70 70 70 
20 81 81 81 81 81 81 81 81 81 81 81 81 81 81 
21 81 81 167 81 81 81 81 81 81 81 81 81 81 599 
22 81 81 81 81 81 81 81 81 81 81 81 81 81 81 81 81 
23 81 81 81 81 81 81 81 81 81 411 81 81 81 81 81 81 81 
24 411 411 411 411 411 411 254 411 411 411 
25 81 81 81 81 81 81 81 81 81 81 81 81 81 81 81 81 81 
26 81 81 81 81 81 768 81 81 81 81 81 81 81 81 81 81 
27 411 411 411 411 411 411 411 411 411 411 411 411 
28 81 81 170 81 81 81 81 81 81 81 81 81 81 81 81 
29 81 81 81 81 81 81 81 411 81 81 81 81 81 81 81 70 81 81 81 
30 81 81 81 81 220 81 81 81 81 81 81 81 81 81 167 
31 1 1 1 1 1 1 1 1 1 1 1 1 
32 81 81 81 81 81 81 70 81 81 81 81 81 1 81 81 1 81 
33 1 1 1 1 1 1 81 1 1 1 1 1 1 1 
34 81 81 81 81 81 136 81 1318 81 60 81 81 779 81 70 1 
35 70 70 70 70 81 70 70 70 70 70 70 203 21 81 
36 81 81 81 81 81 1 81 81 81 81 81 
37 81 220 70 81 81 81 1 81 81 81 81 81 411 81 
38 81 81 81 81 81 81 81 81 81 81 81 81 81 81 81 411 81 
39 81 1 1 70 1 1 1 1 1 38 1 1 
40 1 1 1 1 1 1 1 253 1 1 81 1 81 1 
41 81 81 81 81 81 81 81 81 81 81 81 81 
42 81 27 81 81 81 81 81 81 81 81 81 81 81 81 81 81 81 81 
43 70 70 70 70 70 70 70 70 70 70 70 70 70 70 70 70 
44 411 411 411 411 238 411 411 411 254 411 411 411 411 411 
45 66 70 70 70 81 70 248 70 70 70 70 70 70 70 70 70 629 
46 70 70 70 70 70 70 70 70 70 70 70 70 70 70 70 
47 170 81 81 81 81 81 81 81 81 1276 81 81 81 81 81 
48 70 254 70 70 70 70 70 203 70 70 70 1 70 70 70 
49 81 70 70 70 70 70 411 70 70 70 70 70 70 70 70 70 70 
50 1 1 80 1 1 1 1 1 1 1 1 1 1 1 
51 81 81 81 81 81 81 1 81 1354 81 81 81 81 81 81 81 
52 70 70 70 70 70 70 70 70 70 70 70 70 70 70 70 81 
53 81 1 1 9 1 1 1 1 1 1 1 1 1 1 
54 81 81 81 81 81 81 81 1354 81 81 81 70 81 
55 1 1 1 1 1 1 1 1 1 1 1 81 499 1 1 316 1 1 1 
56 81 81 81 411 81 81 70 81 81 81 81 81 81 1 81 81 599 
57 81 81 81 81 81 81 1 81 81 81 81 81 81 
58 1 1 1 1 60 746 1 1354 1 1 1 1 1 1 1 
59 81 81 81 81 81 81 81 81 81 1 81 81 249 
60 81 81 81 81 81 81 81 81 81 81 
62 1 1 1 1 1 1 70 1 1 1 1 1 1 21 
63 207 207 207 207 207 207 207 207 207 207 207 207 207 207 81 207 207 
64 1 1 1 1 1 1 1 1 1 1 1 1 1 1 1 1 1 
65 81 81 81 81 81 81 81 81 81 81 3 81 81 81 81 170 
66 81 1 81 81 81 81 81 81 411 81 81 81 81 411 81 81 
67 70 70 70 70 70 70 70 70 70 70 70 70 70 70 
68 81 81 81 81 81 81 81 81 81 81 81 
69 70 70 70 70 70 70 70 70 70 70 70 70 70 70 70 70 70 70 70 
70 81 81 81 81 81 48 81 81 81 81 81 1 81 262 
71 1 1 1 1 1 1 1 1 1 70 1 1 1 
72 81 81 81 81 1 81 81 81 81 81 
73 1 1 1 1 1 1 48 1 1 1 81 1 1 1 1 1 
74 155 155 155 155 155 155 155 155 155 155 
75 81 81 81 81 81 81 81 81 81 81 81 81 81 1 
76 70 70 21 70 70 70 70 70 70 21 70 70 70 70 70 70 
77 1 81 81 81 81 21 81 1 81 81 
78 1 1 1 1 1 1 1 1 1 1 1 1 1 155 
79 1 81 81 81 48 81 81 81 81 81 81 81 81 
80 81 81 81 81 81 81 81 81 81 81 81 81 81 
81 81 81 81 1586 81 81 81 81 81 81 81 81 81 81 
82 81 81 81 81 81 81 81 81 1 81 81 81 81 81 81 81 81 81 81 
83 81 70 81 81 81 81 81 81 81 81 1 81 81 
84 1 81 1 1 1 1 1 1 1 1 1 1 1 262 1 1 1 
85 81 81 81 81 1 81 81 81 81 81 81 81 1 81 81 
86 70 411 70 70 70 70 70 70 70 70 70 70 70 70 70 70 70 
87 81 81 81 81 81 81 81 81 81 81 81 81 81 81 81 238 81 81 
88 1 1 1 1 1 1 70 1 1 1 1 
89 66 520 1 1 1 1 1 1 1 1 1 1 1 1 1 1 
90 81 81 81 81 81 81 81 81 81 81 81 81 1 
91 81 81 81 81 81 81 81 81 81 81 81 81 81 
92 81 81 81 81 81 81 81 81 81 262 411 81 70 81 81 81 81 81 
93 81 81 81 81 81 81 81 81 81 81 81 81 81 
94 81 81 81 81 81 81 81 81 81 81 81 81 81 81 81 170 
95 70 70 70 70 70 70 70 70 70 70 1 70 70 
96 81 81 81 81 21 81 167 81 81 81 81 81 81 81 81 81 81 
97 81 81 81 81 81 81 81 81 81 1 81 81 81 81 81 
99 81 1 1 1 1 1 1 1 1 1 316 1 1 1 1 
100 81 81 81 1 81 81 81 1 81 81 81 81 81 81 81 49 
101 1 1 1 1 1 1 1 1 81 1 249 1 1 1 1 1 
102 70 70 70 70 70 70 70 70 70 70 70 70 70 70 70 
103 70 70 70 70 70 70 70 70 70 1164 70 70 
104 81 81 81 81 81 81 81 81 81 81 81 81 81 81 81 
105 81 81 81 81 81 81 81 81 81 81 81 81 
106 81 81 81 81 81 81 81 81 81 81 81 81 81 81 
107 81 81 81 81 81 81 81 81 81 81 81 81 
108 81 70 70 70 70 70 70 70 81 70 70 70 70 70 70 70 70 48 
109 81 81 81 1 81 81 81 81 136 81 81 81 81 411 
110 70 70 70 70 70 70 70 70 70 70 70 70 70 70 70 
111 1 1 1 1 1 1 1 1 1 1 1 1 1 1 1 1 
112 81 81 343 81 81 81 81 81 81 81 81 81 81 
113 81 81 81 81 81 81 81 81 81 81 81 81 
114 81 81 81 21 81 81 81 81 81 
115 81 81 81 81 81 81 81 411 1 81 81 81 81 1 81 
116 70 70 70 70 70 70 70 70 70 70 254 70 70 70 70 70 81 
117 411 411 411 170 411 220 411 411 411 411 411 411 411 411 81 70 81 411 
118 81 81 81 81 81 81 81 81 81 81 81 81 81 
119 81 249 81 81 81 81 81 81 81 81 81 81 81 81 81 81 70 81 81 
121 316 316 316 316 316 17 316 316 316 316 316 316 316 316 316 316 
122 70 70 70 70 70 70 70 70 81 70 70 70 70 70 70 70 
123 1 1 64 1 1 1 1 1 1 1 1 70 1 1 81 1 
124 81 81 81 81 81 81 81 81 81 81 81 81 81 97 70 48 81 81 
125 81 1 81 349 81 81 81 81 81 81 1 81 136 81 
126 81 81 725 81 81 81 81 21 81 81 81 81 
127 70 150 411 70 70 70 70 70 70 70 70 70 70 70 70 70 
128 70 70 70 70 70 70 70 70 70 70 70 70 70 70 
129 70 70 70 70 70 70 70 70 70 70 70 70 70 70 70 
130 81 81 81 81 81 60 81 81 155 81 1 81 81 81 81 81 
131 81 81 81 81 81 81 81 81 81 81 81 81 411 81 
132 411 81 582 81 81 81 81 81 81 1 81 81 81 
133 81 81 81 81 81 81 81 81 81 81 81 81 81 81 
134 81 81 81 81 81 81 81 81 81 81 81 81 207 81 81 
135 70 1 70 70 70 70 70 70 70 70 70 70 70 238 
136 81 81 81 81 81 81 1276 81 81 81 81 81 81 81 
137 81 81 81 81 81 81 81 81 81 81 81 81 81 81 70 81 
138 81 81 81 81 81 81 81 81 81 81 81 81 27 81 1 
139 411 81 81 81 81 81 81 81 81 81 81 81 81 220 
140 56 56 56 56 56 81 56 56 56 56 56 56 56 56 
141 81 81 81 81 81 81 81 81 1 81 81 81 81 81 81 81 81 81 81 
142 81 81 81 70 81 411 81 81 81 170 
143 1 1 1 1 1 1 1 1 1 1 1 1 1 1 
144 81 81 81 81 81 81 81 81 1 81 81 81 81 81 167 1164 81 
145 1 1 1 1 1 1 1 1 1 1 1 499 1 1 1 
146 220 220 220 220 220 220 220 220 220 220 220 220 220 220 220 220 220 
147 81 81 81 81 
148 70 70 70 70 70 70 70 70 81 70 70 70 70 70 70 
149 1 1 1 1 1 579 1 1 1 1 1 1 
150 70 70 70 70 70 70 70 70 70 70 70 70 70 70 70 70 
151 81 81 81 81 81 81 81 81 81 81 81 81 81 81 81 81 
152 81 81 81 81 81 81 81 136 81 81 81 81 81 81 81 
153 81 81 81 81 170 81 81 
154 220 220 220 220 220 220 220 220 220 220 220 220 220 
155 1 1 1 1 1 1 1 1 1 207 1 81 1 
156 81 81 81 81 81 1 81 81 81 342 81 81 81 
157 238 238 38 238 238 238 1 238 238 238 238 238 220 238 
158 70 70 70 70 70 70 70 70 70 70 81 70 
159 81 81 81 81 81 81 81 1 81 81 81 81 81 81 81 
160 81 81 81 81 81 81 81 81 81 81 691 81 81 81 81 
161 81 81 81 70 81 81 70 81 81 81 81 81 81 81 81 81 
163 1276 81 81 81 81 81 81 81 411 81 81 81 81 238 81 1 81 81 
164 582 1 81 81 81 70 81 81 81 81 70 81 81 
165 1 684 1 1 1 1 1 1 1 1 81 1 1 1 
166 81 81 81 81 81 81 81 81 81 81 81 81 81 81 1 81 81 81 81 
167 167 167 167 167 167 372 167 167 
168 70 70 70 411 70 70 70 
169 70 70 21 70 81 70 92 70 70 70 70 21 254 70 
170 70 70 70 70 70 70 70 70 70 70 70 
171 81 81 81 81 21 81 81 81 81 81 81 
172 1 1 1 1 1 1 
173 70 70 70 167 70 70 70 70 70 1 70 70 70 70 56 70 70 
174 81 81 81 81 81 1 81 81 81 81 81 
175 81 81 81 81 70 81 81 81 81 81 81 81 81 81 81 
176 81 81 81 81 582 81 81 81 81 220 81 81 81 81 70 
177 81 81 81 81 1 411 81 81 81 81 81 93 
178 81 81 81 81 81 81 81 81 81 81 81 81 81 170 70 81 
179 81 167 81 81 81 81 81 48 79 1 81 70 81 81 
180 1 1 81 1 1 1 1 1 1 286 
181 1 1 1 1 1 1 1 48 1 1 1 1 1 1 1 
182 418 81 81 81 81 81 1 81 81 81 81 81 81 81 81 
183 81 81 81 81 81 70 81 81 81 81 
184 81 81 81 81 21 81 81 81 81 81 81 81 81 81 81 81 81 
185 81 1 81 249 81 768 81 81 81 81 499 
186 81 81 81 81 81 81 81 81 81 81 81 81 81 1318 81 81 
187 81 70 81 81 81 81 81 1 81 81 81 81 81 81 81 81 81 81 
188 372 372 372 349 372 372 372 372 372 372 372 372 372 372 372 
189 220 220 411 220 220 220 220 220 220 220 220 220 
190 81 81 81 81 81 81 81 81 81 81 81 81 81 81 1 
191 1 1 1 1 1 1 1 1 1 1 81 1 1 1 
192 220 167 220 220 220 220 220 136 220 81 220 220 220 220 286 220 
193 81 81 81 81 81 81 81 81 81 81 81 81 81 
194 81 81 81 81 81 81 81 81 81 81 81 81 81 81 97 81 81 
195 81 81 81 167 81 81 81 81 81 81 81 81 81 81 81 81 
196 81 81 81 70 81 372 81 81 1 81 81 411 81 81 81 
197 167 81 81 70 81 70 81 81 81 81 81 81 81 81 
198 81 81 21 81 81 81 1 81 81 81 81 81 81 81 81 81 81 1 
199 1 1 1 1 1 1 1 1 1 97 1 1 81 
200 1 1 1 1 1 1 1 1 1 1 1 1 1 1 1 1 