0 303 303 303 303 303 2794 303 174 303 303 303 303 303 303 303 1549 
1 1426 71 71 71 71 71 71 71 71 71 
2 174 174 174 174 174 174 174 174 174 174 174 174 174 174 174 
3 255 255 255 255 255 255 255 282 255 
4 202 1550 1550 1550 1550 1550 1550 1550 1550 1550 1550 1550 1550 
5 471 471 471 471 471 471 471 471 471 471 471 471 471 471 471 471 471 471 
6 471 471 471 471 471 471 471 
7 202 202 202 202 202 202 202 202 202 202 202 202 202 161 202 202 202 202 139 202 
8 471 471 471 471 471 471 471 471 471 471 471 471 471 471 471 471 471 471 
9 471 471 471 471 471 471 471 471 471 471 471 5706 471 471 197 471 471 471 
10 303 303 303 303 303 303 303 303 303 303 303 303 303 303 303 303 303 303 303 
11 471 471 471 420 471 471 471 471 471 471 471 471 471 471 471 471 471 471 
12 471 471 471 523 297 471 471 471 471 471 471 471 471 471 471 
13 471 471 2029 471 471 471 471 139 471 471 471 471 471 471 471 471 1426 471 471 
14 1482 1482 1482 250 1482 1482 1482 1482 1482 1482 1482 295 1482 1482 1482 1482 
15 471 471 471 297 471 471 471 471 471 471 471 471 471 471 471 471 
16 303 303 303 303 303 303 303 303 303 303 303 303 303 303 1307 303 303 
18 471 471 471 471 471 471 2715 471 471 471 46 471 471 471 471 471 
19 303 282 303 303 161 303 303 303 303 303 303 303 1152 303 303 303 303 303 
20 303 303 303 303 303 303 303 303 303 303 303 303 303 303 303 
21 471 471 471 471 471 471 471 471 471 471 471 471 471 471 1 471 471 471 
22 471 471 471 471 471 471 471 471 161 471 471 471 471 471 471 471 471 
23 1449 1449 1449 2694 1449 1449 84 1449 1449 1449 202 1449 1389 1449 1449 1449 
24 303 303 303 303 303 303 303 303 303 2633 303 303 161 303 303 303 303 
25 471 471 471 471 471 471 471 471 471 
26 1475 512 538 512 512 512 512 512 512 512 512 512 
27 471 471 471 471 471 471 471 471 
28 471 471 471 471 471 471 471 1426 471 471 471 471 471 471 1426 471 471 471 471 1307 
29 303 303 303 303 303 303 303 303 139 303 303 303 303 
30 471 471 471 203 471 471 664 471 471 471 471 471 471 471 471 471 
31 471 471 471 471 471 471 471 471 471 471 471 471 471 471 471 471 471 
32 303 303 303 303 303 303 303 303 303 303 303 303 
33 303 303 303 303 303 303 303 303 303 303 303 303 303 303 303 303 303 303 303 303 
34 471 471 471 471 471 471 471 471 471 471 471 471 471 471 471 471 471 
35 1482 1482 1482 1482 1482 1482 1482 1482 1482 1482 1482 1482 1482 1482 1482 
36 202 202 202 202 202 202 202 202 202 202 202 
37 202 202 202 202 202 202 202 
38 471 471 471 471 471 471 471 471 471 471 471 133 471 471 1 161 471 
39 863 174 174 174 174 174 174 174 174 174 3487 174 174 174 174 174 174 
40 471 471 471 471 471 1307 255 471 471 471 471 471 471 471 
41 512 512 512 512 512 512 512 512 512 
42 512 512 512 512 512 5281 512 512 512 512 512 512 512 512 512 512 512 
43 471 471 161 471 471 471 471 2921 471 471 471 471 471 471 471 471 471 471 471 
44 303 303 2794 303 303 303 303 303 303 250 303 1341 303 303 303 303 303 
45 171 171 171 171 171 171 303 171 171 171 171 171 171 171 171 171 
46 303 303 303 303 303 303 303 303 303 303 303 303 303 303 303 303 303 
47 471 471 471 471 471 471 471 471 471 471 471 471 471 
48 900 471 471 471 471 471 471 471 471 471 471 471 471 471 471 471 471 471 471 471 
49 303 303 5508 303 303 303 303 
50 512 512 512 1902 512 512 512 512 512 512 512 512 512 
51 471 471 471 471 471 471 471 471 
52 202 202 202 202 202 1482 202 202 202 202 202 202 202 
53 303 303 303 303 303 303 303 303 303 303 303 303 303 303 303 303 303 303 303 303 
54 303 303 303 303 303 303 303 303 303 2029 303 303 303 303 303 
55 303 420 303 303 303 303 303 303 303 303 303 303 303 303 303 303 303 303 303 
56 202 202 202 202 202 202 197 202 202 202 202 202 202 409 
57 471 471 471 471 471 471 471 471 471 471 471 471 471 471 
58 471 471 471 471 471 471 471 471 471 471 471 471 471 471 532 471 
59 1482 523 1482 1482 1482 1482 6280 1482 1482 1482 1482 1482 1482 
