5171	4970
7088	4971
4229	3640
1973	3638
896	2306
7091	4969
7039	2305
5336	3639
4476	2304
4477	2303
4478	2302
4479	2301
5952	2300
7081	4961
1678	3630
178	3631
7082	4962
7079	4963
1679	3632
2481	4964
6237	3633
475	3634
2126	4965
2558	2309
7085	4966
1835	3635
2559	2308
5988	4967
4013	3636
2560	2307
7086	4968
6243	3637
3931	4980
3932	4981
4018	3650
930	4982
4019	3651
7041	2320
12	0
5954	2317
2482	3649
66	1
5955	2316
1747	2
2196	2315
72	3
1005	2314
88	4
7037	2313
79	5
7038	2312
973	6
2556	2311
19	7
2557	2310
117	8
5990	4972
1301	3641
538	9
392	3642
5991	4973
5993	4974
5340	3643
297	4975
3719	3644
3930	4976
2214	3645
1353	3646
7098	4977
1041	2319
5174	4978
1889	3647
4818	2318
3933	4979
2215	3648
6002	4990
4826	4991
2108	3660
6004	4992
6259	3661
4129	3662
6005	4993
5490	2331
307	1000
7042	2330
7044	2328
7045	2327
7046	2326
4131	2325
7040	2324
5147	2323
3440	2322
958	2321
5997	4983
4633	3652
3273	4984
4016	3653
2998	4985
4017	3654
836	3655
5175	4986
5176	4987
5343	3656
5177	4988
6254	3657
6001	4989
6262	3658
7043	2329
6263	3659
5349	3670
5350	3671
1231	3672
2216	3673
3669	1011
3443	2342
4389	1010
3444	2341
3445	2340
4388	1008
3441	2339
4386	1007
2561	2338
3239	1006
1741	2337
1378	1005
2562	2336
1754	2335
3667	1004
5522	1003
2563	2334
519	1002
2564	2333
595	1001
1605	2332
5179	4994
6258	3663
5497	3664
5180	4995
5182	4996
2595	3665
5183	4997
2596	3666
5184	4998
4020	3667
4828	4999
3275	3668
4638	3669
677	1009
5354	3680
4022	3681
1170	3682
5353	3683
6266	3684
4150	1022
4115	2353
610	1021
1016	2352
239	1020
7047	2351
4819	2350
1463	1019
1460	1018
4820	2349
500	1017
3446	2348
321	1016
3447	2347
406	1015
3448	2346
1510	1014
3449	2345
3180	1013
3450	2344
6784	1012
3442	2343
1070	3674
2094	3675
3293	3676
1501	3677
5355	3678
5356	3679
6272	3690
2500	3691
852	3692
2869	3693
5357	3694
5358	3695
2762	1033
3274	2364
1505	1032
6011	2363
3199	1031
5188	2362
928	1030
5189	2361
303	2360
3677	1029
5037	1028
3093	2359
725	1027
7108	2358
4408	1026
6010	2357
1234	1025
7106	2356
5815	1024
7107	2355
5036	1023
4209	2354
378	3685
3137	3686
4640	3687
1951	3688
4643	3689
3382	1044
7111	2375
3852	1043
7112	2374
288	1042
870	2373
686	1041
3461	2372
1720	2371
3853	1040
435	2370
370	1039
218	2369
1763	1038
2763	1037
2577	2368
2760	1036
7109	2367
323	2366
1736	1035
2761	1034
5190	2365
5376	3696
3551	3697
1548	3698
5375	3699
969	1055
2804	2386
1786	1054
2805	2385
1787	1053
4504	2384
1299	1052
4505	2383
5038	1051
4506	2382
1640	1050
4507	2381
4508	2380
4409	1049
2688	2379
4410	1048
4411	1047
6012	2378
1999	1046
7110	2377
1818	1045
3260	2376
3854	1066
2298	2397
6825	1065
3706	2396
5816	1064
1654	2395
6824	1063
2197	2394
3185	1062
5192	2393
1359	1061
6013	2392
5039	1060
7113	2391
2412	2390
6823	1059
1584	1058
5191	2389
1788	1057
2242	2388
2099	2387
1789	1056
1381	1077
5041	1076
3065	1075
3066	1074
5040	1073
1707	1072
287	1071
123	1070
2090	1069
950	1068
4210	2399
1562	1067
1006	2398
1567	1080
1635	1088
3857	1087
3855	1086
3856	1085
600	1084
5818	1083
3200	1082
2766	1081
1222	1079
5817	1078
851	1091
302	1090
2473	1099
1843	1098
115	1097
4412	1096
903	1095
149	1094
1445	1093
3858	1092
2442	1089
441	200
331	201
3	202
7	203
4925	204
670	205
1572	206
2674	207
2962	208
3767	209
464	210
1089	211
885	212
2019	213
2020	214
162	215
293	216
2021	217
266	218
665	219
6605	220
396	221
3642	222
1616	223
553	224
3320	225
227	226
601	227
684	228
1108	229
2212	7200
5256	7202
2213	7201
3113	7204
3114	7203
1101	230
1102	231
200	232
198	233
1103	234
1104	235
668	236
89	237
602	238
1105	239
7291	7211
2496	7210
3284	7213
1557	7212
5257	7215
1981	7214
1106	240
1107	241
424	242
5676	243
967	244
1780	245
957	246
377	247
583	248
1581	249
7290	7206
4225	7205
6127	7208
3500	7207
6128	7209
4575	7220
6129	7222
4576	7221
3982	7224
3983	7223
7293	7226
5260	7225
24	250
111	251
1509	252
1495	253
45	254
18	255
520	256
41	257
657	258
207	259
5258	7217
3285	7216
7292	7219
5259	7218
3984	7231
6130	7230
4577	7233
3985	7232
1224	7235
342	7234
3179	7237
7294	7236
455	260
4933	261
109	262
2734	263
10	264
167	265
726	266
138	267
3190	268
3321	269
5261	7228
6131	7227
4127	7229
7322	7242
3507	7241
3995	7244
3996	7243
5285	7246
4592	7245
7323	7248
5286	7247
3322	270
3323	271
338	272
3324	273
3508	7240
1702	274
4149	275
2389	276
1314	277
1037	278
1316	279
2262	7239
2305	7238
3997	7253
4593	7252
3998	7255
7332	7254
7328	7257
7327	7256
3117	7259
7330	7258
1309	280
541	281
54	282
1311	283
698	284
4594	7251
856	285
7326	7250
1312	286
1313	287
420	288
1315	289
4846	7249
2848	7264
2849	7263
7336	7266
2011	7265
6171	7268
2497	7267
3511	7269
1308	290
1310	291
1407	292
256	293
4596	7260
1255	294
71	295
7338	7262
1408	296
6168	7261
58	297
552	298
1090	299
3999	7275
7342	7274
2587	7277
3289	7276
3512	7279
7346	7278
3509	7271
7341	7270
7339	7273
3510	7272
5295	7286
7344	7285
5296	7288
7350	7287
2938	7289
1372	7280
2498	7282
3513	7281
4597	7284
4598	7283
3522	7297
3523	7296
1806	7299
4128	7298
2632	7291
3720	7290
5317	7293
2939	7292
3524	7295
3525	7294
3295	3704
4036	3705
2250	3706
3270	3707
4033	3708
4034	3709
6315	3700
4031	3701
4032	3702
4037	3703
4040	3715
3727	3716
4041	3717
5378	3718
1603	3719
4035	3710
4038	3711
4214	3712
4852	3713
3552	3714
4857	3726
3211	3727
1633	3728
2219	3729
4039	3720
3206	3721
1245	3722
4856	3723
5380	3724
4126	3725
2806	2405
3553	3737
6014	2404
2602	3738
766	2403
2124	3739
2403	2402
2256	2401
5193	2400
333	3730
126	3731
2220	3732
691	2409
1886	3733
2160	2408
4043	3734
2807	2407
4044	3735
1571	3736
2808	2406
4045	3750
195	3748
3462	2416
3463	2415
1725	3749
3464	2414
3465	2413
481	2412
2268	2411
1612	2410
2603	3740
1478	3741
5384	3742
2714	3743
3144	3744
694	2419
3145	3745
2706	2418
3146	3746
3466	2417
4235	3747
2065	3760
2066	3761
1317	2430
3467	2427
2064	3759
1968	2426
3253	2425
3707	2424
4509	2423
3210	2422
5194	2421
5195	2420
1474	3751
6329	3752
6330	3753
6337	3754
4671	3755
4672	3756
1324	2429
5388	3757
1325	2428
6335	3758
5391	3770
5390	3771
2390	3772
846	2441
1753	1110
1318	2440
1333	1107
1319	2438
5820	1106
1320	2437
488	2436
3194	1105
579	1104
1321	2435
608	1103
1322	2434
3859	1102
1007	2433
189	1101
1323	2432
5048	1100
1191	2431
2067	3762
2068	3763
2069	3764
5387	3765
2657	3766
6334	3767
5826	1109
4236	3768
5827	1108
1326	2439
5392	3769
4062	3780
6373	3781
2890	3782
3154	3783
603	1121
3947	2452
5056	1120
2487	2451
3948	2450
1082	1118
2488	2449
4733	2448
1177	1117
1711	1116
1925	2447
1827	1115
4522	2446
2981	1114
4523	2445
4415	1113
3934	2444
411	1112
3935	2443
6840	1111
6015	2442
4061	3773
1841	3774
6372	3775
5557	3776
4060	3777
4063	3778
1993	3779
4417	1119
3156	3790
3157	3791
3158	3792
5569	3793
6376	3794
2410	2463
3878	1132
364	2462
1444	1131
883	1130
4526	2461
4830	2460
3877	1129
3684	1128
7162	2459
2635	1127
2648	2458
5076	1126
5210	2457
2983	2456
4803	1125
275	1124
5209	2455
5868	1123
4521	2454
5832	1122
3946	2453
3155	3784
4064	3785
6374	3786
3159	3787
3160	3788
3161	3789
4433	1143
4530	2474
5528	1142
2299	2473
5077	1141
4831	2472
2654	1140
6037	2471
6036	2470
100	1139
1816	1138
3608	2469
156	1137
4527	2468
1579	1136
4528	2467
1697	1135
1377	2466
1288	1134
7163	2465
2291	1133
7164	2464
6375	3795
909	3796
4065	3797
2371	3798
2372	3799
1514	1154
3949	2485
249	1153
565	2484
40	1152
6038	2483
1865	1151
6039	2482
2551	1150
1978	2481
1804	2480
2122	1149
5869	1148
1805	2479
446	2478
3076	1147
3077	1146
1402	2477
188	1145
5211	2476
872	1144
4529	2475
5079	1165
7167	2496
2990	1164
7165	2495
1063	2494
5871	1163
1833	1162
2261	2493
389	2492
1479	1161
574	2491
2106	1160
4832	2490
2777	1159
2778	1158
6040	2489
1515	1157
6041	2488
1516	1156
3950	2487
907	1155
3951	2486
6919	1176
2461	1175
2477	1174
5080	1173
964	1172
6917	1171
509	1170
476	1169
2631	2499
5872	1168
550	1167
4539	2498
1734	1166
6042	2497
5082	1187
679	1186
3400	1185
3401	1184
2779	1183
2780	1182
6922	1181
6923	1180
513	1179
1839	1178
1012	1177
4434	1190
383	1198
3404	1197
596	1196
5880	1195
4805	1194
2288	1193
3403	1192
925	1191
6931	1189
4759	1188
6934	1199
522	300
3773	301
2279	302
2	303
2460	304
1174	305
67	306
1455	307
1661	308
1662	309
1657	310
1658	311
1659	312
650	313
1660	314
3595	315
762	316
4937	317
2919	318
939	319
2920	320
985	321
209	322
591	323
884	324
4939	325
2246	326
1293	327
790	328
791	329
1807	7301
1808	7300
4609	7303
1809	7302
784	330
702	331
785	332
237	333
786	334
170	335
450	336
787	337
671	338
788	339
7391	7310
2940	7312
6204	7311
7393	7314
7394	7313
429	340
151	341
673	342
789	343
97	344
573	345
572	346
581	347
4942	348
490	349
4607	7305
4608	7304
2856	7307
4004	7306
2857	7309
2858	7308
3526	7321
7396	7320
3527	7323
3528	7322
3529	7325
3530	7324
1256	350
1257	351
873	352
997	353
976	354
1258	355
1259	356
895	357
1260	358
4311	359
6208	7316
7395	7315
7399	7318
6209	7317
4005	7319
556	10
1241	11
3532	7330
240	12
487	13
2265	7332
5457	6001
1768	14
5562	7331
5458	6000
1825	15
2119	6003
6212	7334
327	16
3533	7333
5464	6002
201	17
2860	7336
4081	6005
1075	18
5323	7335
4712	6004
233	19
4312	360
318	361
2964	362
1550	363
216	364
527	365
713	366
715	367
717	368
718	369
7398	7327
3531	7326
7400	7329
6210	7328
32	20
147	21
50	22
4006	7341
5463	6010
313	23
2859	7340
4	24
7408	7343
3565	6012
57	25
301	6011
4007	7342
161	26
4616	7345
5466	6014
106	27
4228	7344
3566	6013
3300	28
4614	7347
6405	6016
141	29
7414	7346
4241	6015
704	370
689	371
705	372
706	373
172	374
491	375
707	376
590	377
544	378
708	379
2895	6007
2861	7338
2862	7337
4082	6006
1441	6009
2863	7339
5461	6008
357	30
358	31
64	32
82	33
328	6021
6278	7352
193	34
1330	6020
6279	7351
213	35
4023	7354
5475	6023
180	36
3005	7353
6408	6022
129	37
878	7356
5478	6025
284	38
3182	6024
3726	7355
271	39
3252	6027
3006	7358
3138	7357
5479	6026
709	380
163	381
710	382
654	383
6218	7350
711	384
545	385
712	386
504	387
714	388
716	389
3215	6018
6217	7349
4615	7348
6406	6017
4861	6019
340	40
118	41
259	42
335	43
320	44
3539	7363
6409	6032
344	45
1424	6031
4646	7362
33	46
1863	7365
6414	6034
345	47
3540	7364
6412	6033
221	48
5359	7367
4088	6036
346	49
3541	7366
5481	6035
6285	7369
2885	6038
549	6037
6284	7368
653	390
5684	391
299	392
2176	393
2177	394
4647	7361
5567	6030
1496	395
6280	7360
453	396
125	397
772	398
4943	399
6410	6029
2307	7359
4722	6028
210	50
347	51
63	52
48	53
314	54
348	55
6289	7374
3573	6043
264	56
4648	7373
2717	6042
84	57
3653	6045
6287	7376
309	58
6290	7375
6418	6044
349	59
2088	6047
6288	7378
6286	7377
6419	6046
304	6049
4024	7379
6421	6048
6283	7370
4649	7372
6420	6041
4650	7371
4724	6040
2886	6039
280	60
350	61
351	62
352	63
267	64
270	65
159	66
3543	7385
4091	6054
353	67
3544	7384
4092	6053
229	68
6295	7387
4089	6056
354	69
5361	7386
4090	6055
6298	7389
6425	6058
3139	7388
3177	6057
6426	6059
4738	7381
4093	6050
4025	7380
3545	7383
4094	6052
4026	7382
4095	6051
355	70
23	71
296	72
356	73
295	74
359	75
69	76
360	77
5365	7396
6424	6065
76	78
1275	6064
4654	7395
257	79
6483	6067
6305	7398
3140	7397
4725	6066
2448	6069
6484	6068
5367	7399
3546	7390
3656	6061
6300	7392
6301	7391
4098	6060
4655	7394
6427	6063
4656	7393
4099	6062
217	80
263	81
258	82
361	83
25	84
310	85
362	86
336	87
150	88
4136	6076
279	89
1597	6075
6494	6078
6500	6077
6495	6079
3307	6070
6487	6072
4879	6071
4878	6074
6488	6073
1439	90
1773	91
1296	92
981	93
248	94
102	95
134	96
1774	97
1775	98
1769	99
6505	6087
6510	6086
4744	6089
5612	6088
3230	6081
6496	6080
5610	6083
2449	6082
4882	6085
2091	6084
4731	3803
6381	3804
6380	3805
4110	3806
6378	3807
6379	3808
4695	3809
433	3800
2691	3801
4067	3802
3743	6098
6511	6097
3745	6099
5613	6090
5614	6092
6509	6091
6516	6094
5620	6093
6512	6096
6513	6095
4698	3814
4141	3815
4697	3816
6385	3817
564	3818
5448	3819
494	3810
4239	3811
5445	3812
3620	3813
2373	3825
1717	3826
3001	3827
6391	3828
4702	3829
1352	3820
658	3821
6387	3822
866	3823
1344	3824
1383	3836
4535	2504
4536	2503
3576	3837
1218	2502
5483	3838
2912	3839
4537	2501
4538	2500
4077	3830
4531	2509
6390	3831
4532	2508
2882	3832
4533	2507
2883	3833
4534	2506
2881	3834
2146	3835
7166	2505
4207	2515
4845	3847
5496	3848
4217	2514
2935	2513
6434	3849
5212	2512
5213	2511
5214	2510
5485	3840
4728	3841
4729	3842
2644	3843
2002	2519
6248	2518
5486	3844
5335	2517
6435	3845
7169	2516
5487	3846
3012	3860
3010	3858
6255	2526
3011	3859
1970	2525
3537	2524
2708	2523
6247	2522
1370	2521
5339	2520
5488	3850
499	3851
5572	3852
4863	3853
4864	3854
5573	3855
4632	2529
5574	3856
3267	2528
2659	3857
3247	2527
6454	3870
5579	3871
4635	2540
6444	3869
676	2537
5916	1206
991	1205
4015	2536
1300	1204
6253	2535
730	1203
2098	2534
1739	1202
5342	2533
1604	2532
1585	1201
1250	1200
4630	2531
4631	2530
6440	3861
442	3862
4866	3863
4867	3864
1938	3865
6448	3866
1399	1209
2944	3867
1803	1208
6260	2539
6443	3868
1653	1207
6261	2538
2913	3880
4107	3881
3188	3882
3419	1220
5348	2551
2363	2550
2294	1217
2362	2548
132	2547
5543	1216
979	1215
6264	2546
1798	1214
6265	2545
2932	2544
1799	1213
1800	1212
3538	2543
90	2542
1801	1211
1802	1210
4634	2541
2946	3872
2945	3873
3301	3874
5583	3875
3014	3876
4244	3877
6457	3878
952	1219
6458	3879
3420	1218
2364	2549
5489	3890
1549	3891
4870	3892
5585	3893
661	2562
2554	1231
514	2561
2555	1230
6273	2560
5112	1228
4021	2559
5113	1227
5352	2558
1926	1226
1687	2557
2156	1225
6267	2556
365	1224
4639	2555
2797	1223
1979	2554
2798	1222
6268	2553
3418	1221
6269	2552
524	3883
3015	3884
6463	3885
6464	3886
2310	3887
2133	3888
2311	3889
222	1229
5509	1242
3725	2573
1861	1241
4198	2572
4765	1240
4231	2571
3294	2570
4140	1239
3421	1238
4641	2569
3422	1237
4642	2568
5114	1236
6270	2567
5115	1235
3286	2566
5508	1234
6271	2565
765	2564
1950	1233
444	1232
2870	2563
4250	3894
4251	3895
6468	3896
6469	3897
3735	3898
1942	3899
1956	1253
5564	2584
3205	1252
2598	2583
1537	2582
1564	1251
2655	1250
2599	2581
2600	2580
695	1249
3902	1248
2597	2579
1166	1247
168	2578
1482	1246
4644	2577
1002	1245
4645	2576
4457	1244
6274	2575
4458	1243
6275	2574
1261	1264
5565	2595
144	1263
6277	2594
1434	2593
4814	1262
1064	2592
2352	1261
2353	1260
587	2591
2601	2590
2157	1259
643	2589
2350	1258
291	1257
1388	2588
2640	2587
2004	1256
1552	2586
2351	1255
2700	1254
6276	2585
1262	1275
1263	1274
1264	1273
1265	1272
1266	1271
1267	1270
1093	1269
1269	1268
6322	2599
1271	1267
6323	2598
1188	1266
2308	2597
1274	1265
4233	2596
5116	1286
5117	1285
1623	1284
2354	1283
727	1282
2355	1281
1268	1280
1270	1279
1272	1278
1273	1277
604	1276
3423	1297
4192	1296
5120	1295
1622	1294
6990	1293
6989	1292
3905	1291
6988	1290
5919	1289
5920	1288
5918	1287
3906	1299
2158	1298
363	400
4763	401
1456	402
1902	403
1031	404
599	405
192	406
1028	407
2522	408
122	409
724	410
2144	411
849	412
1412	413
468	414
1413	415
448	416
1365	417
1414	418
1087	419
53	420
770	421
1410	422
1411	423
1636	424
827	425
454	426
1755	427
4080	428
398	429
3548	7400
6341	7402
6340	7401
1945	430
1874	431
1285	432
1213	433
3163	434
863	435
3164	436
3165	437
557	438
1529	439
6343	7411
5401	7410
5404	7413
5403	7412
515	440
385	441
1528	442
1229	443
5455	444
2374	445
375	446
2375	447
236	448
6342	7404
2874	7403
1403	449
5399	7406
5400	7405
4674	7408
4673	7407
4675	7409
2633	7420
4678	7422
6346	7421
4049	7424
5411	7423
2504	450
2015	451
2613	452
1637	453
905	454
5456	455
4708	456
4709	457
6398	458
5491	459
4676	7415
5402	7414
5406	7417
4677	7416
5409	7419
5410	7418
3744	6100
5568	7431
5426	7430
3627	6102
4704	7433
4883	6101
4705	7432
2413	6104
4079	7435
4884	6103
4706	7434
438	460
1530	461
395	462
1531	463
1532	464
1533	465
1534	466
1025	467
1447	468
341	469
4683	7426
6350	7425
4684	7428
6353	7427
3149	7429
3746	6111
3747	6110
6517	6113
3748	6112
4746	6115
1336	6114
647	470
1	471
332	472
1233	473
3682	474
3588	475
3181	476
6400	477
5460	478
127	479
4889	6106
4890	6105
4078	7436
1242	6108
3232	6107
6518	6109
6520	6120
3017	6122
5622	6121
4263	6124
3018	6123
4894	6126
4264	6125
114	480
592	481
3606	482
2630	483
128	484
463	485
3168	486
3169	487
3170	488
3171	489
4747	6117
2085	6116
6521	6119
2451	6118
5623	6131
5624	6130
2916	6133
2616	6132
4265	6135
4266	6134
4752	6137
6522	6136
1076	490
3172	491
1722	492
2502	493
56	494
3564	495
4711	496
2716	497
566	498
2446	499
4895	6128
4896	6127
2387	6129
2727	6142
2728	6141
2729	6144
1389	6143
2454	6146
2730	6145
3315	6148
6568	6147
6573	6140
5655	6139
2889	6138
6583	6153
6579	6152
5660	6155
5661	6154
6577	6157
6575	6156
4297	6159
1821	6158
6580	6151
4921	6150
3316	6149
1085	6164
3317	6163
6585	6166
6584	6165
6586	6168
876	6167
6588	6169
4301	6160
1390	6162
2673	6161
3764	6175
3765	6174
4302	6177
6595	6176
4303	6179
2399	6178
2276	6171
6589	6170
6591	6173
3760	6172
5671	6186
4307	6185
2142	6188
2918	6187
2319	6189
3769	6180
6603	6182
6604	6181
6602	6184
4146	6183
6524	3902
6525	3903
1492	3904
4897	3905
6523	3906
1870	3907
2273	3908
2510	3909
3736	3900
2663	3901
6612	6197
6599	6196
4148	6199
6611	6198
1391	6191
2143	6190
2320	6193
2321	6192
5673	6195
2322	6194
3309	3913
6529	3914
864	3915
4898	3916
1986	3917
4899	3918
6526	3919
2511	3910
3577	3911
4748	3912
6531	3924
4749	3925
837	3926
4900	3927
4901	3928
6530	3929
6527	3920
6528	3921
5625	3922
1936	3923
6533	3935
6325	2603
422	2602
2724	3936
828	3937
6321	2601
2725	3938
2309	2600
2726	3939
6324	2609
2414	3930
924	2608
562	2607
2111	3931
3629	3932
3007	2606
202	3933
4663	2605
4267	3934
4664	2604
3229	2614
1895	3946
1896	3947
1647	2613
1897	3948
5385	2612
1639	3949
2013	2611
2658	2610
1871	3940
6532	3941
5386	2619
427	2618
5626	3942
4902	3943
6327	2617
1069	3944
6328	2616
1077	3945
4666	2615
4905	3957
3698	2625
5630	3958
4668	2624
3750	3959
2368	2623
2369	2622
6331	2621
6332	2620
2512	3950
2513	3951
2514	3952
2515	3953
6336	2629
4903	3954
4046	2628
1187	3955
4764	2627
4904	3956
4669	2626
4276	3970
663	1305
4270	3968
2093	2636
130	2635
6534	3969
940	1304
1601	2634
4459	1303
108	2633
3907	1302
5128	1301
3147	2632
230	1300
3148	2631
2107	2630
1852	3960
879	3961
6535	3962
6537	3963
4271	3964
675	1309
4272	3965
1512	1308
1917	2639
80	1307
4273	3966
682	2638
4274	3967
703	1306
1918	2637
6551	3980
5638	3981
1221	2650
1276	3979
1569	1316
6338	2647
2278	1315
5389	2646
3249	2645
1306	1314
6997	1313
2705	2644
968	2643
1039	1312
645	1311
298	2642
1003	1310
1915	2641
1916	2640
3632	3971
4907	3972
6538	3973
5631	3974
6548	3975
6549	3976
3191	1319
1340	1318
1506	3977
5394	2649
3633	3978
2426	2648
4462	1317
6626	3990
4152	3991
3776	3992
3451	1330
5398	2661
5397	2660
2260	1327
5395	2658
1652	1326
4047	2657
2421	2656
2056	1325
2057	1324
5396	2655
3251	2654
2058	1323
1939	2653
1543	1322
1846	1321
5393	2652
177	1320
4858	2651
3635	3982
6552	3983
5499	3984
1750	3985
2415	3986
6558	3987
3019	3988
2125	1329
6627	3989
3427	1328
6339	2659
300	2672
93	1341
1958	2671
5959	1340
3283	2670
7049	1338
4068	2669
7048	1337
5440	2668
5958	1336
4694	2667
819	2666
5957	1335
1375	2665
2934	1334
2235	2664
394	1333
929	2663
5956	1332
3613	1331
3554	2662
2463	3993
330	3994
5688	3995
6628	3996
1731	3997
1019	3998
2024	3999
4134	1339
7051	1352
3003	2683
1179	2682
4202	1351
1072	1350
3559	2681
3560	2680
7050	1349
4201	1348
5443	2679
507	2678
3701	1347
1624	1346
3298	2677
235	2676
3452	1345
1167	2675
641	1344
2565	1343
5441	2674
5148	1342
4066	2673
98	2694
1498	1363
2994	1362
4070	2693
4480	1361
5444	2692
4481	1360
4240	2691
4074	2690
3703	1359
1440	1358
4071	2689
978	1357
4072	2688
3702	1356
4073	2687
7052	1355
4069	2686
5517	1354
2266	2685
4821	1353
3162	2684
28	1374
1200	1373
1202	1372
1095	1371
5149	1370
1935	1369
3217	2699
3914	1368
3915	1367
3561	2698
2104	2697
7053	1366
160	1365
3562	2696
482	1364
5554	2695
1199	1385
1201	1384
1203	1383
1204	1382
1205	1381
1206	1380
1208	1379
1209	1378
205	1377
1211	1376
1212	1375
1517	1396
1518	1395
1519	1394
1520	1393
1521	1392
1207	1391
560	1390
176	1389
1210	1388
669	1387
402	1386
1525	1399
1526	1398
853	1397
5468	500
5469	501
5470	502
3187	503
4713	504
4714	505
2165	506
1449	507
1382	508
536	509
416	510
4085	511
6	512
74	513
4086	514
2980	515
4715	516
4716	517
4717	518
5473	519
2271	520
922	521
5474	522
105	523
3567	524
2287	525
1150	526
4718	527
52	528
4087	529
262	530
5476	531
86	532
4719	533
1284	534
274	535
4720	536
386	537
37	538
1173	539
232	540
2222	541
199	542
471	543
49	544
980	545
243	546
2376	547
2116	548
1024	549
2432	550
3173	551
1699	552
283	553
3174	554
516	555
6415	556
4723	557
1355	558
234	559
6607	6201
6606	6200
6609	6203
3027	6202
1681	560
1643	561
1291	562
469	563
1682	564
843	565
6417	566
2887	567
2888	568
681	569
6615	6210
6619	6212
6618	6211
6617	6214
5680	6213
2424	570
2452	571
2969	572
2614	573
2503	574
548	575
2615	576
3572	577
2649	578
518	579
3771	6205
3772	6204
2086	6207
4931	6206
6616	6209
5678	6208
3774	6221
6620	6220
6668	6223
5717	6222
6672	6225
2095	6224
899	580
3226	581
1828	582
6475	583
110	584
2270	585
5492	586
586	587
77	588
2951	589
5682	6216
6622	6215
1553	6218
5683	6217
6621	6219
4157	6230
5510	6232
1630	6231
5724	6234
5725	6233
4346	6236
4347	6235
6476	590
1022	591
208	592
594	593
4135	594
399	595
5602	596
465	597
1851	598
1867	599
4343	6227
5722	6226
5719	6229
4344	6228
6682	6241
6683	6240
6678	6243
6674	6242
2285	6245
2148	6244
4349	6247
3652	6246
4962	6238
4963	6237
4964	6239
3345	6252
1644	6251
4351	6254
4159	6253
3815	6256
3816	6255
3817	6258
3818	6257
4348	6250
6685	6249
4350	6248
6697	6263
835	6262
3346	6265
877	6264
2667	6267
3347	6266
5737	6269
4971	6268
6696	6261
4968	6260
4967	6259
4972	6274
3819	6273
247	6276
5741	6275
4356	6278
5739	6277
3658	6279
5738	6270
6706	6272
5734	6271
6759	6285
6764	6284
6761	6287
6760	6286
593	6289
6768	6288
6763	6281
60	6280
6765	6283
5771	6282
6439	6296
4376	6295
6774	6298
5774	6297
6771	6299
5773	6290
5772	6292
4166	6291
4377	6294
4378	6293
1219	2702
4075	2701
5449	2700
2880	2709
6388	2708
4700	2707
1542	2706
1606	2705
5447	2704
4076	2703
2876	2713
2877	2712
2878	2711
2879	2710
5452	2719
4701	2718
1919	2717
393	2716
44	2715
2267	2714
5451	2724
1147	2723
2608	2722
3241	2721
6392	2720
1619	2729
4703	2728
5450	2727
3290	2726
6389	2725
4795	2735
1522	1404
4760	2734
421	1403
688	2733
1523	1402
1524	1401
1890	2732
449	1400
971	2731
6393	2730
597	1409
142	1408
568	2739
4777	2738
4482	1407
1527	1406
5453	2737
824	1405
5454	2736
906	1415
2609	2746
3917	1414
2610	2745
2462	2744
3581	1413
425	2743
7055	1412
224	1411
2611	2742
3453	1410
1767	2741
3674	2740
445	1419
91	2749
203	1418
1034	2748
2566	1417
2567	1416
2612	2747
2884	2760
36	1426
642	2757
1811	2756
1964	1425
1568	1424
6395	2755
547	2754
4484	1423
4485	1422
1088	2753
4486	1421
1920	2752
4487	1420
1921	2751
1922	2750
1588	1429
598	2759
667	1428
1350	1427
6394	2758
4865	2771
458	1440
2660	2770
865	2768
1762	1437
2411	2767
4490	1436
3013	2766
7056	1435
3729	2765
3918	1434
6442	2764
3919	1433
5571	2763
5150	1432
3299	2762
135	1431
1740	2761
2568	1430
1435	1439
5575	2769
4491	1438
391	2782
5154	1451
5580	2781
5155	1450
2661	2780
5577	2779
5153	1448
3220	2778
2628	1447
2233	2777
5151	1446
6452	2776
5152	1445
6453	2775
4492	1444
6450	2774
4493	1443
6451	2773
7057	1442
4243	2772
3662	1441
29	1449
197	2793
1462	1462
1776	2792
1236	1461
1777	2791
3920	1460
826	2790
1068	1459
1502	2789
3455	1458
1778	2788
3456	1457
945	1456
1503	2787
1779	2786
1718	1455
4247	2785
116	1454
1021	1453
2948	2784
181	2783
5965	1452
2121	1473
2685	1472
3921	1471
3922	1470
467	1469
2718	2799
412	1468
977	2798
7067	1467
1698	2797
1673	1466
3302	2796
1080	1465
3303	2795
1362	1464
31	2794
1674	1463
5590	1484
3621	1483
13	1482
215	1481
5584	1480
3221	1479
190	1478
1940	1477
4245	1476
42	1475
5581	1474
1094	1495
2167	1494
585	1493
6466	1492
6467	1491
4248	1490
901	1489
5586	1488
5587	1487
387	1486
6459	1485
5592	1499
696	1498
5593	1497
2166	1496
1729	600
3623	601
1384	602
821	603
2952	604
6480	605
768	606
5603	607
831	608
1198	609
1192	610
1193	611
1194	612
1195	613
1196	614
699	615
1197	616
2447	617
1868	618
2722	619
605	620
1869	621
75	622
1190	623
418	624
5607	625
460	626
120	627
254	628
501	629
2135	630
2312	631
1084	632
588	633
410	634
311	635
211	636
6489	637
6490	638
1559	639
2953	640
3227	641
5609	642
3624	643
166	644
4260	645
1243	646
3740	647
2137	648
6497	649
2228	650
530	651
1954	652
6498	653
6499	654
1491	655
1983	656
1957	657
6502	658
4743	659
6772	6300
1376	6302
6773	6301
1984	660
204	661
6503	662
6504	663
319	664
1638	665
400	666
1029	667
474	668
1168	669
4390	6311
4391	6310
5782	6313
6780	6312
137	670
220	671
2272	672
700	673
3625	674
3626	675
771	676
3016	677
489	678
4261	679
5009	6304
6776	6303
6777	6306
3603	6305
1476	6308
5780	6307
4392	6309
6785	6320
5786	6322
6786	6321
4170	6324
6787	6323
5616	680
5617	681
528	682
2954	683
379	684
5618	685
5619	686
2668	687
1608	688
2138	689
3370	6315
3371	6314
6781	6317
1494	6316
4393	6319
4783	6318
4394	6331
2239	5000
2689	6330
1924	5001
6795	6333
5789	6332
5197	5002
6796	6335
3940	5003
5794	6334
3941	5004
4741	690
1712	691
1297	692
2723	693
825	694
935	695
3749	696
4891	697
4892	698
4893	699
4395	6326
4785	6325
1971	6328
2976	6327
5013	6329
3602	6340
5493	6342
5200	5010
6830	6341
4512	5011
3655	5012
5042	6344
5043	6343
6019	5013
6833	6346
7130	5014
3255	6345
6020	5015
5792	6337
3942	5005
6793	6336
7125	5006
5014	6339
5198	5007
5015	6338
3708	5008
4511	5009
5051	6351
5514	5020
6837	6350
1451	6353
1974	5021
6838	6352
1436	5022
6842	6355
3943	5023
5819	6354
1977	5024
5828	6357
2198	5025
6843	6356
2199	5026
6831	6348
6021	5016
5044	6347
7128	5017
4213	5018
5045	6349
7134	5019
5829	6362
7141	5030
2381	6361
5202	5031
3861	6364
4810	5032
5830	6363
2908	5033
423	6366
5207	5034
5824	6365
6031	5035
4413	6368
4215	5036
4414	6367
3474	5037
6847	6360
6846	6359
2200	5027
1343	6358
5551	5028
7140	5029
1831	6373
7153	5041
4416	6372
4519	5042
1600	5043
6858	6375
2470	5044
5836	6374
2767	6377
3475	5045
6856	6376
3476	5046
4419	6379
3477	5047
2768	6378
7156	5048
6853	6371
2001	6370
6030	5040
5204	5038
5055	6369
5205	5039
4796	6384
2129	5052
5838	6383
3097	5053
5842	6386
2486	5054
3259	6385
3098	5055
5531	6388
3099	5056
2398	6387
3100	5057
3101	5058
6870	6389
5225	5059
5057	6380
4794	5050
5839	6382
1683	5051
6860	6381
7154	5049
1790	6395
6053	5063
1791	6394
6054	5064
2226	5065
6873	6397
1398	6396
2301	5066
3637	5067
5870	6399
2382	6398
7178	5068
2130	5069
6867	6391
6868	6390
5226	5060
1792	6393
5227	5061
4145	5062
1793	6392
7185	5074
7188	5075
3952	5076
3953	5077
3483	5078
3484	5079
4544	5070
817	5071
6057	5072
7186	5073
7192	5085
5229	5086
3712	5087
7196	5088
7197	5089
7189	5080
3954	5081
3955	5082
3956	5083
6059	5084
4732	2801
2109	2800
3304	2809
2506	2808
405	2807
5588	2806
5589	2805
6460	2804
6461	2803
6462	2802
4545	5096
4546	5097
7204	5098
1335	5099
6062	5090
3710	5091
4104	5092
6064	5093
6065	5094
6066	5095
1558	2812
3579	2811
2949	2810
4132	2819
5594	2818
1071	2817
4249	2816
1864	2815
2444	2814
3223	2813
4871	2823
6470	2822
6471	2821
6472	2820
2950	2829
4875	2828
1538	2827
5597	2826
4872	2825
1232	2824
306	1503
1727	2834
3222	1502
5595	2833
5591	1501
3586	2832
6465	1500
4873	2831
4874	2830
2720	1509
485	1508
5629	2839
2721	1507
4750	2838
3737	1506
5627	2837
3734	1505
2665	2836
2443	1504
2269	2835
3305	1514
2896	2845
3306	1513
2139	2844
4740	1512
984	2843
1850	1511
3310	2842
2719	1510
2453	2841
5628	2840
6474	1519
1955	1518
1749	2849
2254	1517
4268	2848
4876	1516
4269	2847
3622	1515
1691	2846
244	1525
2016	2856
1592	1524
2017	2855
1397	1523
1453	2854
1303	1522
2018	2853
5596	1521
1872	2852
6473	1520
845	2851
764	2850
569	1529
68	2859
1593	1528
1184	1527
6536	2858
1594	1526
1373	2857
6540	2870
721	1536
6541	2867
2445	1535
6542	2866
1837	1534
6543	2865
5598	1533
6544	2864
3587	1532
3234	2863
4133	1531
4906	2862
3224	1530
662	2861
3630	2860
186	1539
226	1538
3311	2869
2664	1537
2955	2868
38	1550
4281	2881
1286	2880
1891	1547
498	2878
1892	1546
1544	2877
1452	1545
1030	2876
1893	1544
2316	2875
1894	1543
1629	2874
185	1542
6546	2873
1728	1541
6547	2872
292	1540
6539	2871
372	1549
124	2879
4252	1548
4275	1561
3314	2892
2092	1560
6556	2891
6557	2890
3631	1558
5641	2889
6545	1557
2100	2888
5599	1556
1713	2887
1189	1555
6550	2886
5600	1554
4277	2885
2666	1553
4278	2884
3225	1552
4279	2883
2636	1551
4280	2882
3312	1559
955	1572
3634	1571
5635	1570
2947	1569
5636	1568
2669	2899
5637	1567
4283	2898
334	1566
1751	2897
1692	1565
5639	2896
1443	1564
2670	2895
3313	1563
2416	2894
4908	1562
4284	2893
95	1583
6555	1582
2956	1581
2917	1580
5640	1579
4909	1578
5632	1577
5633	1576
4751	1575
2637	1574
5634	1573
1035	1594
382	1593
1987	1592
2516	1591
2517	1590
3751	1589
3752	1588
848	1587
6553	1586
6554	1585
3235	1584
5502	1599
5647	1598
4910	1597
5646	1596
252	1595
2450	700
6519	701
5495	702
723	703
3020	704
131	705
1283	706
2957	707
384	708
4295	709
5650	710
1618	711
3021	712
847	713
5651	714
4915	715
5652	716
2638	717
2671	718
4296	719
1853	720
4918	721
2245	722
4919	723
87	724
3753	725
3754	726
165	727
143	728
783	729
246	730
774	731
775	732
368	733
505	734
776	735
777	736
397	737
436	738
778	739
779	740
780	741
701	742
781	743
782	744
5656	745
5657	746
1228	747
5658	748
1078	749
2672	750
6571	751
6572	752
5503	753
638	754
3755	755
83	756
4753	757
3024	758
407	759
5078	6401
6914	6400
187	760
6578	761
5663	762
4920	763
577	764
2247	765
3759	766
1959	767
484	768
1066	769
4184	6410
6925	6412
5875	6411
3641	770
5665	771
5666	772
946	773
5667	774
4304	775
4923	776
4305	777
4306	778
5873	6403
157	779
6916	6402
2929	6405
6918	6404
5874	6407
6915	6406
3879	6409
1748	6408
2982	6421
3882	6420
6928	6423
3883	6422
948	780
285	781
1215	782
478	783
555	784
1507	785
1254	786
2174	787
2175	788
4924	789
5535	6414
6927	6413
871	6416
6926	6415
2991	6418
3078	6417
3884	6419
1079	6430
5084	6432
2814	5100
5085	6431
2815	5101
5879	6434
2816	5102
5086	6433
1887	5103
1960	790
4927	791
510	792
337	793
5674	794
975	795
697	796
5675	797
4762	798
1298	799
1877	6425
3402	6424
6929	6427
6930	6426
5881	6429
4756	6428
2926	6441
312	6440
2396	5110
4435	6443
7209	5111
6941	6442
4220	5112
3887	6445
2578	5113
5887	6444
2162	5114
3589	6436
7206	5104
4772	5105
5083	6435
4806	6438
7207	5106
3264	6437
5556	5107
7208	5108
6938	6439
5232	5109
6983	6450
6981	6452
7212	5120
6982	6451
3487	5121
6985	6454
4836	5122
5917	6453
7235	5123
2405	5124
2123	6456
6984	6455
6085	5125
5091	6447
2579	5115
3888	6446
2580	5116
4185	6449
7213	5117
2388	5118
6944	6448
6069	5119
6986	6461
6987	6460
2823	5130
3424	6463
2824	5131
1819	6462
6086	5132
6991	6465
7237	5133
3425	6464
7238	5134
5124	6467
4196	5135
2933	6466
5247	5136
5921	6458
3000	5126
1547	5127
3903	6457
2825	5128
1239	5129
3904	6459
2656	6472
4559	5140
1281	5141
5923	6471
5926	6474
3969	5142
5118	6473
3970	5143
3660	5144
3694	6476
2902	5145
3426	6475
4460	6478
3488	5146
2989	5147
3695	6477
5924	6470
5125	6469
5248	5137
5126	6468
3715	5138
251	5139
6998	6483
3615	5151
1961	5152
5929	6482
6996	6485
5249	5153
7000	6484
7246	5154
5928	6487
3975	5155
1985	6486
3976	5156
7006	6489
3977	5157
3696	6488
3978	5158
5925	6481
5127	6480
7249	5150
3489	5148
2471	6479
3490	5149
5130	6494
2296	5162
2701	6493
6101	5163
959	6496
6102	5164
4114	5165
3087	6495
107	6498
4223	5166
4465	6497
7262	5167
3979	5168
7007	6499
5250	5169
5133	6490
1626	6492
6100	5160
5129	6491
2302	5161
6099	5159
3980	5173
7264	5174
1937	5175
7274	5176
6120	5177
7267	5178
7268	5179
7265	5170
6113	5171
880	5172
1685	5184
3716	5185
2257	5186
5262	5187
3614	5188
7296	5189
2169	2909
7269	5180
7277	5181
7295	5182
1814	5183
4282	2900
2170	2908
2171	2907
1493	2906
6559	2905
2417	2904
5644	2903
5645	2902
6560	2901
5263	5195
1223	5196
2839	5197
2840	5198
2841	5199
305	5190
816	5191
1240	5192
7300	5193
2255	5194
3636	2911
2168	2910
960	2919
6561	2918
5501	2917
4911	2916
1227	2915
2101	2914
5642	2913
5643	2912
4316	2922
317	2921
1988	2920
6630	2929
2965	2928
3777	2927
3778	2926
1428	2925
329	2924
3237	2923
470	1602
1752	2933
543	1601
4317	2932
2172	1600
1991	2931
5691	2930
4289	1609
4290	1608
3785	2939
4291	1607
2735	2938
17	1606
2114	2937
2274	1605
911	2936
2173	1604
6634	2935
731	1603
1486	2934
4285	1613
3780	2944
1385	1612
3781	2943
4288	1611
3782	2942
1617	1610
3783	2941
3784	2940
2518	1619
1361	1618
4766	2949
459	1617
6638	2948
563	2947
4912	1616
4286	1615
1393	2946
4287	1614
3327	2945
4292	1624
1560	2955
4293	1623
1354	2954
374	1622
6637	2953
2275	1621
3031	2952
1454	1620
3032	2951
3033	2950
219	1629
3591	1628
3790	2959
5649	1627
3791	2958
6562	1626
3238	2957
1470	1625
4946	2956
2102	2966
3645	1635
6563	1634
6643	2965
4294	1633
6644	2964
860	1632
6640	2963
96	2962
5648	1631
1169	1630
6642	2961
3789	2960
912	1639
3787	1638
5695	2969
3788	1637
5696	2968
6641	1636
5697	2967
5702	2980
1840	1646
4324	2977
35	2976
472	1645
1946	1644
4325	2975
3792	1643
3646	2974
3793	1642
3034	2973
5693	1641
3035	2972
3786	1640
6646	2971
844	2970
5694	1649
2523	1648
2280	2979
2524	1647
2921	2978
2525	1660
644	2991
3240	2990
65	2988
4326	1657
431	1656
5700	2987
1015	1655
5701	2986
4320	1654
918	2985
4321	1653
2740	2984
4948	1652
2741	2983
961	1651
2742	2982
3597	1650
2743	2981
4327	1659
3647	1658
4950	2989
2529	1671
938	1670
913	1668
6654	2999
2738	1667
3796	2998
2739	1666
3797	2997
2178	1665
3798	2996
2179	1664
3799	2995
2180	1663
3800	2994
692	1662
6647	2993
2624	2992
5698	1661
6645	1669
4329	1682
4330	1681
6652	1680
182	1679
2526	1678
1582	1677
2527	1676
567	1675
2528	1674
559	1673
2281	1672
2419	1693
6648	1692
3334	1691
3335	1690
1563	1689
3332	1688
3333	1687
6649	1686
6650	1685
6651	1684
4328	1683
6653	1699
3042	1698
6655	1697
915	1696
447	1695
3036	1694
640	800
2521	801
1155	802
1898	803
1899	804
1900	805
1246	806
1901	807
4932	808
729	809
4309	810
4310	811
3236	812
4338	813
882	814
4339	815
5712	816
4735	817
3810	818
136	819
3808	820
3809	821
5713	822
998	823
3649	824
2642	825
437	826
891	827
1044	828
1045	829
1042	830
325	831
999	832
1043	833
5498	834
456	835
2025	836
2026	837
2027	838
1017	839
174	840
1294	841
451	842
308	843
666	844
2181	845
1490	846
1873	847
956	848
2140	849
457	850
6666	851
6667	852
1046	853
1047	854
492	855
919	856
1000	857
995	858
154	859
4194	6500
892	860
857	861
22	862
2464	863
4342	864
6669	865
2677	866
4961	867
3811	868
1941	869
5960	6511
7054	6510
6671	870
5937	6509
1235	871
3342	872
1631	873
2282	874
5720	875
3812	876
1038	877
1483	6502
1287	878
5134	6501
462	879
2404	6504
2906	6503
2799	6506
1982	6505
5938	6508
2800	6507
3454	6520
4488	6522
4489	6521
2031	880
2032	881
989	882
1632	883
322	884
3242	885
2749	886
5723	887
2465	888
4483	6513
367	889
3704	6512
4203	6515
3916	6514
4822	6517
5546	6516
7058	6519
5961	6518
5971	6531
2907	6530
2842	5200
7063	6533
7299	5201
5972	6532
7297	5202
6679	890
6680	891
5500	892
1180	893
6686	894
1484	895
1165	896
2284	897
2750	898
1962	899
4494	6524
7060	6523
5962	6526
4495	6525
7065	6528
7066	6527
1249	6529
2801	6540
4496	6542
6132	5210
2802	6541
3986	5211
5547	6544
3987	5212
859	6543
3988	5213
194	6535
7298	5203
7064	6534
4844	5204
5156	6537
7302	5205
5973	6536
5264	5206
2803	6539
5265	5207
2112	5208
5157	6538
7301	5209
5159	6551
2431	6550
4578	5220
1876	6553
7306	5221
5160	6552
6137	5222
3458	6555
7307	5223
3459	6554
6144	5224
7071	6546
3989	5214
7070	6545
1589	5215
7069	6548
5266	5216
3195	5217
3923	6547
5267	5218
5975	6549
7309	5219
148	6560
5986	6562
3991	5230
2681	5231
4825	6561
7313	5232
4847	6564
637	5233
5989	6563
2152	5234
7325	6566
3993	5235
5287	6565
5980	6557
6145	5225
7074	6556
3717	5226
7080	6559
7311	5227
7075	6558
3992	5228
4782	5229
656	6571
2903	5240
4595	6570
6170	6573
3214	5241
7331	6572
6176	5242
7334	6575
5297	5243
6169	6574
5298	5244
2397	6577
3516	5245
7335	6576
6177	5246
6147	5236
7333	6568
3503	5237
7324	6567
3504	5238
7329	6569
7352	5239
7343	6582
7356	5250
1422	5251
7337	6581
7340	6584
3517	5252
5291	6583
3518	5253
5294	6586
7359	5254
7345	6585
7364	5255
3616	6588
5300	5256
5292	6587
7362	5257
5290	6580
5288	6579
7357	5247
5289	6578
7358	5248
5550	5249
6172	6593
4000	5261
7349	6592
4851	5262
6174	6595
6179	5263
6173	6594
6181	5264
7348	6597
6182	5265
6175	6596
7370	5266
7347	6599
3291	5267
4843	6598
6190	5268
3628	6591
5293	6590
5301	5260
2995	5258
2430	5259
3288	6589
1467	5272
4153	5273
2589	5274
2590	5275
2591	5276
7377	5277
7378	5278
5305	5279
6186	5270
7371	5271
6185	5269
2593	5283
7419	5284
4009	5285
4010	5286
2425	5287
3535	5288
3536	5289
7383	5280
1566	5281
2594	5282
6226	5294
3650	5295
7422	5296
7423	5297
6227	5298
6228	5299
7418	5290
2383	5291
2253	5292
5328	5293
1487	1701
3041	1700
3805	1709
6658	1708
5707	1707
5708	1706
5709	1705
1431	1704
4955	1703
2105	1702
3801	1712
5705	1711
3804	1710
2237	1719
6660	1718
4335	1717
4336	1716
4337	1715
3802	1714
3803	1713
3806	1723
1065	1722
5710	1721
1238	1720
6661	1729
5711	1728
2966	1727
4956	1726
6659	1725
3807	1724
558	1734
1554	1733
1458	1732
495	1731
533	1730
798	1739
799	1738
800	1737
802	1736
439	1735
805	1745
806	1744
807	1743
808	1742
809	1741
810	1740
812	1749
813	1748
430	1747
814	1746
792	1756
793	1755
794	1754
795	1753
796	1752
797	1751
542	1750
801	1759
803	1758
804	1757
902	1770
1965	1767
6662	1766
3336	1765
3337	1764
3338	1763
3339	1762
3340	1761
811	1760
2391	1769
2744	1768
732	1781
733	1780
734	1778
735	1777
737	1776
739	1775
741	1774
763	1773
4957	1772
99	1771
745	1779
746	1792
747	1791
748	1790
749	1789
751	1788
752	1787
753	1786
231	1785
674	1784
754	1783
755	1782
736	1799
738	1798
740	1797
742	1796
743	1795
744	1794
672	1793
103	900
4965	901
1879	902
5730	903
1151	904
140	905
1379	906
1842	907
3654	908
2922	909
4969	910
1349	911
1450	912
1394	913
1485	914
2751	915
2752	916
2753	917
39	918
3245	919
4970	920
1856	921
3840	922
3841	923
2974	924
245	925
5765	926
3189	927
62	928
539	929
1733	930
4779	931
5001	932
452	933
250	934
3365	935
286	936
6757	937
3366	938
242	939
2687	940
92	941
867	942
5002	943
2182	944
2183	945
2184	946
2185	947
3053	948
493	949
3050	950
3051	951
3052	952
145	953
4780	954
1083	955
5520	956
5768	957
5769	958
639	959
988	960
3369	961
889	962
1575	963
2943	964
933	965
3055	966
3056	967
3057	968
3058	969
3721	6610
7355	6609
4850	6608
3054	970
4165	971
2186	972
2187	973
2188	974
1882	975
5006	976
4599	6601
1997	977
4600	6600
426	978
2979	6603
281	979
4226	6602
7351	6605
4848	6604
3118	6607
3119	6606
5318	6621
1551	6620
4384	980
7397	6619
4385	981
3666	982
289	983
932	984
2756	985
1459	986
687	987
2010	6612
2041	988
3514	6611
2042	989
7353	6614
3515	6613
2652	6616
7354	6615
2384	6618
7392	6617
7401	6630
4612	6632
6229	5300
1884	5301
6211	6631
1395	990
1906	991
1907	992
1908	993
1909	994
1910	995
685	996
1823	997
5778	998
6205	6623
5779	999
6206	6622
6207	6625
5561	6624
2621	6627
5319	6626
2438	6629
1862	6628
7405	6641
4610	6640
6232	5310
3594	5311
5320	6643
5321	6642
7435	5312
7402	6634
7430	5302
6213	6633
4624	5303
2132	6636
6230	5304
3261	5305
2264	6635
7403	6638
7432	5306
7404	6637
6233	5307
5329	5308
4611	6639
6234	5309
6214	6650
7406	6652
5333	5320
7407	6651
6240	5321
1368	5322
1746	6654
1570	6653
6236	5323
4758	6645
7436	5313
1536	5314
5322	6644
3534	6647
6235	5315
2712	6646
7434	5316
7409	6649
6238	5317
7410	6648
3128	5318
2499	5319
6216	6661
4613	6660
6246	5330
2022	4000
6222	6663
5334	5331
3592	5332
2023	4001
6220	6662
4314	4002
6223	6665
6242	5333
5689	4003
6224	6664
5341	5334
4757	5324
7412	6656
4008	6655
5331	5325
7411	6658
6245	5326
7413	6657
4626	5327
4627	5328
6215	6659
4628	5329
6225	6670
839	5340
7416	6672
3756	5341
6631	4010
3292	6671
3025	5342
6632	4011
7421	6674
3026	5343
6633	4012
5324	6673
2617	5344
3325	4013
4617	6676
3761	5345
3326	4014
7420	6675
6629	4004
6219	6667
6249	5335
3580	4005
6221	6666
6250	5336
6635	4006
7417	6669
6251	5337
1366	5338
5690	4007
7415	6668
6587	5339
6636	4008
4315	4009
5325	6681
6594	5350
5326	6680
4308	5351
1855	6683
6639	4020
3770	5352
5692	4021
5327	6682
6597	5353
4945	4022
6281	6685
5672	5354
4947	4023
6282	6684
4926	5355
3328	4024
3542	6687
4113	5356
3329	4025
2300	6686
3762	5346
5507	4015
4618	6678
3763	5347
3779	4016
4619	6677
5669	5348
1928	4017
6592	5349
4318	4018
4620	6679
869	4019
2732	5360
5360	6692
767	5361
2145	4030
4651	6691
4930	5362
3794	4031
6291	6694
260	5363
5699	4032
2494	6693
2459	5364
4949	4033
6293	6696
1815	5365
4155	4034
6292	6695
2323	5366
2736	4035
4027	6698
2324	5367
2737	4036
4028	6697
4653	6690
6610	5357
3330	4026
4652	6689
2733	5358
3331	4027
2501	6688
1561	5359
2641	4028
4319	4029
5506	5371
3037	4040
5679	5372
2676	4041
6614	5373
3038	4042
5681	5374
3039	4043
4934	5375
3040	4044
4935	5376
3648	4045
2229	4046
4936	5377
2963	5378
6718	4047
6613	5370
2325	5368
4322	4037
2326	5369
4323	4038
4029	6699
4767	4039
4938	5382
1602	4051
1689	5383
6716	4052
1620	5384
6717	4053
3775	5385
4975	4054
6623	5386
4358	4055
6625	5387
4359	4056
6624	5388
3354	4057
4151	5389
3355	4058
4940	5380
4941	5381
6715	4050
898	5379
5743	4048
4773	4049
4313	5393
6721	4062
4944	5394
1073	4063
4154	5395
3248	4064
3029	5396
3359	4065
2675	5397
3360	4066
3030	5398
4978	4067
1966	5399
4162	4068
5516	4069
5685	5390
5686	5391
4976	4060
5687	5392
551	4061
3356	4059
5745	4073
6722	4074
4980	4075
4981	4076
4982	4077
4983	4078
4984	4079
5746	4070
6724	4071
4775	4072
2327	4084
1356	4085
2149	4086
1967	4087
2328	4088
5749	4089
3651	1809
3657	4080
1838	4081
6727	4082
6728	4083
750	1800
4985	1808
506	1807
4360	1806
554	1805
756	1804
757	1803
758	1802
759	1801
5752	4095
113	4096
4365	4097
4366	4098
4367	4099
5750	4090
2646	4091
6732	4092
6729	4093
5753	4094
390	1811
521	1810
1357	1819
3250	1818
4986	1817
2683	1816
4361	1815
6731	1814
2536	1813
2537	1812
2033	1822
2034	1821
2035	1820
6735	1829
2036	1828
2037	1827
517	1826
2038	1825
158	1824
1880	1823
1963	1833
6733	1832
678	1831
6734	1830
2150	1839
2118	1838
3833	1837
3363	1836
3364	1835
241	1834
576	1844
1574	1843
3663	1842
3831	1841
3832	1840
1705	1849
6739	1848
1387	1847
473	1846
4989	1845
1758	1855
2039	1854
609	1853
2040	1852
1881	1851
175	1850
914	1859
3049	1858
2973	1857
6738	1856
3836	1866
546	1865
1420	1864
428	1863
4370	1862
1704	1861
4988	1860
173	1869
6740	1868
3837	1867
6741	1880
6744	1877
1760	1876
6745	1875
3664	1874
6749	1873
4371	1872
2686	1871
2647	1870
73	1879
5756	1878
388	1891
5758	1890
850	1888
1613	1887
4372	1886
6753	1885
4992	1884
1690	1883
4993	1882
1401	1881
3665	1889
612	1899
614	1898
615	1897
616	1896
1969	1895
4995	1894
6751	1893
2924	1892
3547	6708
5362	6707
3287	6709
6296	6700
6294	6702
3216	6701
5363	6704
5364	6703
6297	6706
1576	6705
5368	6720
4855	6719
6303	6718
2871	6711
6299	6710
5366	6713
4657	6712
2249	6715
6304	6714
4854	6717
6302	6716
4160	6731
4768	5400
5371	6730
5369	6729
728	6722
2458	6721
2217	6724
2218	6723
6306	6726
1081	6725
5370	6728
2456	6727
5407	6740
1419	6742
2400	5410
4352	5411
5408	6741
5727	5409
3343	5401
1836	6733
3344	5402
3549	6732
2283	5403
1026	6735
6694	5404
3550	6734
6695	5405
6307	6737
6689	5406
434	6736
6690	5407
3296	6739
5728	5408
6308	6738
1433	6751
3348	5420
4681	6750
3349	5421
5412	6753
1756	5422
5413	6752
6692	5412
6345	6744
6691	5413
5405	6743
5729	5414
2715	6746
4966	5415
6344	6745
5731	5416
4048	6748
5732	5417
3604	6747
5511	5418
4355	5419
5566	6749
6349	6760
5733	5430
5418	6762
6704	5431
4368	4100
5419	6761
6705	5432
1903	4101
2439	6764
5735	5433
1904	4102
5420	6763
3350	5423
4050	6755
6700	5424
3297	6754
6701	5425
4679	6757
2230	5426
4680	6756
268	6759
3246	5427
6702	5428
6348	6758
6703	5429
2607	6771
3820	5440
1307	6770
4771	5441
5162	4110
4686	6773
1829	6772
5740	5442
5163	4111
4973	5443
5167	4112
5430	6775
4974	5444
3929	4113
4687	6774
5736	5434
1905	4103
5424	6766
1380	5435
4991	4104
4685	6765
6707	5436
3460	4105
5423	6768
6708	5437
2997	4106
6354	6767
3821	5438
1477	4107
3822	5439
5164	4108
6355	6769
5165	4109
4056	6780
5513	5450
2012	6782
5742	5451
7083	4120
3556	6781
6710	5452
7084	4121
5431	6784
2096	5453
5166	4122
2875	6783
6709	5454
5992	4123
4053	6786
2420	5455
7092	4124
4054	6785
1279	4114
1947	5445
3555	6777
1427	5446
4736	4115
4688	6776
834	6779
6711	5447
2569	4116
2967	5448
2570	4117
6359	6778
4357	5449
2571	4118
5168	4119
6397	6791
5515	5460
3166	6790
2627	4130
6720	5461
3563	6793
6719	5462
7090	4131
3009	6792
1953	4132
1700	6795
3351	5463
1995	5464
1812	4133
4707	6794
3352	5465
5995	4134
5459	6797
3353	5466
7099	4135
6399	6796
3823	5456
5172	4125
6396	6788
6713	5457
4498	4126
4055	6787
6714	5458
4499	4127
6712	5459
4500	4128
3167	6789
3207	4129
4382	5470
4381	5471
7097	4140
6779	5472
5178	4141
2236	5473
6003	4142
1878	4143
4167	5474
5010	5475
2572	4144
5775	5476
2573	4145
6778	5477
2297	4146
2968	5467
5996	4136
6402	6799
4380	5468
5173	4137
5465	6798
4383	5469
5998	4138
5999	4139
1469	5481
2574	4150
2441	4151
5524	5482
5785	5483
7100	4152
1497	5484
2393	4153
5011	5485
5181	4154
3668	5486
7101	4155
6783	5487
3209	4156
6782	5488
5186	4157
1473	5480
5523	5478
6000	4147
5776	5479
2575	4148
2576	4149
5787	5492
2007	4161
2332	5493
2128	4162
2333	5494
6006	4163
2334	5495
4208	4164
2335	5496
7103	4165
2189	5497
3705	4166
477	4167
1645	5498
2190	5499
5187	4168
5788	5490
2468	5491
5185	4160
1332	5489
2484	4158
7102	4159
6008	4172
4503	4173
6009	4174
7105	4175
7104	4176
1342	4177
1371	4178
2161	4179
4502	4170
6007	4171
4501	4169
6025	4183
1148	4184
3686	4185
7139	4186
6026	4187
7148	4188
625	1909
5203	4189
626	1908
4513	4180
2433	4181
6023	4182
629	1907
630	1906
278	1905
631	1904
632	1903
380	1902
634	1901
636	1900
2485	4194
2812	4195
1641	4196
2813	4197
6032	4198
6029	4199
611	1919
7149	4190
3472	4191
3473	4192
4516	4193
613	1910
617	1918
618	1917
619	1916
620	1915
621	1914
622	1913
623	1912
624	1911
627	1921
628	1920
1666	1929
3839	1928
5760	1927
3600	1926
191	1925
633	1924
635	1923
440	1922
1663	1932
1664	1931
1665	1930
55	1939
4373	1938
4778	1937
1667	1936
917	1935
1668	1934
1669	1933
4164	1943
1943	1942
6754	1941
2925	1940
214	1949
4998	1948
1475	1947
4374	1946
4375	1945
5762	1944
225	1954
6755	1953
2440	1952
5763	1951
5764	1950
1583	1959
1488	1958
5799	1957
1539	1956
2423	1955
3062	1965
6805	1964
2336	1963
1998	1962
253	1961
2337	1960
3198	1969
6804	1968
1858	1967
3063	1966
1992	1976
414	1975
2626	1974
4400	1973
1732	1972
282	1971
5800	1970
1634	1979
133	1978
3844	1977
693	1990
2543	1987
2544	1986
2545	1985
6807	1984
3672	1983
4401	1982
4402	1981
4403	1980
664	1989
2548	1988
1149	1998
5025	1997
5806	1996
2153	1995
3254	1994
5807	1993
2546	1992
2547	1991
6809	1999
5471	6807
324	6806
5467	6809
6404	6808
6401	6801
1822	6800
6403	6803
4083	6802
5462	6805
4761	6804
3570	6818
3568	6817
3571	6819
1989	6810
2937	6812
4084	6811
2141	6814
5472	6813
3569	6816
1468	6815
3175	6830
5482	6829
4842	6828
1446	6821
540	6820
6407	6823
2082	6822
5477	6825
4721	6824
6413	6827
6411	6826
2508	6841
2509	6840
4171	5510
316	5508
2507	6839
3372	5509
1508	6832
6788	5500
5525	5501
3176	6831
5012	5502
2223	6834
6790	5503
2224	6833
6789	5504
6416	6836
3373	5505
2225	6835
683	6838
3374	5506
3375	5507
5480	6837
4253	6850
6481	6852
3671	5520
4254	6851
5016	5521
3670	5519
1944	6843
6791	5511
5601	6842
926	5512
6478	6845
5793	5513
4742	6844
5526	5514
6477	6847
6792	5515
1341	6846
6794	5516
4255	6849
5790	5517
3738	6848
5791	5518
4877	6861
4258	6860
5795	5530
6485	6863
6797	5531
7150	4200
5604	6862
3376	5532
7151	4201
6479	6854
4172	5522
6482	6853
3590	5523
4256	6856
5018	5524
4257	6855
5017	5525
6486	6858
2651	5526
4259	6857
5796	5527
6798	5528
5608	6859
529	5529
2136	6870
6501	6872
5823	5540
6493	6871
5821	5541
2201	4210
1418	6874
5822	5542
2202	4211
3308	6873
5049	5543
2203	4212
5606	6865
3377	5533
7152	4202
5605	6864
2286	5534
5206	4203
6491	6867
3378	5535
6033	4204
537	5536
6492	6866
6034	4205
4137	6869
5046	5537
6035	4206
3739	6868
5047	5538
2008	4207
6836	5539
2252	4208
7155	4209
3741	6881
3231	6880
6849	5550
6507	6883
6839	5551
7158	4220
3742	6882
5052	5552
3709	4221
4262	6885
5053	5553
2910	4222
6508	6884
4754	4223
820	5554
4880	6876
5050	5544
2204	4213
4881	6875
6835	5545
2205	4214
6506	6878
861	5546
1655	4215
5615	6877
6844	5547
4520	4216
315	4217
6845	5548
5611	6879
3384	5549
7157	4218
3268	4219
6514	6890
1442	6892
5835	5560
6515	6891
4418	5561
2695	4230
432	5562
908	6894
4216	4231
5621	6893
949	5563
3102	4232
2313	6896
6857	5564
3103	4233
2314	6895
5840	5565
4524	4234
4885	6887
6854	5555
4829	4224
4886	6886
5833	5556
4817	4225
4887	6889
4793	5557
5208	4226
4888	6888
6852	5558
7159	4227
5530	5559
7160	4228
4525	4229
690	5570
3386	5571
1171	4240
6861	5572
3957	4241
6866	5573
6060	4242
840	4243
6877	5574
4421	5575
2492	4244
3201	5576
7193	4245
6564	6898
6859	5566
7161	4235
2315	6897
1723	5567
7191	4236
1432	5568
2491	4237
5	4238
6565	6899
3385	5569
3958	4239
5058	5580
4178	5581
3208	4250
4423	5582
5231	4251
962	5583
2427	4252
936	4253
1183	5584
6879	5585
2206	4254
3069	5586
1248	4255
1163	5587
4547	4256
4420	5577
6063	4246
5059	5578
7202	4247
5060	5579
7201	4248
5230	4249
4804	5591
4550	4260
3257	5592
5233	4261
6924	5593
4219	4262
5081	5594
7210	4263
3880	5595
4549	4264
1927	4265
3881	5596
1013	4266
2781	5597
2782	5598
7214	4267
6881	5590
3070	5588
4548	4257
276	5589
7203	4258
7205	4259
6070	4271
6071	4272
4835	4273
3485	4274
7215	4275
6075	4276
6072	4277
6073	4278
3106	4270
1719	5599
6068	4268
7211	4269
6076	4282
6077	4283
1348	4284
5234	4285
2817	4286
2818	4287
2819	4288
6078	4289
6074	4280
3486	4281
2960	4279
7248	4293
5558	4294
6097	4295
6095	4296
6096	4297
7245	4298
7252	4299
6079	4290
7240	4291
7247	4292
4913	6906
4142	6905
4916	6908
2639	6907
4917	6909
1181	6900
2958	6902
6566	6901
4914	6904
3192	6903
4143	6917
5653	6916
5659	6919
6574	6918
2519	6911
2103	6910
6567	6913
2520	6912
5654	6915
3639	6914
1337	6928
2897	6927
5664	6929
6570	6920
3022	6922
3023	6921
6581	6924
6569	6923
6582	6926
3640	6925
6590	6940
3318	6939
5877	5607
3319	6938
5876	5608
6933	5609
1282	6931
2959	6930
6920	5600
6576	6933
6921	5601
5662	6932
2783	5602
2898	6935
2784	5603
1715	6934
1364	5604
6596	6937
6932	5605
4755	6936
5878	5606
760	6951
6608	6950
5537	5620
1813	5618
3028	6949
3605	5619
1854	6942
2930	5610
2277	6941
5536	5611
3768	6944
6937	5612
6601	6943
6935	5613
6600	6946
2931	5614
6598	6945
5088	5615
1392	6948
5089	5616
2625	6947
5883	5617
5714	6960
4958	6962
3406	5630
5716	6961
3407	5631
7256	4300
3405	5629
5677	6953
6939	5621
4147	6952
6946	5622
4928	6955
6948	5623
4929	6954
5884	5624
3044	6957
4437	5625
6663	6956
4438	5626
5715	6959
4436	5627
3045	6958
4807	5628
2745	6971
2746	6970
5538	5640
381	4310
3341	6973
4809	5641
2747	6972
6953	5642
3280	4311
6105	4309
2901	6964
3408	5632
7250	4301
4959	6963
6952	5633
7251	4302
4960	6966
5540	5634
6103	4303
4341	6965
4808	5635
3491	4304
6664	6968
5888	5636
3492	4305
4340	6967
3889	5637
3493	4306
1555	4307
6951	5638
6665	6969
5539	5639
720	4308
2147	6980
2748	6982
6955	5650
4734	5651
1994	6981
6111	4320
6438	6984
5893	5652
7261	4321
5721	6983
4769	4322
5894	5653
5494	5643
4156	6975
6106	4312
6670	6974
3079	5644
4563	4313
1033	6977
3080	5645
4564	4314
2028	6976
3081	5646
4565	4315
1214	4316
582	5647
2029	6979
2030	6978
5890	5648
7263	4317
5891	5649
6109	4318
6112	4319
1400	6991
6681	6990
5122	5660
6673	6993
6992	5661
4840	4330
2680	6992
3693	5662
6114	4331
6676	6995
5922	5663
6115	4332
6675	6994
6993	5664
1913	4333
4333	3002
4334	3001
1611	3000
5718	6986
4440	5654
6107	4323
4345	6985
4443	5655
2163	4324
2678	6988
4444	5656
7266	4325
2679	6987
2295	5657
4566	4326
3244	4327
5121	5658
2643	6989
5123	5659
4567	4328
3282	4329
886	5670
1172	4340
2241	5671
1625	4341
6999	5672
3599	5673
5253	4342
3908	5674
7275	4343
6994	5675
7276	4344
4953	3013
4954	3012
6657	3011
5706	3010
5703	3009
5704	3008
2115	3007
3795	3006
4331	3005
4332	3004
3233	3003
6687	6997
4119	5665
1914	4334
6677	6996
1586	4335
2251	5666
3814	6999
5119	5667
1980	4336
1598	5668
6688	6998
7270	4337
5927	5669
7271	4338
3499	4339
7001	5680
1367	5681
2831	4350
7003	5682
2832	4351
5544	5683
2833	4352
5931	5684
2834	4353
4816	5685
2835	4354
5930	5686
2836	4355
3046	3024
3047	3023
3048	3022
2682	3021
3358	3020
3357	3019
3043	3018
461	3017
6656	3016
4951	3015
4952	3014
6995	5676
6121	4345
3428	5677
6122	4346
3429	5678
6126	4347
3430	5679
2127	4348
2837	4349
5932	5690
3697	5691
7303	4360
5933	5692
1437	4361
5939	5693
7304	4362
7014	5694
3115	4363
2899	4364
7017	5695
5935	5696
5268	4365
4121	5697
5269	4366
4979	3035
887	3034
1757	3033
2466	3032
3826	3031
3827	3030
3825	3029
3661	3028
4977	3027
3824	3026
941	3025
4169	5687
7278	4356
3432	5688
7279	4357
5934	5689
2711	4358
6133	4359
1237	4370
2357	4371
2358	4372
6135	4373
7305	4374
6134	4375
1011	4376
7308	4377
2971	3046
3828	3045
2117	3044
6723	3043
4163	3042
2645	3041
3362	3040
3361	3039
2240	3038
5744	3037
2258	3036
7011	5698
5270	4367
7013	5699
2359	4368
2360	4369
6141	4381
6136	4382
6138	4383
6139	4384
5271	4385
7310	4386
5272	4387
2386	4388
1116	3057
1117	3056
1118	3055
1119	3054
1120	3053
1121	3052
1122	3051
1040	3050
6140	4380
6725	3049
2970	3048
6726	3047
1302	4378
2429	4379
1109	3060
6151	4392
5273	4393
5274	4394
1541	4395
3203	4396
3501	4397
3502	4398
2690	4399
2533	3068
2534	3067
2535	3066
1110	3065
1111	3064
1112	3063
1113	3062
7312	4390
1114	3061
6152	4391
1036	3059
1115	3058
3583	4389
2530	3071
2531	3070
2972	3079
5747	3078
5748	3077
1280	3076
3830	3075
1716	3074
6730	3073
3829	3072
2532	3069
5751	3082
2422	3081
1429	3080
4364	3089
5754	3088
4987	3087
6737	3086
4362	3085
6736	3084
927	3083
479	3093
3834	3092
4990	3091
4363	3090
2684	3099
1759	3098
4776	3097
1338	3096
2620	3095
3835	3094
1421	5706
5944	5707
5945	5708
7025	5709
7012	5700
5942	5701
7019	5702
7021	5703
7024	5704
7023	5705
5966	5717
5968	5718
5967	5719
7026	5710
7061	5711
7062	5712
4102	5713
5963	5714
4204	5715
7059	5716
5978	5730
5976	5728
3092	5729
5969	5720
5970	5721
5964	5722
7068	5723
1847	5724
5974	5725
5977	5726
3272	5727
1292	5740
5987	5741
3506	4410
7077	5739
3116	4408
3505	4409
862	4400
5979	5731
2457	4401
3457	5732
369	5733
5275	4402
2703	5734
3718	4403
5158	5735
5276	4404
4123	5736
6156	4405
7076	5737
6157	4406
7078	5738
1656	4407
7087	5750
5169	5751
7361	4420
5170	5752
5299	4421
5281	4419
5983	5742
6153	4411
5984	5743
6154	4412
5161	5744
6161	4413
5985	5745
4584	4414
4824	5746
4585	4415
1684	5747
7315	4416
5504	5748
7316	4417
7093	5749
5282	4418
2059	5760
7096	5761
7363	4430
1933	4431
7094	5762
7095	5763
2911	4432
5755	3101
265	3100
7089	5753
3722	4422
2231	5754
2588	4423
2060	5755
3120	4424
1742	5756
2435	4425
2061	5757
3121	4426
2062	5758
4601	4427
1339	4428
2063	5759
7360	4429
4211	5770
7115	5771
4602	4440
4108	5772
3617	4441
5548	5773
4605	4442
7116	5774
6183	4443
3838	3112
6746	3111
6748	3110
6747	3109
5757	3108
4994	3107
6750	3106
1996	3105
4369	3104
343	3103
1226	3102
2704	5764
5560	4433
2483	5765
1709	4434
196	4435
5994	5766
7114	5767
6178	4436
4117	5768
7365	4437
6016	5769
7366	4438
7367	4439
2809	5780
2810	5781
4603	4450
7120	5782
4604	4451
655	4452
2999	5783
4510	5784
7374	4453
7118	5785
7375	4454
371	3123
4996	3122
4997	3121
1706	3120
5759	3119
5519	3118
6752	3117
4161	3116
5518	3115
6742	3114
6743	3113
7117	5775
6184	4444
5196	5776
3004	4445
4827	5777
3519	4446
7119	5778
3520	4447
2811	5779
7369	4448
3723	4449
7123	5790
7124	5791
1472	4460
4111	5792
1580	4461
3183	5793
7382	4462
7121	5794
4002	4463
5534	5795
4003	4464
7122	5796
6193	4465
6801	3134
5020	3133
5021	3132
3843	3131
6799	3130
5019	3129
2538	3128
2539	3127
1857	3126
2894	3125
5761	3124
3936	5786
5302	4455
3937	5787
5303	4456
3938	5788
5304	4457
3939	5789
6192	4458
7376	4459
6199	4470
6200	4471
6201	4472
6202	4473
5312	4474
5313	4475
1766	4476
5022	3145
6802	3144
6803	3143
4786	3142
5797	3141
4118	3140
881	3139
4396	3138
4397	3137
4173	3136
6800	3135
4212	5797
5306	4466
7127	5798
5307	4467
6017	5799
5308	4468
6196	4469
7426	4480
7424	4481
2155	4482
2120	4483
3126	4484
7425	4485
1535	4486
3724	4487
4174	3156
3659	3155
5023	3154
5024	3153
1844	3152
1607	3151
1175	3150
2540	3149
2541	3148
2542	3147
5798	3146
2592	4477
5314	4478
6197	4479
7429	4491
7427	4492
4621	4493
3277	4494
4622	4495
4623	4496
1067	4497
4011	4498
5804	3167
5805	3166
2097	3165
3845	3164
3846	3163
3847	3162
5803	3161
3593	4490
4399	3160
4398	3159
5801	3158
5802	3157
7428	4488
6231	4489
6806	3170
6811	3178
4787	3177
4175	3176
1721	3175
1817	3174
6808	3173
4404	3172
6810	3171
3673	3169
2259	3168
4853	4499
5026	3181
5027	3180
5031	3189
404	3188
2338	3187
855	3186
2339	3185
3848	3184
3849	3183
3850	3182
5809	3179
5030	3192
3851	3191
3675	3190
2195	3199
3388	3198
3389	3197
3390	3196
5032	3195
2977	3194
2892	3193
3228	5805
5199	5806
7129	5807
6022	5808
7131	5809
7126	5800
3468	5801
3469	5802
3470	5803
3471	5804
7138	5816
7132	5817
7133	5818
7135	5819
6018	5810
3094	5811
3095	5812
3096	5813
2707	5814
7137	5815
5549	5827
6027	5828
6028	5829
7136	5820
3944	5821
3945	5822
5201	5823
6024	5824
4514	5825
4515	5826
7175	5840
2408	5838
6239	4507
2696	4508
4834	5839
4625	4509
4517	5830
4518	5831
5555	4500
4784	4501
7144	5832
7142	5833
7431	4502
7143	5834
3127	4503
290	4504
7146	5835
7145	5836
7437	4505
7147	5837
7433	4506
6051	5850
7179	5851
3129	4520
6055	5849
3131	4518
294	4519
6050	5841
6241	4510
7174	5842
6244	4511
4781	4512
4543	5843
4138	5844
5337	4513
1693	4514
7176	5845
5512	5846
2306	4515
1358	4516
6052	5847
6056	5848
3132	4517
3711	5860
6058	5861
2865	4530
4745	5862
2866	4531
2194	3200
2864	4529
7180	5852
3130	4521
7181	5853
4014	4522
7182	5854
5338	4523
7177	5855
3281	4524
5529	5856
5344	4525
1701	5857
5345	4526
5228	5858
5346	4527
7187	5859
5347	4528
7199	5870
6061	5871
4230	4540
4158	5872
6256	4541
7194	5873
3133	4542
6892	3211
6893	3210
1737	3208
6890	3207
2923	3206
822	3205
4424	3204
1949	3203
532	3202
2193	3201
7183	5863
2867	4532
3184	5864
2868	4533
7184	5865
4629	4534
7190	5866
6252	4535
4125	5867
4636	4536
2490	5868
4637	4537
7200	5869
5563	4538
3644	4539
5063	3209
2915	5880
5242	5881
5372	4550
1546	5882
5373	4551
7229	5883
5374	4552
4557	5884
6309	4553
2985	3222
1178	3221
6897	3220
6894	3219
6895	3218
3869	3217
3870	3216
3871	3215
3872	3214
5848	3213
2928	3212
7195	5874
3134	4543
7198	5875
3135	4544
409	5876
3136	4545
6067	5877
6257	4546
3685	5878
5351	4547
5243	5879
4658	4548
4659	4549
3967	5890
1923	4560
3968	5891
2000	5892
6314	4561
5541	4562
3279	5893
1708	4563
7233	5894
5246	5895
6316	4564
589	3233
1670	3232
1671	3231
1672	3230
1457	3229
1251	3228
6896	3227
2289	3226
2769	3225
2770	3224
3873	3223
4558	5885
4030	4554
1990	4555
7231	5886
5244	5887
6311	4556
5245	5888
6312	4557
7232	5889
6313	4558
6310	4559
1591	4570
2709	4571
2872	4572
2873	4573
2904	4574
6318	4575
3393	3244
3394	3243
3395	3242
5533	3241
2406	3240
2290	3239
1489	3238
5064	3237
272	3236
6899	3235
4770	3234
2385	5896
2713	4565
1230	5897
3141	4566
1743	5898
3142	4567
6084	5899
3143	4568
4660	4569
4206	4580
4661	4581
5377	4582
6317	4583
6320	4584
4662	4585
4232	4586
2340	3255
2154	3254
1023	3253
4800	3252
2693	3251
1091	3250
1425	3249
4426	3248
4427	3247
3391	3246
3392	3245
2365	4576
2366	4577
2367	4578
4195	4579
2619	4590
4234	4591
2394	4592
5381	4593
6326	4594
2234	4595
1875	4596
1278	4597
6902	3266
5067	3265
6903	3264
3397	3263
2694	3262
4180	3261
5850	3260
3073	3259
3074	3258
443	3257
6901	3256
4042	4587
5379	4588
6319	4589
5072	3277
5073	3276
5855	3275
6906	3274
5858	3273
5852	3272
1931	3271
4181	3270
5068	3269
5069	3268
5070	3267
4667	4598
2604	4599
5074	3280
5859	3288
4177	3287
1595	3286
466	3285
1018	3284
1596	3283
2988	3282
6909	3281
5853	3279
5071	3278
4801	3291
6911	3290
3412	3299
4188	3298
5897	3297
3689	3296
6910	3295
1027	3294
4428	3293
4802	3292
3610	3289
6087	5904
6088	5905
3971	5906
3972	5907
3973	5908
1176	5909
4837	5900
7234	5901
6082	5902
6083	5903
6090	5915
7241	5916
1415	5917
6092	5918
6091	5919
3974	5910
897	5911
6089	5912
7236	5913
4560	5914
4109	5926
4562	5927
7243	5928
4561	5929
2826	5920
2827	5921
2828	5922
2829	5923
7242	5924
7239	5925
858	4606
2089	5937
6098	5938
1092	4607
3107	5939
4670	4608
6333	4609
6093	5930
6094	5931
2605	4600
7244	5932
2606	4601
7253	5933
2263	4602
7254	5934
4665	4603
5552	5935
5382	4604
7255	5936
5383	4605
6347	5950
2418	5948
5433	4617
6110	5949
6370	4618
4057	4619
3108	5940
3109	5941
2221	4610
6104	5942
6361	4611
1216	5943
6362	4612
7260	5944
3619	4613
7258	5945
4690	4614
7257	5946
4691	4615
7259	5947
6369	4616
3151	5960
6351	5961
5435	4630
3150	5959
2070	4628
2071	4629
5416	5951
4058	4620
5417	5952
6368	4621
4682	5953
4059	4622
5414	5954
6371	4623
5415	5955
2072	4624
4237	5956
2014	4625
5421	5957
2073	4626
5422	5958
2074	4627
838	5970
6356	5971
2075	4640
3008	5972
2076	4641
5898	3310
4448	3307
5437	4639
947	3306
6960	3305
5895	3304
3892	3303
3893	3302
5896	3301
3411	3300
6352	5962
4860	4631
2941	5963
5434	4632
2131	4633
4052	5964
1540	5965
2370	4634
5425	5966
5436	4635
1186	5967
5438	4636
480	3309
4051	5968
4692	4637
3643	5969
4449	3308
4693	4638
2634	5980
4689	5981
6377	4650
2227	4651
1374	5982
1334	5983
6382	4652
2788	3321
2789	3320
512	3318
6962	3317
874	3316
2292	3315
3894	3314
3895	3313
3896	3312
4139	3311
3618	5973
2077	4642
6357	5974
2078	4643
5427	5975
2079	4644
5428	5976
2080	4645
1694	5977
2081	4646
5429	5978
5439	4647
4737	4648
5432	5979
3262	4649
2790	3319
3152	5990
4791	4660
3557	5991
3558	5992
6386	4661
4168	5993
3574	4662
6364	5994
3575	4663
1331	2001
6964	3332
1423	2000
3416	3331
3417	3330
3414	3329
3415	3328
4450	3327
3897	3326
3269	3325
3265	3324
6963	3323
2787	3322
6358	5984
6383	4653
4859	5985
4696	4654
4120	5986
5442	4655
6360	5987
5446	4656
4238	5988
4699	4657
3153	5989
6384	4658
4849	4659
6422	4670
6423	4671
6428	4672
2377	4673
2005	4674
5028	2012
4812	3343
5029	2011
3607	3342
179	2010
6968	3341
5542	3340
2622	2009
417	2008
942	3339
483	2007
2697	3338
1360	2006
6967	3337
1471	3336
2191	2005
2192	2004
5102	3335
1883	2003
6965	3334
5808	2002
3690	3333
719	4664
6365	5995
6367	5996
5570	4665
261	4666
6366	5997
2474	4667
6363	5998
4710	5999
4096	4668
4097	4669
6430	4680
531	4681
4726	4682
3218	4683
3193	4684
4727	4685
1438	3354
5811	2023
503	3353
5812	2022
1642	3352
4788	2021
511	2020
6971	3351
5527	3350
6816	2019
4405	2018
3899	3349
3676	2017
5103	3348
4406	2016
5104	3347
4407	2015
5901	3346
169	3345
6812	2014
6813	2013
1417	3344
1646	4675
3728	4676
4100	4677
6431	4678
6429	4679
1152	4690
832	4691
1153	4692
1154	4693
1156	4694
1157	4695
1158	4696
1930	3365
1781	2034
1782	2033
6974	3364
1783	2032
5907	3363
1784	2031
3900	3362
1785	2030
2480	3361
5905	3360
47	2029
823	2028
2698	3359
1834	2027
5107	3358
6815	2026
3691	3357
1599	2025
4452	3356
5810	2024
2479	3355
1686	4686
1160	4687
1161	4688
1162	4689
3380	2045
1055	3376
2043	2044
1056	3375
2044	2043
1057	3374
2045	2042
920	3373
2046	2041
1058	3372
2047	2040
1059	3371
943	3370
2048	2039
2049	2038
1060	3369
1735	2037
1061	3368
2050	2036
1062	3367
6814	2035
3083	3366
1159	4697
6432	4698
3178	4699
3064	2056
2003	3387
1972	2055
2348	3386
6817	2054
2349	3385
4789	2053
1048	3384
3379	2052
1049	3383
1185	2051
606	3382
5033	2050
1050	3381
1051	3380
1001	2049
5813	2048
1052	3379
5034	2047
1053	3378
5814	2046
1054	3377
2345	3390
1125	2067
1247	3398
970	2066
3901	3397
183	2065
2699	3396
890	2064
3612	3395
1126	2063
6978	3394
649	2062
4454	3393
1127	2061
4455	3392
2401	2060
4456	3391
6818	2059
1511	2058
2346	3389
3381	2057
2347	3388
5035	2070
376	2078
2692	2077
6898	2076
4425	2075
651	2074
535	2073
916	2072
2550	2071
1123	2069
1124	2068
4189	3399
6900	2081
4799	2080
2773	2089
2774	2088
1765	2087
3396	2086
2942	2085
2986	2084
5065	2083
366	2082
5532	2079
2771	2092
2475	2091
2772	2090
5066	2099
570	2098
2987	2097
4179	2096
3075	2095
2775	2094
2134	2093
6437	4705
2378	4706
2379	4707
2380	4708
1764	4709
1074	4700
5484	4701
152	4702
4101	4703
6436	4704
6445	4716
5576	4717
6447	4718
6449	4719
6433	4710
4730	4711
413	4712
6441	4713
4862	4714
6446	4715
5582	4727
4739	4728
1826	4729
4242	4720
5578	4721
6455	4722
4106	4723
4869	4724
6456	4725
4868	4726
3864	4740
5834	4738
4839	3406
3863	4739
1724	3405
6108	3404
2710	3403
3495	3402
1290	3401
5909	3400
4246	4730
3730	4731
3731	4732
3732	4733
3733	4734
5831	4735
2303	3409
3584	4736
3494	3408
3679	4737
2495	3407
3865	4750
3866	4751
7273	3420
6864	4749
3496	3417
3497	3416
6116	3415
6117	3414
3981	3413
1696	3412
6118	3411
6119	3410
43	4741
3258	4742
4176	4743
5505	4744
1369	4745
3680	4746
6862	4747
5251	3419
6863	4748
5252	3418
6871	4760
5841	4761
6872	4762
5849	2100
6123	3431
2650	3430
4224	3428
2830	3427
3498	3426
3111	3425
2436	3424
3112	3423
3110	3422
7272	3421
2392	4752
3681	4753
6874	4754
6875	4755
1929	4756
6865	4757
4797	4758
6869	4759
6124	3429
3609	4770
6878	4771
6880	4772
5061	4773
6904	2111
6125	3442
6905	2110
4568	3441
2210	3440
5856	2108
2207	3439
4774	2107
2208	3438
4182	2106
2209	3437
5857	2105
2581	3436
1610	2104
1744	3435
6907	2103
2582	3434
5851	2102
4569	3433
1014	2101
4570	3432
833	4763
119	4764
3867	4765
5843	4766
5844	4767
6876	4768
5845	4769
5854	2109
1885	4780
2051	4781
2052	4782
3387	4783
1860	4784
993	2122
4841	3453
5075	2121
7282	3452
6908	2120
7283	3451
7284	3450
5860	2119
1182	3449
5861	2118
5862	2117
5559	3448
5863	2116
2909	3447
3611	2115
7280	3446
20	2114
3213	3445
497	2113
3596	3444
1932	2112
1346	3443
4422	4774
6882	4775
1578	4776
2053	4777
2054	4778
2055	4779
6885	4790
6886	4791
5847	4792
3683	4793
5062	4794
6888	4795
3263	2133
5254	3464
5865	2132
5255	3463
5866	2131
7286	3462
972	2130
7287	3461
7289	3460
994	2129
1086	2128
7288	3459
578	3458
1464	2127
1465	2126
2838	3457
992	2125
2164	3456
1032	2124
7285	3455
1466	2123
7281	3454
1565	4785
6887	4786
5846	4787
6883	4788
6884	4789
841	2144
3990	3475
561	2143
4579	3474
523	2142
4580	3473
3876	2141
4581	3472
2232	3471
4430	2140
4582	3470
4429	2139
1703	3469
5864	2138
2893	2137
2623	3468
842	2136
1628	3467
3874	2135
6142	3466
1480	2134
6143	3465
3868	4796
6889	4797
3071	4798
3072	4799
963	2155
6150	3486
1304	2154
6146	3485
415	2153
2304	3484
5867	2152
2583	3483
2243	2151
2584	3482
4183	2150
2585	3481
4583	3480
4130	2149
1688	3479
2776	2148
815	3478
6913	2147
1832	3477
3875	2146
1396	2145
1830	3476
2469	3497
1975	2166
1164	2165
3994	3496
1714	2164
5277	3495
5899	2163
5278	3494
3398	2162
1327	3493
3399	2161
1328	3492
4432	2160
1329	3491
6148	3490
4431	2159
6912	2158
6149	3489
3202	2157
4205	3488
1820	3487
1409	2156
5902	2177
5903	2176
4811	2175
1545	2174
6966	2173
5900	2172
4451	2171
1351	2170
5101	2169
2476	2168
2843	3499
269	2167
1745	3498
2791	2180
1277	2188
6969	2187
6970	2186
5105	2185
5106	2184
3898	2183
1710	2182
2794	2181
2792	2179
2793	2178
5906	2191
5904	2190
6972	2199
1651	2198
1911	2197
1912	2196
931	2195
888	2194
4453	2193
2653	2192
3204	2189
3813	7000
5726	7002
6684	7001
6693	7004
3243	7003
1621	7006
4353	7005
5766	7011
6699	7010
5000	7013
6756	7012
3367	7015
4999	7014
3368	7017
1761	7016
2618	7008
4354	7007
6698	7009
3842	7022
5003	7021
3196	7024
5767	7023
2754	7026
2755	7025
5770	7028
2975	7027
3601	7020
5004	7019
6758	7018
6762	7033
4116	7032
6769	7035
2467	7034
5005	7037
5007	7036
923	7039
6767	7038
6766	7031
2151	7030
3582	7029
4379	7044
830	7043
5521	7046
6770	7045
6775	7048
5008	7047
5781	7049
2329	7040
2330	7042
2331	7041
5784	7055
3059	7054
4387	7057
5783	7056
2757	7059
6819	7058
2087	7051
5777	7050
3060	7053
3061	7052
2978	7066
4790	7065
6826	7068
3383	7067
6827	7069
2758	7060
6820	7062
2759	7061
6821	7064
6822	7063
1859	7077
2472	7076
3256	7079
6832	7078
2764	7071
6828	7070
6829	7073
2765	7072
3067	7075
3068	7074
6841	7088
6848	7087
1948	7089
2549	7080
1577	7082
1345	7081
4792	7084
3860	7083
3678	7086
6834	7085
1738	4804
2552	4805
2478	4806
3885	4807
3886	4808
5882	4809
6891	4800
982	4801
575	4802
2553	4803
7168	7099
2244	7098
5054	7091
5825	7090
6855	7093
3862	7092
6850	7095
1481	7094
5837	7097
6851	7096
6942	4815
6943	4816
2785	4817
2786	4818
6940	4819
6936	4810
5087	4811
2428	4812
3687	4813
5090	4814
6949	4826
6950	4827
5092	4828
5093	4829
6945	4820
6947	4821
5885	4822
5886	4823
4187	4824
5889	4825
4439	4837
5279	3505
983	4838
5280	3504
3890	4839
6155	3503
900	3502
7314	3501
238	3500
4186	4830
2984	4831
3266	4832
2900	4833
1142	3509
1416	4834
1143	3508
6954	4835
1144	3507
5892	4836
1145	3506
1845	4850
5097	4848
1128	3516
6956	4849
1129	3515
1130	3514
1131	3513
1132	3512
1133	3511
1134	3510
3891	4840
3082	4841
4441	4842
4442	4843
5094	4844
5095	4845
1135	3519
5096	4846
1136	3518
5098	4847
1137	3517
3410	4860
6961	4861
4838	3530
3409	4859
6158	3527
4586	3526
6160	3525
4587	3524
1138	3523
1139	3522
1140	3521
1141	3520
4445	4851
3688	4852
4446	4853
4447	4854
6957	4855
5099	4856
6958	4857
5283	3529
6959	4858
6159	3528
3413	4870
4461	4871
7004	4872
2293	2210
7320	3541
7317	3540
6979	2207
2844	3538
6976	2206
2845	3537
4103	2205
2493	3536
1289	3535
6973	2204
1430	2203
2846	3534
2110	2202
6164	3533
2084	2201
6165	3532
6975	2200
6166	3531
2407	4862
5100	4863
1649	4864
2341	4865
2342	4866
2343	4867
2344	4868
6977	2209
1650	4869
5912	2208
2847	3539
1695	4880
4466	4881
4467	4882
2159	4883
1794	2221
5284	3552
1795	2220
4590	3551
953	3550
893	2218
2586	3549
1796	2217
2437	3548
1797	2216
6162	3547
4190	2215
6163	3546
5910	2214
4588	3545
5911	2213
4589	3544
5108	2212
7318	3543
1448	2211
7319	3542
7005	4873
7002	4874
4463	4875
4464	4876
5131	4877
5132	4878
4193	4879
965	2219
7008	4890
3088	4891
3598	4892
3197	4893
7015	4894
3085	2232
7368	3563
3086	2231
6180	3562
954	2230
1500	3561
373	3560
5109	2229
2795	2228
2361	3559
2113	2227
7321	3558
680	2226
4591	3557
1426	2225
3002	3556
1461	3555
2905	2224
5913	2223
2009	3554
5908	2222
6167	3553
4815	4884
3431	4885
2891	4886
5135	4887
5136	4888
4197	4889
4798	2243
7380	3574
121	2242
2850	3573
4813	2241
2851	3572
5915	2240
2852	3571
1386	3570
27	2239
1244	2238
6187	3569
496	2237
7372	3568
986	2236
6188	3567
3692	2235
7373	3566
1504	2234
6189	3565
951	3564
3084	2233
7016	4895
2083	4896
7009	4897
7010	4898
5936	4899
212	2254
3585	3585
1573	2253
2853	3584
21	2252
2854	3583
934	2251
2855	3582
2796	2250
4001	3581
6195	3580
5914	2249
5110	2248
6194	3579
104	2247
7381	3578
5111	2246
6191	3577
4191	2245
7379	3576
508	3575
6980	2244
4473	2265
7388	3596
1217	3595
4474	2264
1609	2263
6198	3594
818	2262
7384	3593
990	2261
7385	3592
4469	2260
7386	3591
7387	3590
5950	2259
1009	3589
4470	2258
1587	2257
5309	3588
5145	2256
5310	3587
1614	2255
5311	3586
722	2276
2702	2275
1627	2274
3699	2273
7032	2272
4200	2271
3912	2270
1726	2269
854	3599
5951	2268
4471	2267
1020	3598
4472	2266
1590	3597
2993	2287
4475	2286
7033	2285
5146	2284
7034	2283
2927	2282
3438	2281
1976	2280
1824	2279
139	2278
1648	2277
2992	2290
5953	2298
3913	2297
1004	2296
1010	2295
7035	2294
7036	2293
3700	2292
646	2291
3439	2289
2006	2288
761	2299
648	100
1770	101
1771	102
1295	103
1772	104
26	105
987	106
868	107
30	108
534	109
2505	110
112	111
1849	112
16	113
326	114
223	115
184	116
4298	117
4299	118
4300	119
2455	120
966	121
59	122
101	123
146	124
34	125
408	126
4112	127
153	128
255	129
6043	7101
1615	7100
2395	7103
3186	7102
4124	7105
4833	7104
921	130
81	131
3757	132
14	133
3219	134
3758	135
4144	136
51	137
4922	138
9	139
6044	7110
7171	7112
5553	7111
4541	7114
3478	7113
5216	7116
5217	7115
829	140
773	141
419	142
2731	143
1730	144
46	145
3638	146
5668	147
277	148
78	149
4540	7107
5215	7106
1146	7109
7170	7108
3104	7121
6046	7120
5220	7123
3105	7122
2489	7125
3212	7124
1556	7127
6047	7126
486	150
1866	151
206	152
904	153
2317	154
2318	155
1099	156
228	157
94	158
944	159
5218	7118
5219	7117
6045	7119
5221	7132
6048	7131
4542	7134
3276	7133
6049	7136
1220	7135
4105	7138
1810	7137
401	160
11	161
164	162
894	163
4218	7130
580	164
526	165
273	166
61	167
1100	168
85	169
5222	7129
5223	7128
3479	7143
3480	7142
5224	7145
7173	7144
3959	7147
3960	7146
4221	7149
7216	7148
937	170
15	171
1096	172
1097	173
8	174
3481	7141
1098	175
3482	7140
339	176
584	177
155	178
3766	179
7172	7139
2409	7154
3713	7153
3961	7156
5235	7155
3962	7158
3963	7157
7217	7159
502	180
2914	181
6593	182
607	183
3278	7150
974	184
1405	185
5236	7152
1253	186
5237	7151
1305	187
1406	188
1363	189
4222	7165
7219	7164
3964	7167
3965	7166
6080	7169
4553	7168
571	190
171	191
652	192
875	193
1404	194
7221	7161
996	195
7218	7160
525	196
5238	7163
70	197
7220	7162
2961	198
5670	199
7226	7176
4551	7175
2820	7178
2821	7177
2822	7179
7223	7170
7222	7172
4554	7171
4552	7174
5239	7173
3714	7187
3966	7186
4555	7189
4556	7188
7224	7181
7225	7180
5241	7183
5240	7182
7227	7185
7228	7184
1008	4903
7018	4904
7020	4905
3909	4906
3910	4907
3911	4908
5940	4909
5137	4900
5138	4901
5139	4902
2211	7198
4571	7197
1888	7199
2434	7190
2936	7192
6081	7191
4573	7194
7230	7193
4572	7196
4574	7195
7022	4914
5140	4915
5946	4916
5947	4917
5943	4918
4199	4919
5941	4910
3089	4911
3090	4912
3091	4913
7027	4925
2629	4926
7028	4927
4122	4928
3578	4929
5141	4920
5142	4921
5948	4922
4468	4923
5143	4924
3433	4936
1675	3604
3437	4937
1676	3603
5545	4938
1677	3602
2402	4939
1513	3601
1252	3600
5144	4930
7030	4931
1952	3609
7029	4932
7389	3608
3434	4933
3521	3607
3435	4934
6203	3606
3436	4935
5315	3605
3924	4947
7390	3615
3925	4948
3122	3614
3926	4949
3123	3613
5316	3612
2662	3611
4227	3610
5949	4940
7031	4941
403	4942
2238	4943
769	3619
660	3618
2248	4944
4497	4945
3124	3617
3271	4946
3125	3616
7073	4960
2996	4958
1934	3626
7072	4959
1347	3625
4012	3624
1225	3623
659	3622
5330	3621
4606	3620
4823	4950
1848	4951
1499	4952
2356	4953
3927	4954
3928	4955
1680	3629
910	3628
5981	4956
5982	4957
5332	3627
