18832 0.8950702 4172 0.88263905 11147 0.82193524 7379 0.7762187 24920 0.7740323 926 0.770751 5641 0.7458974 3035 0.7445507 28244 0.7429872 7151 0.7429452 23102 0.73940516 11541 0.7346022 10929 0.72417235 18240 0.7219324 4933 0.7218966 4106 0.71843296 9811 0.7178802 1426 0.71507496 10798 0.71460664 8155 0.71361756 12218 0.70872474 21772 0.70859677 7714 0.7083796 24349 0.705693 4056 0.70545864 10869 0.7019373 1172 0.69740933 32078 0.65898126 23348 0.6552894 1003 0.6540627 
20252 0.8365375 19133 0.83263505 23010 0.7920258 29988 0.72734374 23612 0.7237242 93 0.70327926 20990 0.6900853 17496 0.6869833 18280 0.68307203 21833 0.6819684 24338 0.6819438 1489 0.67978734 22160 0.67799765 14434 0.67712975 22817 0.6763233 29872 0.6759961 3975 0.67551816 13136 0.6749689 1033 0.6749186 19210 0.67368287 15180 0.67318046 29543 0.6713161 32077 0.6711646 14712 0.6710281 21067 0.6694886 13638 0.66867393 22935 0.6683011 7601 0.6681723 8052 0.6657864 28013 0.66577876 
14408 0.9990884 19689 0.998734 15053 0.99872524 21536 0.9985764 19004 0.99808574 6508 0.9969763 23589 0.9968165 25948 0.9967498 991 0.9967145 24563 0.99668217 29664 0.99658316 24376 0.9964557 16202 0.99622315 20141 0.99610955 14122 0.9960727 1321 0.9953665 14402 0.9950656 19226 0.9950474 604 0.9946396 15280 0.99398094 6329 0.9938396 26037 0.9936268 3592 0.9935405 9209 0.99332875 26006 0.9929363 23913 0.99286234 16284 0.992734 12074 0.99255383 16201 0.99247044 1729 0.99221003 
14846 0.9431717 882 0.93732095 18605 0.9148713 600 0.8749042 14659 0.8664343 172 0.8661362 2099 0.8648844 17347 0.8565787 14844 0.8527073 6483 0.8389278 15752 0.8278867 12954 0.82332546 20422 0.817352 9929 0.81206566 8006 0.795277 12955 0.7886282 2100 0.78555155 173 0.77143437 12953 0.76858485 1584 0.7621091 17252 0.7588947 8628 0.7571472 8741 0.75507116 4845 0.75444126 4411 0.7535567 19365 0.7532508 2885 0.7505911 4462 0.74739707 17251 0.74571055 16337 0.74553585 
1301 0.997166 23249 0.9882836 9408 0.9848311 9988 0.9720325 14250 0.97202575 177 0.9621143 5564 0.9545487 15345 0.93476963 14174 0.93132526 32069 0.9300716 5567 0.9290932 28414 0.92725825 256 0.91085756 24259 0.9064409 9989 0.8823833 176 0.878103 24268 0.87214994 15347 0.8703548 27347 0.86435574 27348 0.8610406 178 0.85668665 23675 0.8530305 14256 0.8516157 21530 0.8493017 9405 0.8428379 11696 0.8376859 18896 0.82146835 28276 0.7571268 9104 0.7405705 21974 0.7283747 
19004 0.9895719 24245 0.9881915 11530 0.9841307 9249 0.98348397 29627 0.9818904 13512 0.9796548 9203 0.97853374 470 0.9776234 7584 0.97697204 855 0.97538793 3058 0.97483325 31160 0.97054815 29725 0.97009605 15602 0.9676509 19491 0.9670384 17774 0.9647197 23410 0.96158946 19223 0.96097535 25106 0.96034664 3760 0.9592581 26033 0.9581482 25971 0.95805323 14088 0.95754886 12746 0.9572709 19119 0.9535622 3161 0.9535566 32 0.95311004 13066 0.9525736 11244 0.9523928 3756 0.9521609 
14801 0.6356137 27978 0.63334554 18264 0.625081 23775 0.61874086 26142 0.615884 25948 0.6111377 297 0.61090815 29092 0.60973465 24112 0.59854805 14799 0.5978766 27990 0.5964936 8727 0.5944368 31144 0.5937827 21293 0.59341 28673 0.59298444 24041 0.592746 6458 0.59157896 17239 0.5912119 26539 0.5888832 3307 0.5863895 1082 0.5850307 7193 0.58484966 5492 0.58455116 9304 0.58297575 28471 0.5828378 12712 0.5823225 23485 0.5797686 28220 0.57911 9967 0.57728326 5503 0.5768068 
17069 0.7777789 8056 0.7712241 12957 0.76902616 22417 0.74512005 13018 0.7373793 15181 0.7233559 15651 0.7085235 26435 0.6960879 10391 0.6921427 15654 0.6854402 4461 0.67950565 15640 0.6762571 29514 0.67096335 25285 0.6630114 17515 0.6597607 31896 0.6565245 28493 0.6499062 22179 0.6483392 28455 0.6370289 26706 0.63521177 2083 0.62538624 8038 0.6037801 14992 0.59833163 688 0.59743917 29049 0.59720117 1571 0.592084 8183 0.58661133 23403 0.5774063 6766 0.5766827 30103 0.5743925 
13316 0.974161 21369 0.94886196 12188 0.94421417 24212 0.94274265 25540 0.94060916 20811 0.9397692 28558 0.93823946 18568 0.93644834 4842 0.9347743 13681 0.9307351 25872 0.9262617 31568 0.918183 29582 0.91733414 23152 0.9116715 7754 0.9051123 18170 0.9041836 3225 0.90091205 1859 0.9006497 28568 0.8991216 24975 0.8953856 14354 0.89465016 31574 0.89319354 31698 0.8923875 11629 0.8920513 13624 0.8914012 23917 0.8910702 20810 0.8908727 1092 0.8894933 28449 0.8893784 15469 0.8886633 
18680 0.6123115 11831 0.6000344 7492 0.541476 31807 0.53220826 18857 0.5177261 14051 0.51488143 26397 0.48702294 9449 0.45680887 9506 0.4442643 20746 0.43202838 16552 0.42584395 7435 0.41539022 26822 0.41493672 160 0.40659422 5102 0.4025693 27622 0.40220603 10481 0.40105182 8160 0.39711028 24804 0.39491868 8103 0.394554 15540 0.3940961 8155 0.3893478 27049 0.38931465 14804 0.38852945 13122 0.3865873 4417 0.3856228 6505 0.38420355 11804 0.37969753 12150 0.37784657 8640 0.37735632 
11118 0.85654724 27445 0.78819597 11572 0.74429685 3624 0.7066765 928 0.6906049 28643 0.68636274 26027 0.6777224 19707 0.58744514 9940 0.54844487 15665 0.5358414 31905 0.5194207 5157 0.50835115 11237 0.49510074 2056 0.48993903 26343 0.48318234 4778 0.4823119 22252 0.4808949 9957 0.46950746 17909 0.46752378 5682 0.46519172 8370 0.45830932 23027 0.44845906 3577 0.44386885 5614 0.44375852 9016 0.42889804 9346 0.4246651 1806 0.40863872 18381 0.4000266 27436 0.39927012 21740 0.3879759 
14870 0.9785283 5949 0.93122894 15455 0.92862993 23613 0.89402616 5146 0.88183665 1466 0.8772047 3425 0.8758752 5635 0.86883867 5788 0.8555578 19749 0.8549646 4408 0.8452307 7315 0.8199422 160 0.8148794 20306 0.7759206 8158 0.77480775 19613 0.77189654 5797 0.7717294 9463 0.7678642 5248 0.76779085 15279 0.7655796 18828 0.7463959 14869 0.74316025 14766 0.7418522 4673 0.7344477 5691 0.730794 5142 0.7283069 1386 0.7257072 25922 0.7252041 7809 0.72440225 3188 0.72403103 
18482 0.851698 30482 0.84873825 14080 0.8366024 10690 0.8228896 18434 0.8160773 29670 0.80400985 18932 0.7932989 6711 0.7921599 10965 0.7735489 3971 0.7640223 22677 0.7609094 3139 0.75913703 6669 0.7554051 28124 0.7488625 18675 0.7475761 29345 0.74753886 28054 0.7462007 16866 0.7443687 18723 0.74278325 30978 0.74210596 13309 0.73864573 27234 0.73839456 24031 0.7358608 21414 0.7299205 6391 0.72417325 20497 0.71714956 26010 0.7161465 24368 0.69981605 18686 0.6888721 30526 0.6846815 
14164 0.69428974 26724 0.6878082 14167 0.6872541 28013 0.5871059 10987 0.502285 13086 0.41385695 14767 0.39374843 27237 0.38925192 25166 0.3888092 13037 0.37616813 8731 0.3354497 421 0.31376782 17082 0.30412915 24072 0.30039218 10802 0.22822922 31415 0.21907173 20258 0.19316818 7060 0.1582126 786 0.15279737 17025 0.14340785 4237 0.13560812 20604 0.13469294 26061 0.12773572 23539 0.125638 5354 0.121695235 556 0.11932689 29221 0.11638005 15664 0.115182765 3163 0.11227733 22940 0.10669125 
1003 0.9557103 12086 0.8838368 11871 0.87448424 11870 0.83244085 26745 0.8242891 9189 0.8232404 8978 0.81667805 27918 0.79200613 4948 0.78687674 443 0.7591577 30805 0.7553314 24344 0.7487069 2034 0.74745625 7368 0.73964393 8289 0.7087137 4839 0.6999182 445 0.6954953 21830 0.6700633 7294 0.66807854 1002 0.6657171 6236 0.6644565 5322 0.6636567 22545 0.6628735 8288 0.65777725 5397 0.65156096 24786 0.6464974 10454 0.64214224 18021 0.61745644 3935 0.6165288 30644 0.6159606 
19495 0.9441902 19017 0.9430006 10850 0.93701124 31881 0.93450564 26770 0.8916084 24902 0.8856619 28257 0.8830093 21798 0.87508076 17701 0.8742876 11589 0.8709829 7226 0.87082654 24574 0.8674523 27042 0.86530864 20659 0.86311376 2309 0.8627946 27133 0.86195064 29784 0.8602151 14122 0.85892767 28017 0.85878503 21040 0.8564763 24823 0.84806585 2186 0.84447664 24034 0.8325321 26375 0.8305916 24791 0.8284232 31916 0.8192296 27782 0.80130124 5770 0.79797643 8886 0.796647 16088 0.79518443 
5489 0.97879016 7369 0.93758976 29269 0.9352616 6309 0.9332669 11075 0.92844206 13755 0.9274224 8412 0.92202485 11572 0.9122804 10225 0.90962476 22078 0.90105164 18686 0.893977 6968 0.89297295 15273 0.8928417 4582 0.8853683 17943 0.8843508 23111 0.8817425 19749 0.87574047 5642 0.8718954 11070 0.8676645 16566 0.86554086 3595 0.86399376 4327 0.8638876 4358 0.86306804 30084 0.86227894 30749 0.86221176 5566 0.8598979 22522 0.8585527 25986 0.857314 30424 0.8570244 5268 0.84725535 
17965 0.92590046 15600 0.8362579 2755 0.8057878 15286 0.7990035 27449 0.76125324 29932 0.7612286 19488 0.75681555 6843 0.7545758 23401 0.7485073 18187 0.7472547 1693 0.6840652 7029 0.68181986 16996 0.681258 18200 0.67605954 25519 0.67436934 27611 0.6461323 26268 0.64335835 25201 0.62111974 10844 0.6044617 21582 0.59614605 25228 0.5927302 22071 0.5867758 16081 0.585008 25492 0.57178 3325 0.56223994 11250 0.5597248 26665 0.5570983 13708 0.5534522 27344 0.55182964 21997 0.5508213 
20902 0.9524064 25240 0.9239559 4761 0.9157707 28918 0.91513 5060 0.9002126 25979 0.85460085 9086 0.84418315 22102 0.83904934 11574 0.8382102 5739 0.8196494 7621 0.7957536 31149 0.7921766 27349 0.7786177 11711 0.7548469 6573 0.7456028 12778 0.7450093 7593 0.7403004 4219 0.73940516 15246 0.72227585 3050 0.7219544 17866 0.7153416 25615 0.71525 4218 0.7117055 1618 0.7079551 3046 0.7024351 18484 0.70232564 14794 0.70134956 11584 0.69905275 6576 0.69876266 21248 0.6981126 
19545 0.65696055 17465 0.5226306 9487 0.51877594 30805 0.5072314 3064 0.50544643 27223 0.49578184 17078 0.49102354 15773 0.48860502 21101 0.4782381 24991 0.4724089 8531 0.47232997 13037 0.4685557 20082 0.4657371 6458 0.46547306 19030 0.4649533 7261 0.4638403 8618 0.45735696 14540 0.4563699 5781 0.44845188 14788 0.44825718 18614 0.4471458 22630 0.44655848 11004 0.43601537 19036 0.42187437 22447 0.42068404 4076 0.41635916 17512 0.4162405 25110 0.4047083 10421 0.38400397 21364 0.37630647 
29759 0.990224 17447 0.9898445 22184 0.9882058 8289 0.9851833 14211 0.981751 28873 0.97954184 552 0.97397876 29900 0.9722558 15447 0.9713905 29898 0.97082436 14236 0.969492 11330 0.9692086 21326 0.9690846 14210 0.96833825 8558 0.9679795 14981 0.96790034 7658 0.9677659 31128 0.9674209 9131 0.96740913 27580 0.96734923 24385 0.965489 4213 0.96542287 21327 0.96520114 11768 0.9651128 21712 0.9647858 29375 0.9610963 19694 0.96090925 30011 0.95572436 18182 0.9538577 10394 0.95385665 