0 25 25 25 25 25 25 25 25 25 25 25 25 25 25 25 
1 95 95 95 95 95 95 95 95 95 
2 1040 1040 1040 2624 1040 3552 1040 1040 1040 1040 1040 1040 1040 1040 1040 
3 134 134 134 134 449 134 134 134 203 134 134 134 134 134 134 134 134 134 134 
4 54 54 54 54 54 54 
5 175 175 175 175 175 175 175 161 758 175 175 4297 175 175 175 175 175 
6 133 133 133 133 133 305 60 133 133 508 95 
7 54 54 54 54 54 54 54 54 54 
8 54 54 54 54 54 54 54 
9 134 134 134 134 134 134 134 134 134 
10 95 0 95 95 95 95 95 95 95 
11 175 134 134 134 134 134 812 134 3364 4469 134 134 134 134 134 134 134 134 
12 54 54 54 54 54 54 54 54 54 54 54 608 54 54 1046 54 
13 14 14 14 14 375 14 14 14 14 22 
14 134 2117 134 134 134 134 134 175 134 134 134 134 134 2822 134 134 
15 54 54 54 2695 54 54 54 54 54 54 54 54 54 54 54 
16 226 226 226 226 226 226 1519 25 226 54 6160 226 226 226 226 
17 25 25 25 25 1040 25 25 
18 134 4523 134 134 134 134 134 134 134 134 134 134 134 134 134 134 
19 1014 54 755 54 54 54 54 54 
20 134 134 134 134 134 2822 134 134 
21 54 54 54 54 54 54 54 54 54 
22 422 134 134 134 134 134 134 134 134 134 141 134 134 
23 54 54 54 54 54 54 54 
24 54 54 3436 608 54 64 54 54 54 54 54 2101 54 
25 95 95 95 95 95 95 95 95 95 95 95 95 95 95 95 
26 54 54 3635 54 54 54 54 54 54 54 54 714 54 54 54 54 
27 54 54 54 54 4387 54 54 
28 608 608 608 608 449 608 608 608 14 608 608 
29 1040 4825 1040 1040 1040 1040 1040 1040 1040 1040 1040 
30 461 134 134 134 3318 461 134 134 134 134 134 134 134 134 134 
31 54 54 54 54 54 54 54 54 54 54 54 1033 226 54 3436 54 54 
32 134 68 134 134 134 134 134 134 510 134 
33 54 54 54 
34 175 22 175 175 175 175 
35 134 707 134 134 134 134 134 134 134 314 134 134 134 1046 1519 134 134 134 
36 54 54 54 54 54 54 25 608 54 54 66 54 1040 54 54 54 1525 54 
37 54 54 884 54 54 284 54 54 745 54 54 54 54 
38 54 54 54 54 54 54 
39 134 3364 2117 134 134 6097 134 134 134 134 134 2307 134 175 134 
40 25 25 25 25 25 25 25 25 25 25 25 25 25 2006 3699 
41 2856 2307 95 95 95 95 95 95 2431 95 95 95 95 95 1040 
42 54 54 54 42 54 54 54 54 54 54 54 54 54 68 54 
43 25 25 398 25 25 25 25 25 25 25 25 25 25 
44 95 499 95 95 95 95 95 95 95 95 95 95 95 95 95 95 95 95 
45 54 54 54 54 54 54 54 4071 54 54 54 54 54 54 54 54 
46 4114 134 134 1519 2187 134 134 134 134 
47 134 134 134 134 134 17 134 134 112 134 134 134 134 134 
48 119 25 119 119 4755 119 1818 119 119 119 119 119 141 119 119 119 119 119 119 
49 54 608 54 54 54 54 54 54 54 
50 134 134 134 134 134 134 134 134 134 2307 134 134 134 134 134 134 134 134 
51 884 42 884 884 884 884 884 884 884 199 884 884 884 
52 1523 134 134 12 134 1519 2918 134 134 134 1040 134 134 134 134 
53 175 175 175 175 930 175 5246 134 175 22 175 175 175 175 6058 
54 25 3936 25 25 25 25 1033 25 314 25 25 25 25 25 25 25 25 
55 54 54 68 714 54 54 54 54 54 54 54 54 54 54 54 
56 54 54 54 54 54 54 54 54 54 54 
57 134 175 134 134 
58 25 25 25 25 25 25 25 226 25 25 25 25 25 25 
59 8 8 
