0 25 25 25 25 25 25 25 25 25 25 25 25 25 25 25 
1 95 95 95 95 95 95 95 95 95 
2 175 175 175 2624 175 141 175 175 175 175 175 175 175 175 175 
3 134 134 134 134 449 134 134 134 6058 134 134 134 134 134 134 134 134 134 134 
4 54 54 54 54 54 54 
5 175 175 175 175 175 175 175 17 758 175 175 5736 175 175 175 175 175 
6 133 133 133 133 133 305 60 133 133 508 95 
7 54 54 54 54 54 54 54 54 54 
8 54 54 54 54 54 54 54 
9 134 134 134 134 134 134 134 134 134 
10 95 0 95 95 95 95 95 95 95 
11 58 134 134 134 134 134 812 134 54 226 134 134 134 134 134 134 134 134 
12 54 54 54 54 54 54 54 54 54 54 54 95 54 54 1046 54 
13 14 14 14 14 375 14 14 14 14 22 
14 134 95 134 134 134 134 134 66 134 134 134 134 134 226 134 134 
15 54 54 54 2695 54 54 54 54 54 54 54 54 54 54 54 
16 54 54 54 54 54 54 95 95 54 54 3936 54 54 54 54 
17 25 25 25 25 1040 25 25 
18 134 6058 134 134 134 134 134 134 134 134 134 134 134 134 134 134 
19 134 54 755 54 54 54 54 54 
20 134 134 134 134 134 2822 134 134 
21 54 54 54 54 54 54 54 54 54 
22 608 134 134 134 134 134 134 134 134 134 141 134 134 
23 54 54 54 54 54 54 54 
24 54 54 226 95 54 12 54 54 54 54 54 2101 54 
25 95 95 95 95 95 95 95 95 95 95 95 95 95 95 95 
26 54 54 3635 54 54 54 54 54 54 54 54 95 54 54 54 54 
27 54 54 54 54 4387 54 54 
28 25 25 608 25 25 25 25 25 14 25 25 
29 134 95 134 134 134 134 134 134 134 134 134 
30 461 134 134 134 6058 461 134 134 134 134 134 134 134 134 134 
31 54 54 54 54 54 54 54 54 54 54 54 134 226 54 25 54 54 
32 54 12 54 54 54 54 54 54 510 54 
33 54 54 54 
34 54 66 54 54 54 54 
35 134 54 134 134 134 134 134 134 134 8 134 134 134 1046 95 134 134 134 
36 54 54 54 54 54 54 25 95 54 54 66 54 1040 54 54 54 226 54 
37 54 54 884 54 54 284 54 54 745 54 54 54 54 
38 54 54 54 54 54 54 
39 134 66 95 134 134 6058 134 134 134 134 134 95 134 54 134 
40 25 25 25 25 25 25 25 25 25 25 25 25 25 95 3699 
41 175 2307 175 175 175 175 175 95 803 175 175 175 175 175 3076 
42 54 54 54 95 54 54 54 54 54 54 54 54 54 134 54 
43 25 25 95 25 25 25 25 25 25 25 25 25 25 
44 95 119 95 95 95 95 95 95 95 95 95 95 95 95 95 95 95 95 
45 54 54 54 54 54 54 54 449 54 54 54 54 54 54 54 54 
46 95 134 134 1232 2187 134 134 134 134 
47 134 134 134 134 134 226 134 134 112 134 134 134 134 134 
48 175 25 175 175 4755 175 3527 175 175 175 175 175 141 6058 175 175 175 175 175 
49 54 14 54 54 54 54 54 54 54 
50 134 134 134 134 134 134 134 134 134 95 134 134 134 134 134 134 134 134 
51 884 95 884 884 884 884 884 884 884 134 884 884 884 
52 95 54 54 12 54 1519 54 54 54 54 1040 449 54 54 54 
53 54 54 54 54 930 54 66 306 54 8 54 54 54 54 2101 
54 25 54 25 25 25 25 3281 25 95 25 25 25 25 25 25 25 25 
55 54 54 8 714 54 54 54 54 54 54 54 54 54 54 54 
56 54 54 54 54 54 54 54 54 54 54 
57 134 95 134 134 
58 25 25 25 25 25 25 25 226 25 25 25 25 25 25 
59 8 8 
