3204	4970
276	3640
2947	4971
6287	3638
5370	2306
4531	4969
6298	3639
6461	2305
4435	2304
410	2303
3736	2302
2936	2301
5368	2300
6290	3630
2361	4961
6291	3631
2362	4962
3660	3632
5466	4963
2185	3633
961	4964
1686	3634
5468	4965
146	3635
6484	2309
5469	4966
2426	3636
924	2308
1155	4967
95	2307
106	3637
4532	4968
6589	4980
2108	3650
1425	4981
5280	3651
1426	4982
6490	2320
107	0
4659	3649
1207	2317
2835	1
2057	2316
123	2
5397	2315
186	3
5395	2314
5612	4
2454	2313
440	5
191	2312
154	6
6483	2311
1122	7
6481	2310
25	8
6294	3641
3819	4972
3406	9
2691	3642
2787	4973
2692	3643
2788	4974
3364	3644
2789	4975
4369	3645
4537	4976
2514	3646
4535	4977
5259	3647
6494	2319
4536	4978
536	4979
2516	3648
6488	2318
2202	4990
709	4991
3679	3660
6337	3661
3820	4992
5282	3662
5470	4993
721	1000
3390	2331
1833	2330
6505	2328
6500	2327
2513	2326
1895	2325
4716	2324
3389	2323
3896	2322
5402	2321
988	4983
3676	3652
3677	3653
1092	4984
6335	3654
2948	4985
3678	3655
6590	4986
558	4987
5281	3656
2701	3657
5471	4988
2702	3658
1036	4989
2703	3659
5406	2329
2025	3670
3681	3671
3682	3672
754	3673
1847	1011
5411	2342
2123	1010
6510	2341
6511	2340
3515	1008
5409	2339
4679	1007
3391	2338
5885	1006
3392	2337
39	2336
2485	1005
4979	1004
6506	2335
1494	1003
6507	2334
1737	1002
4460	2333
1738	1001
4458	2332
158	4994
5283	3663
372	4995
3680	3664
1680	4996
1241	3665
3123	3666
6591	4997
2026	3667
4539	4998
1517	3668
1788	4999
2027	3669
1059	1009
1574	3680
494	3681
1575	3682
817	3683
1576	3684
3954	1022
5438	2353
5966	1021
4482	2352
3892	1020
2421	2351
3395	2350
5889	1019
5890	1018
3800	2349
209	1017
4717	2348
1037	1016
2420	2347
5887	1015
1080	2346
400	1014
5433	2345
5888	1013
6513	2344
2486	1012
5410	2343
6338	3674
124	3675
858	3676
3683	3677
3684	3678
6339	3679
2704	3690
2705	3691
2320	3692
1523	3693
2321	3694
2322	3695
46	1033
3192	2364
5974	1032
4711	2363
1127	2362
444	1031
1330	1030
6556	2361
2529	2360
3055	1029
3056	1028
6546	2359
408	1027
5444	2358
5971	1026
6553	2357
2491	2356
4226	1025
4227	1024
6551	2355
5969	1023
5440	2354
1577	3685
1143	3686
5284	3687
5285	3688
2706	3689
4230	1044
4540	2375
556	1043
6592	2374
5980	1042
1589	2373
1146	2372
5046	1041
5	1040
1590	2371
931	2370
63	1039
5048	1038
6569	2369
555	1037
6566	2368
5977	1036
508	2367
72	1035
2136	2366
4229	1034
6563	2365
5287	3696
5288	3697
6345	3698
142	3699
162	1055
6596	2386
2443	2385
2908	1054
4231	1053
3205	2384
5982	1052
3206	2383
315	1051
3207	2382
1149	1050
4541	2381
900	2380
2169	1049
4686	1048
3997	2379
4687	1047
6594	2378
234	1046
6593	2377
5979	1045
527	2376
1663	1066
6600	2397
5106	1065
5478	2396
6058	1064
1504	2395
6055	1063
2865	2394
592	2393
6056	1062
503	1061
6598	2392
391	2391
3358	1060
4545	2390
522	1059
641	1058
6599	2389
5102	1057
4543	2388
271	1056
5473	2387
3077	1077
2496	1076
992	1075
242	1074
993	1073
5109	1072
504	1071
133	1070
5107	1069
58	2399
5108	1068
4272	1067
3208	2398
5110	1080
2408	1088
5113	1087
6064	1086
5111	1085
6065	1084
5112	1083
1698	1082
6066	1081
3076	1079
906	1078
4275	1091
5114	1090
1065	1099
2286	1098
5170	1097
6119	1096
2501	1095
1644	1094
431	1093
4300	1092
1453	1089
453	200
920	201
93	202
795	203
1034	204
2811	205
461	206
5569	207
166	208
5570	209
3298	210
5571	211
282	212
711	213
1802	214
1054	215
1803	216
1221	217
1804	218
478	219
5573	220
1038	221
559	222
144	223
2816	224
2817	225
7	226
5574	227
3248	228
239	229
1863	230
2818	231
1549	232
1224	233
4619	234
3911	235
4620	236
430	237
3869	238
4621	239
36	240
3871	241
3870	242
4622	243
281	244
1111	245
496	246
698	247
3402	248
501	249
388	250
432	251
203	252
2401	253
2402	254
363	255
3913	256
5585	257
2487	258
1048	259
5587	260
2114	261
3261	262
2506	263
131	264
4001	265
3262	266
3263	267
71	268
5589	269
5590	270
5591	271
336	272
353	273
335	274
204	275
356	276
357	277
156	278
294	279
293	280
338	281
307	282
337	283
190	284
321	285
233	286
320	287
299	288
358	289
351	290
352	291
300	292
229	293
236	294
354	295
438	296
738	297
514	298
726	299
2707	3704
6342	3705
660	3706
6347	3707
6348	3708
4383	3709
5289	3700
5290	3701
2708	3702
454	3703
226	3715
5292	3716
4385	3717
4386	3718
2490	3719
4384	3710
5291	3711
541	3712
6349	3713
6350	3714
1766	3726
3686	3727
3687	3728
3688	3729
1913	3720
6358	3721
5293	3722
912	3723
1767	3724
1768	3725
6374	3737
6603	2405
5308	3738
6602	2404
2881	3739
5480	2403
6607	2402
6608	2401
3926	2400
792	3730
1542	3731
5294	3732
6373	3733
3398	2409
1218	2408
5310	3734
957	2407
5309	3735
6375	3736
6609	2406
4401	3750
2029	3748
5522	2416
4400	3749
3848	2415
6619	2414
6620	2413
6613	2412
6612	2411
5482	2410
6372	3740
1222	3741
6376	3742
188	3743
1356	3744
1112	2419
2030	3745
2031	3746
5523	2418
2032	3747
4583	2417
2033	3760
2034	3761
5530	2430
3699	3759
4588	2427
786	2426
5524	2425
3850	2424
4586	2423
5526	2422
5525	2421
4585	2420
4402	3751
1318	3752
3380	3753
4399	3754
2148	3755
1244	3756
1534	2429
3698	3757
6379	3758
5529	2428
5314	3770
3132	3771
486	3772
1043	2441
1664	1110
5541	2440
5174	1107
5537	2438
687	1106
5538	2437
5173	1105
5533	2436
3602	1104
5532	2435
3603	1103
4589	2434
5172	1102
5534	2433
1499	1101
2076	2432
215	2431
3601	1100
2035	3762
2419	3763
6380	3764
6377	3765
5319	3766
801	3767
910	1109
5316	3768
6124	1108
5315	3769
5539	2439
6387	3780
6388	3781
533	3782
1635	3783
3085	1121
5598	2452
5177	1120
5545	2451
4599	2450
6125	1118
3855	2449
834	2448
3276	1117
2858	1116
5543	2447
3361	1115
5542	2446
3360	1114
4592	2445
1620	1113
3234	2444
3967	1112
3235	2443
2287	1111
3854	2442
3133	3773
856	3774
6382	3775
3700	3776
3701	3777
6385	3778
5320	3779
2434	1119
756	3790
3347	3791
2036	3792
621	3793
2037	3794
4698	1132
937	2463
6197	1131
5603	2462
1295	2461
5206	1130
3269	2460
350	1129
5205	1128
3268	2459
1204	1127
5602	2458
1869	1126
5601	2457
6127	1125
3885	2456
1478	1124
747	2455
1214	2454
5179	1123
2415	2453
6126	1122
6386	3784
4403	3785
1708	3786
5322	3787
1503	3788
1133	3789
955	1143
132	2474
82	2473
2494	1142
6201	1141
4642	2472
714	2471
1908	1140
4641	2470
5208	1139
926	1138
3270	2469
5207	1137
1910	2468
6199	1136
5604	2467
6200	1135
1821	2466
6198	1134
1822	2465
3096	1133
1371	2464
4707	3795
4405	3796
2428	3797
2115	3798
5327	3799
4731	2485
1041	1154
4727	2484
194	1153
130	1152
2094	2483
5615	2482
6202	1151
1647	2481
752	1150
5610	2480
5209	1149
3404	2479
3626	1148
3405	2478
3627	1147
1535	1146
4643	2477
4322	1145
4644	2476
4323	1144
5605	2475
2279	2496
1396	1165
2280	2495
1397	1164
5074	2494
1398	1163
2650	2493
1399	1162
1118	2492
1400	1161
5080	2491
1401	1160
5079	2490
1394	1159
4005	2489
1395	1158
104	1157
1455	2488
3902	2487
3097	1156
4732	2486
114	1155
4350	1176
4351	1175
5240	1174
1237	1173
423	1172
6205	1171
6206	1170
908	1169
6027	2499
5210	1168
6028	2498
6203	1167
816	2497
6204	1166
125	1187
2297	1186
2298	1185
2299	1184
1498	1183
6262	1182
3979	1181
5243	1180
6259	1179
5241	1178
1465	1177
390	1190
4354	1198
4352	1197
4353	1196
2842	1195
3372	1194
5244	1193
5245	1192
6264	1191
6263	1189
2417	1188
6265	1199
96	300
739	301
740	302
741	303
201	304
260	305
61	306
5596	307
675	308
5646	309
4021	310
1024	311
4022	312
2870	313
66	314
3907	315
2839	316
5647	317
1321	318
713	319
5648	320
3888	321
4755	322
4028	323
436	324
4757	325
4029	326
826	327
2542	328
1508	329
2541	330
581	331
1623	332
2210	333
1673	334
2211	335
4031	336
343	337
2141	338
2142	339
606	340
2409	341
3910	342
3314	343
4034	344
1217	345
4763	346
4656	347
4657	348
4042	349
3317	350
2143	351
4766	352
791	353
414	354
4767	355
3912	356
5666	357
5667	358
2144	359
3901	10
2101	11
65	12
519	13
614	6001
19	14
2469	6000
1022	15
2740	6003
27	16
566	6002
53	17
4443	6005
666	18
3753	6004
94	19
4774	360
3426	361
3427	362
4051	363
1210	364
1211	365
238	366
4052	367
1723	368
192	369
903	20
2533	21
35	22
6473	6010
1344	23
222	24
6471	6012
3	25
2335	6011
1031	26
2047	6014
5614	27
2048	6013
4648	28
2049	6016
301	29
1670	6015
1509	370
798	371
4777	372
4778	373
822	374
29	375
2464	376
2465	377
1940	378
159	379
5382	6007
2906	6006
2334	6009
5381	6008
4087	30
2472	31
272	32
31	33
1774	6021
865	34
325	6020
774	35
4445	6023
867	36
1262	6022
381	37
6475	6025
868	38
4446	6024
297	39
4444	6027
6474	6026
1480	380
439	381
334	382
813	383
1558	384
1070	385
1553	386
1554	387
1555	388
1556	389
2050	6018
2051	6017
6472	6019
869	40
214	41
145	42
362	43
864	44
3756	6032
866	45
3757	6031
69	46
2342	6034
648	47
3758	6033
2567	48
2343	6036
182	49
2344	6035
2940	6038
6476	6037
1353	390
1557	391
42	392
966	393
5672	394
5386	6030
2427	395
3914	396
700	397
157	398
4783	399
396	6029
2939	6028
2424	50
199	51
1129	52
462	53
1	54
384	55
4448	6043
128	56
1251	6042
560	57
5415	6045
32	58
6514	6044
2869	6047
1130	59
5412	6046
5413	6049
5414	6048
1132	6041
3160	6040
3159	6039
14	60
4092	61
4093	62
78	63
161	64
389	65
6	66
6516	6054
1047	67
3775	6053
56	68
824	6056
1514	69
6515	6055
48	6058
5418	6057
5417	6059
4461	6050
2196	6052
4462	6051
751	70
587	71
266	72
247	73
3327	74
3328	75
512	76
153	6065
348	77
4668	78
5416	6064
787	79
4464	6067
3393	6066
4463	6069
6517	6068
1714	6061
2754	6060
1545	6063
2058	6062
208	80
4095	81
224	82
136	83
708	84
1948	85
837	86
3460	87
4847	88
1780	6076
3930	89
1781	6075
231	6078
1782	6077
6522	6079
1025	6070
812	6072
5419	6071
980	6074
1783	6073
1196	90
259	91
289	92
3462	93
3463	94
8	95
2117	96
2154	97
187	98
748	6087
557	99
3780	6086
974	6089
4468	6088
2525	6081
3778	6080
2524	6083
3779	6082
3781	6085
4466	6084
1874	3803
2135	3804
5325	3805
1015	3806
1342	3807
2725	3808
2726	3809
5328	3800
4408	3801
4409	3802
1842	6098
143	6097
6525	6099
324	6090
3784	6092
3175	6091
3176	6094
3785	6093
5423	6096
1684	6095
6638	3814
2372	3815
2373	3816
1548	3817
2205	3818
1699	3819
1665	3810
4713	3811
4567	3812
4568	3813
3834	3825
1091	3826
4572	3827
1051	3828
1606	3829
2791	3820
2792	3821
6642	3822
3835	3823
3836	3824
5092	2504
6645	3836
2281	2503
3221	3837
505	2502
6648	3838
6031	2501
3220	3839
4688	2500
1607	3830
6039	2509
1608	3831
5093	2508
1609	3832
5095	2507
1610	3833
5096	2506
1611	3834
3073	2505
1612	3835
395	3847
1696	2515
261	3848
3074	2514
5098	2513
2200	3849
4269	2512
6043	2511
4268	2510
4573	3840
5512	3841
4574	3842
6047	2519
5513	3843
569	2518
2380	3844
112	2517
2381	3845
3075	2516
5515	3846
3839	3860
5101	2526
3838	3858
991	3859
6050	2525
4690	2524
3576	2523
6049	2522
6048	2521
1532	2520
2378	3850
2379	3851
5514	3852
4576	3853
4577	3854
2920	2529
5517	3855
1049	2528
3223	3856
5128	2527
3224	3857
1794	3870
1795	3871
6099	2540
6100	2537
6267	1206
1793	3869
3292	1205
5139	2536
5138	2535
6266	1204
2406	1203
6096	2534
361	1202
1849	2533
3315	2532
577	1201
6094	2531
4355	1200
840	2530
3840	3861
3841	3862
3842	3863
1927	3864
4579	3865
62	3866
4356	1209
5140	2539
3279	1208
4582	3867
1046	3868
5141	2538
3373	1207
1433	3880
1434	3881
964	3882
5158	2551
6313	1220
5157	2550
5160	2548
6309	1217
1225	2547
6310	1216
6104	2546
6311	1215
5156	2545
2510	1214
6101	2544
2861	1213
5150	2543
3306	1212
5152	2542
5246	1211
3294	1210
3593	2541
1796	3872
1797	3873
5518	3874
3225	3875
3226	3876
277	3877
98	1219
4581	3878
6111	2549
5266	1218
5519	3879
3227	3890
3228	3891
3843	3892
3844	3893
1115	1231
5166	2562
2665	2561
6317	1230
5162	2560
5161	2559
6315	1228
1021	2558
6316	1227
3594	2557
589	1226
3595	2556
3666	1225
2868	1224
6108	2555
6109	2554
4705	1223
6107	2553
6314	1222
6106	2552
5265	1221
1435	3883
1436	3884
1437	3885
1438	3886
5520	3887
3845	3888
228	3889
4683	1229
140	1242
6117	2573
5168	2572
870	1241
4665	2571
871	1240
6116	2570
872	1239
5164	2569
571	1238
761	2568
599	1237
6112	2567
873	1236
5163	2566
874	1235
6113	2565
875	1234
5167	2564
775	1233
150	1232
5165	2563
5521	3894
2508	3895
3846	3896
3847	3897
2805	3898
2806	3899
6169	2584
5268	1253
223	2583
5269	1252
2405	1251
3894	2582
6158	2581
6320	1250
4695	2580
2092	1249
6163	2579
3667	1248
6162	2578
2932	1247
6159	2577
6319	1246
1220	1245
6160	2576
720	2575
6318	1244
2667	2574
876	1243
3624	2595
4373	1264
838	2594
5270	1263
280	2593
4372	1262
4316	2592
2451	1261
3293	1260
6173	2591
6172	2590
1633	1259
6177	2589
6323	1258
1131	1257
5199	2588
6165	2587
6322	1256
6164	2586
6321	1255
3277	2585
5267	1254
1924	1275
6565	1274
5447	1273
5448	1272
4492	1271
642	1270
6561	1269
580	1268
3895	2599
6182	2598
6324	1267
744	2597
5271	1266
562	1265
3623	2596
2095	1286
6567	1285
4494	1284
1495	1283
3196	1282
3197	1281
3198	1280
5449	1279
3193	1278
3194	1277
3195	1276
4498	1297
1140	1296
735	1295
5454	1294
1627	1293
3802	1292
6574	1291
6570	1290
4497	1289
603	1288
5451	1287
789	1299
1525	1298
4786	400
5716	401
5717	402
4812	403
3919	404
4813	405
470	406
5720	407
5721	408
2984	409
4819	410
4824	411
3323	412
835	413
1462	414
3288	415
1727	416
1728	417
1729	418
1730	419
1725	420
1726	421
38	422
2844	423
3924	424
2116	425
3324	426
5725	427
4830	428
3289	429
5726	430
4666	431
930	432
5728	433
1294	434
5734	435
3928	436
5735	437
2846	438
2825	439
57	440
1055	441
1630	442
607	443
4091	444
5744	445
5745	446
3457	447
1472	448
105	449
702	450
707	451
4844	452
2475	453
5750	454
892	455
1636	456
2848	457
370	458
952	459
6524	6100
3786	6102
3787	6101
4472	6104
4473	6103
5755	460
101	461
4669	462
4852	463
4853	464
2225	465
85	466
152	467
2226	468
2227	469
4476	6111
3791	6110
3788	6113
3789	6112
1871	6115
5424	6114
736	470
1859	471
1491	472
3296	473
1452	474
3938	475
4905	476
4906	477
4120	478
785	479
542	6106
1067	6105
1423	6108
1424	6107
5427	6109
4503	6120
5460	6122
2946	6121
2878	6124
5457	6123
5458	6126
5459	6125
2876	480
237	481
1198	482
4121	483
4908	484
2418	485
2891	486
4909	487
4128	488
4910	489
4502	6117
6576	6116
2769	6119
4504	6118
1628	6131
4505	6130
3805	6133
3806	6132
1594	6135
1595	6134
1596	6137
1597	6136
206	490
4129	491
5803	492
4130	493
4131	494
5805	495
5807	496
2159	497
1459	498
442	499
947	6128
6577	6127
4506	6129
4509	6142
269	6141
6579	6144
4510	6143
6578	6146
4508	6145
4507	6148
2882	6147
3808	6140
3807	6139
1598	6138
4516	6153
3810	6152
797	6155
1716	6154
4511	6157
4512	6156
4513	6159
4514	6158
3811	6151
5461	6150
2770	6149
6582	6164
2775	6163
6581	6166
5463	6165
4519	6168
4520	6167
4521	6169
183	6160
2776	6162
2777	6161
3815	6175
2780	6174
2778	6177
2779	6176
2530	6179
802	6178
690	6171
2063	6170
2781	6173
2782	6172
5465	6186
4523	6185
1184	6188
1185	6187
819	6189
2097	6180
3201	6182
2201	6181
4524	6184
3202	6183
2801	3902
2802	3903
2803	3904
2804	3905
3866	3906
250	3907
753	3908
2082	3909
4584	3900
3849	3901
4530	6197
1183	6196
1477	6199
5467	6198
1186	6191
1187	6190
1188	6193
1189	6192
1190	6195
1191	6194
4623	3913
2875	3914
778	3915
1805	3916
1806	3917
1807	3918
3252	3919
2083	3910
5572	3911
4624	3912
3872	3924
3254	3925
5580	3926
5581	3927
5588	3928
5586	3929
2151	3920
5577	3921
3403	3922
3875	3923
6187	2603
2089	3935
20	3936
5203	2602
6180	2601
2090	3937
6179	2600
3256	3938
617	3939
2411	2609
341	2608
3876	3930
3625	2607
4630	3931
3948	3932
6185	2606
882	3933
6186	2605
3969	2604
5584	3934
746	3946
4697	2614
6190	2613
3880	3947
6189	2612
5595	3948
968	3949
3970	2611
6188	2610
3257	3940
6195	2619
3258	3941
5204	2618
4631	3942
6192	2617
4632	3943
1890	3944
6191	2616
6193	2615
3260	3945
1078	2625
4634	3957
365	2624
3264	3958
2429	3959
6231	2623
6230	2622
6196	2621
6194	2620
4635	3950
1817	3951
1818	3952
1126	3953
6238	2629
585	2628
1819	3954
4338	2627
1820	3955
4339	2626
4633	3956
848	3970
3110	2636
2766	1305
4638	3968
113	1304
6242	2635
5599	3969
4342	2634
6575	1303
4340	2633
3803	1302
4341	2632
3804	1301
3303	2631
2765	1300
3890	2630
4637	3960
4724	3961
4002	3962
951	3963
637	1309
5597	3964
285	1308
5233	2639
4725	3965
3111	2638
2767	1307
4639	3966
3112	2637
2768	1306
4640	3967
3266	3980
5652	3981
2296	2650
2470	3979
6248	2647
5456	1316
267	1315
5235	2646
1108	2645
863	1314
3370	2644
1066	1313
6243	2643
1591	1312
3371	2642
1592	1311
6239	2641
1593	1310
5232	2640
3883	3971
3884	3972
564	3973
3267	3974
5600	3975
211	3976
1087	1319
1689	3977
6247	2649
5455	1318
6249	2648
4501	1317
3265	3978
2113	3990
1349	3991
2964	3992
6255	2661
4550	1330
6254	2660
6253	2658
4547	1327
6252	2657
4548	1326
2899	2656
3998	1325
6250	2655
6604	1324
428	2654
2942	1323
6251	2653
5479	1322
2295	2652
5476	1321
1510	2651
4500	1320
5659	3982
5660	3983
1267	3984
1141	3985
845	3986
1016	3987
4764	3988
6610	1329
894	3989
890	2659
5481	1328
2824	1341
1278	2672
1279	2671
6621	1340
1280	2670
5249	2669
3822	1338
6271	2668
2531	1337
712	2667
6616	1336
553	1335
6257	2666
3978	2665
5484	1334
3650	2664
4722	1333
3651	2663
6617	1332
6258	2662
4549	1331
2965	3993
5654	3994
582	3995
4768	3996
695	3997
2547	3998
1855	3999
109	1339
2456	1352
1467	2683
398	1351
1476	2682
3956	2681
5487	1350
6275	2680
4554	1349
3656	2679
4555	1348
2924	1347
3657	2678
3658	2677
6625	1346
705	1345
6273	2676
4700	2675
6624	1344
1281	2674
5485	1343
645	2673
1334	1342
2435	1363
5252	2694
1336	2693
2383	1362
6280	2692
4590	1361
4364	2691
4591	1360
6278	2690
3823	1359
529	2689
3824	1358
2300	2688
5488	1357
2301	2687
6626	1356
2302	2686
6627	1355
75	1354
6276	2685
5251	2684
4553	1353
5544	1374
1868	1373
2476	1372
3917	1371
1468	1370
2834	1369
6281	2699
3232	1368
2512	2698
3233	1367
2433	2697
5540	1366
1639	1365
6283	2696
779	1364
441	2695
5548	1385
4723	1384
216	1383
3304	1382
4600	1381
5546	1380
2178	1379
3237	1378
5547	1377
3856	1376
4596	1375
3239	1396
1216	1395
3401	1394
3238	1393
5553	1392
2807	1391
591	1390
3857	1389
878	1388
5550	1387
5551	1386
3887	1399
2093	1398
2928	1397
776	500
415	501
5812	502
4134	503
1492	504
4915	505
4916	506
4917	507
575	508
1836	509
50	510
5818	511
52	512
5819	513
119	514
1109	515
4927	516
5820	517
2120	518
5827	519
3941	520
1838	521
326	522
485	523
1197	524
5828	525
5833	526
3891	527
5834	528
4152	529
151	530
4937	531
5838	532
2240	533
2241	534
1522	535
4946	536
670	537
4947	538
4981	539
3516	540
3517	541
5891	542
2902	543
4680	544
4982	545
4983	546
3518	547
2900	548
5892	549
4681	550
5894	551
5895	552
5897	553
4173	554
2482	555
1834	556
5898	557
4988	558
2853	559
4529	6201
3203	6200
6586	6203
6587	6202
3274	560
3343	561
4176	562
4177	563
225	564
4989	565
2248	566
2249	567
2250	568
2251	569
416	6210
4556	6212
2866	6211
3325	6214
6629	6213
2252	570
2253	571
5906	572
1292	573
5907	574
375	575
5908	576
5911	577
1195	578
4995	579
4533	6205
6588	6204
1061	6207
4534	6206
1872	6209
3209	6208
5493	6221
5494	6220
5490	6223
5492	6222
6630	6225
5491	6224
2441	580
1060	581
4187	582
4996	583
4997	584
5002	585
4191	586
4192	587
3947	588
5003	589
5489	6216
640	6215
4557	6218
6628	6217
4558	6219
5495	6230
5498	6232
5496	6231
4559	6234
5497	6233
2366	6236
6633	6235
877	590
308	591
1448	592
1206	593
4682	594
3533	595
823	596
5927	597
5928	598
701	599
1926	6227
2790	6226
5499	6229
525	6228
5500	6241
5501	6240
2204	6243
405	6242
3825	6245
3826	6244
6631	6247
3827	6246
2367	6238
2368	6237
1348	6239
4560	6252
4561	6251
2369	6254
4562	6253
2370	6256
2371	6255
6640	6258
6641	6257
3999	6250
481	6249
6632	6248
392	6263
6639	6262
3217	6265
2174	6264
1144	6267
1266	6266
3831	6269
1246	6268
5503	6261
4564	6260
3399	6259
4571	6274
6646	6273
6644	6276
3837	6275
5509	6278
4684	6277
2796	6279
3832	6270
6647	6272
3833	6271
1506	6285
2375	6284
6649	6287
5511	6286
2793	6289
6650	6288
2797	6281
2798	6280
2376	6283
2377	6282
4602	6296
5555	6295
5554	6298
3858	6297
3860	6299
2794	6290
3240	6292
2795	6291
4601	6294
3241	6293
6292	2702
4368	2701
6289	2700
1828	2709
6288	2708
5256	2707
305	2706
5257	2705
6284	2704
6285	2703
6293	2713
6297	2712
3662	2711
3376	2710
1706	2719
1081	2718
1035	2717
5258	2716
1203	2715
80	2714
4370	2724
6302	2723
6303	2722
4703	2721
6299	2720
668	2729
1284	2728
3663	2727
3664	2726
646	2725
4647	1404
954	2735
5613	1403
5263	2734
4646	1402
5262	2733
1306	1401
1282	2732
4726	1400
544	2731
1283	2730
1124	1409
5611	1408
3377	2739
546	1407
6305	2738
2532	1406
6304	2737
2139	1405
2693	2736
710	1415
6340	2746
4730	1414
328	2745
2455	1413
915	2744
490	1412
3124	2743
2950	1411
4381	2742
2949	1410
4380	2741
4704	2740
5621	1419
4007	1418
6343	2749
5617	1417
5286	2748
79	1416
3125	2747
928	2760
5624	1426
905	2757
5625	1425
6346	2756
5626	1424
49	2755
3903	1423
84	2754
4012	1422
6341	2753
2867	1421
927	2752
5619	1420
2323	2751
6344	2750
4013	1429
309	1428
686	2759
5632	1427
1579	2758
5685	1440
6353	2771
6359	2770
3916	1437
1541	2768
4745	1436
1084	2767
5635	1435
1765	2766
4654	1434
418	2765
4014	1433
3685	2764
5633	1432
6351	2763
4738	1431
4706	2762
4651	1430
1578	2761
5684	1439
4056	1438
2518	2769
799	2782
5694	1451
5691	1450
983	2781
1915	2780
703	1448
2709	2779
429	1447
1860	2778
5689	1446
2710	2777
5690	1445
6355	2776
4058	1444
2517	2775
4791	1443
3126	2774
421	1442
4389	2773
4057	1441
4390	2772
5688	1449
2145	1462
5297	2793
5706	1461
2898	2792
1512	1460
1086	2791
3128	2790
4801	1459
2413	1458
3127	2789
1450	1457
2832	2788
965	2787
5701	1456
1676	1455
6363	2786
5702	1454
6361	2785
5692	1453
1914	2784
5693	1452
463	2783
5710	1473
5711	1472
3438	1471
4806	1470
251	1469
4805	1468
6378	2799
5712	1467
5313	2798
5709	1466
3986	2797
2414	1465
731	2796
2979	1464
2189	2795
5705	1463
5296	2794
1518	1484
3336	1483
4877	1482
5779	1481
4872	1480
1845	1479
4873	1478
674	1477
1949	1476
1458	1475
5713	1474
5786	1495
4890	1494
4891	1493
4885	1492
2887	1491
4886	1490
4887	1489
4880	1488
4883	1487
5780	1486
2585	1485
5792	1499
4897	1498
5789	1497
4115	1496
108	600
3536	601
3537	602
5929	603
249	604
3949	605
3544	606
5936	607
10	608
3346	609
4206	610
5983	611
5050	612
4232	613
4233	614
5051	615
5984	616
3556	617
3557	618
129	619
1975	620
169	621
1529	622
1976	623
1977	624
1978	625
1618	626
2106	627
2855	628
5053	629
3955	630
3349	631
5986	632
5987	633
5988	634
5989	635
2856	636
5993	637
5999	638
6000	639
1213	640
4248	641
2410	642
2431	643
5060	644
5061	645
6006	646
6009	647
2111	648
6010	649
6011	650
3568	651
4256	652
368	653
291	654
3958	655
888	656
699	657
6018	658
6019	659
3859	6300
3861	6302
5557	6301
2910	660
4258	661
1831	662
6020	663
2911	664
3352	665
4692	666
2914	667
844	668
2126	669
1854	6311
2808	6310
4606	6313
5561	6312
4277	670
4276	671
669	672
6067	673
574	674
6068	675
6069	676
6070	677
6071	678
6072	679
5556	6304
4603	6303
2387	6306
1223	6305
4604	6308
2388	6307
2473	6309
2079	6320
2080	6322
2081	6321
4610	6324
2399	6323
6073	680
323	681
2102	682
387	683
3301	684
5115	685
6076	686
671	687
5117	688
6078	689
5565	6315
4607	6314
3243	6317
885	6316
1156	6319
2078	6318
2396	6331
1785	5000
2397	6330
1786	5001
3868	6333
1880	6332
1547	5002
1787	5003
1439	6335
4538	5004
1440	6334
6079	690
2497	691
47	692
3284	693
6082	694
1013	695
1116	696
1320	697
230	698
6087	699
5566	6326
4611	6325
2874	6328
4609	6327
2398	6329
3945	6340
3210	5010
3251	6342
605	6341
1862	5011
2138	5012
3249	6344
452	5013
1659	6343
843	5014
4618	6346
2067	5015
3250	6345
1375	5005
1441	6337
3212	5006
1442	6336
1359	6339
1602	5007
1603	5008
1443	6338
3211	5009
2423	6351
2066	5020
5582	6350
2149	6353
6634	5021
5502	5022
3253	6352
3828	5023
2206	6355
1692	6354
3829	5024
847	6357
3830	5025
929	5026
2400	6356
2458	6348
2068	5016
2069	5017
5578	6347
2070	5018
2071	5019
5576	6349
1718	6362
1666	5030
5641	6361
3213	5031
4749	6364
3318	5032
1719	6363
549	5033
4017	6366
1789	5034
4750	6365
5505	5035
3407	6368
5504	5036
5644	6367
6635	5037
5642	6360
2954	6359
3214	5027
5639	6358
3215	5028
3216	5029
2540	6373
4569	5041
4018	6372
6636	5042
1378	6375
6637	5043
2459	5044
4754	6374
1379	6377
1604	5045
1069	6376
1605	5046
1380	6379
435	5047
472	6378
5506	5048
5643	6371
4020	6370
4563	5040
4565	5038
4019	6369
4566	5039
4751	6384
1717	5052
2955	6383
471	5053
1201	6386
5508	5054
4752	6385
1427	5055
4025	6388
1428	5056
5649	6387
1429	5057
985	5058
2460	6389
1430	5059
1381	6380
5645	6382
898	5050
4753	6381
2096	5051
5507	5049
2840	6395
2188	5063
3416	6394
1667	5064
1930	6397
5510	5065
1931	6396
3218	5066
1932	6399
6643	5067
1933	6398
2168	5068
3219	5069
2956	6391
2957	6390
2072	5060
917	5061
3417	6393
3312	6392
4570	5062
828	5074
2073	5075
2074	5076
2075	5077
684	5078
1674	5079
3222	5070
1917	5071
548	5072
2374	5073
1350	5085
1431	5086
1432	5087
922	5088
422	5089
4575	5080
1790	5081
1791	5082
1792	5083
3400	5084
1340	2801
612	2800
22	2809
6383	2808
6384	2807
6381	2806
5317	2805
5318	2804
3131	2803
1898	2802
1101	5096
1102	5097
1103	5098
181	5099
4578	5090
818	5091
1104	5092
1105	5093
1106	5094
1107	5095
2190	2812
1317	2811
5321	2810
6390	2819
3702	2818
3703	2817
3704	2816
962	2815
2724	2814
1701	2813
1199	2823
23	2822
6389	2821
6391	2820
330	2829
6398	2828
758	2827
2449	2826
742	2825
5326	2824
5794	1503
6394	2834
1861	1502
4410	2833
5790	1501
2933	2832
4900	1500
4411	2831
1299	2830
4957	1509
5853	1508
6401	2839
5854	1507
3709	2838
5855	1506
5330	2837
1641	1505
6396	2836
44	1504
6395	2835
5856	1514
5335	2845
1020	2844
3341	1513
4958	1512
4413	2843
4959	1511
4414	2842
5858	1510
4412	2841
6402	2840
68	1519
5859	1518
6404	2849
5860	1517
6409	2848
244	1516
4415	2847
4167	1515
538	2846
449	1525
573	2856
2438	1524
5350	2855
2852	1523
6436	2854
4963	1522
3899	2853
4964	1521
6407	2852
4965	1520
3710	2851
6405	2850
5869	1529
5862	1528
3382	2859
5863	1527
6438	2858
4967	1526
6437	2857
6443	2870
377	1536
5352	2867
5877	1535
6442	2866
5878	1534
5351	2865
2439	1533
1090	2864
4168	1532
3735	2863
4169	1531
3383	2862
4170	1530
6439	2861
6435	2860
5873	1539
2122	1538
4429	2869
500	1537
4430	2868
4980	1550
2523	2881
433	2880
3313	2878
4978	1547
978	2877
2901	1546
5884	1545
6446	2876
4976	1544
6445	2875
5882	1543
6444	2874
3513	1542
6440	2873
3272	1541
6441	2872
4678	1540
4428	2871
4977	1549
5883	1548
6447	2879
5965	1561
6452	2892
2124	1560
1543	2891
2921	2890
3550	1558
4431	2889
5962	1557
6455	2888
5963	1556
6451	2887
5036	1555
6448	2886
5037	1554
6449	2885
5960	1553
5357	2884
5961	1552
5355	2883
5886	1551
5356	2882
783	1559
5968	1572
1662	1571
3554	1570
3553	1569
5039	1568
3154	2899
5040	1567
2177	2898
5041	1566
5369	2897
419	2896
3551	1565
3552	1564
3384	2895
5964	1563
5362	2894
5038	1562
5363	2893
3555	1583
170	1582
609	1581
3052	1580
5970	1579
1561	1578
1562	1577
1563	1576
256	1575
1564	1574
5967	1573
597	1594
5973	1593
5045	1592
1526	1591
1449	1590
5043	1589
5044	1588
1324	1587
5042	1586
3053	1585
3054	1584
5978	1599
205	1598
4228	1597
2907	1596
5972	1595
1017	700
879	701
6090	702
6091	703
5129	704
5130	705
5131	706
254	707
2656	708
1119	709
3580	710
2916	711
3581	712
3582	713
137	714
1473	715
6128	716
6129	717
3968	718
6130	719
1297	720
45	721
1138	722
5180	723
3362	724
2923	725
6131	726
6132	727
3363	728
5181	729
4308	730
5182	731
6133	732
5183	733
6134	734
6135	735
6139	736
4694	737
5184	738
4309	739
2888	740
1850	741
173	742
3611	743
618	744
1029	745
4310	746
1839	747
3302	748
6142	749
2670	750
2140	751
5186	752
1645	753
5187	754
340	755
2671	756
2672	757
99	758
6147	759
3409	6401
2209	6400
424	760
2836	761
3275	762
2446	763
649	764
982	765
6155	766
3972	767
1308	768
126	769
1157	6410
4761	6412
1158	6411
576	770
3098	771
3099	772
6207	773
3366	774
1454	775
4699	776
5211	777
4026	6403
6208	778
3410	6402
5212	779
1159	6405
4027	6404
1160	6407
1161	6406
1162	6409
984	6408
2963	6421
5653	6420
5658	6423
4033	6422
507	780
5213	781
5214	782
1634	783
1826	784
6209	785
3628	786
3629	787
6210	788
1873	6414
5215	789
1346	6413
2961	6416
2962	6415
4759	6418
4760	6417
2873	6419
4040	6430
4771	6432
4580	5100
4772	6431
2799	5101
5663	6434
2800	5102
4773	6433
5516	5103
2447	790
4325	791
4324	792
6211	793
5217	794
5218	795
5219	796
6212	797
3971	798
895	799
3419	6425
5655	6424
2216	6427
4036	6426
4039	6429
4041	6428
5715	6441
1934	6440
333	5110
4074	6443
2382	5111
1482	6442
258	5112
4068	6445
3984	5113
4069	6444
3242	5114
1935	6436
1364	5104
1936	6435
2172	5105
1937	6438
1613	5106
1938	6437
1614	5107
287	5108
1939	6439
1798	5109
3439	6450
534	5120
4075	6452
3440	6451
2390	5121
2980	6454
3282	5122
2981	6453
2392	5123
2982	6456
2393	5124
2983	6455
2394	5125
4071	6447
3862	5115
4070	6446
1376	5116
4072	6449
2389	5117
4073	6448
656	5118
2391	5119
1003	6461
1004	6460
1799	5130
2221	6463
1800	5131
2222	6462
1801	5132
5718	6465
3864	5133
3441	6464
3865	5134
2561	6467
4608	5135
1071	6466
5563	5136
833	6458
2395	5126
4811	6457
2809	5127
2810	5128
1005	6459
5560	5129
5722	6472
4612	5140
4818	6471
4613	5141
4816	6474
2812	5142
5719	6473
3247	5143
1142	5144
4078	6476
1323	6475
5567	5145
407	6478
5568	5146
5724	6477
1444	5147
4817	6470
625	5137
2220	6469
2562	6468
916	5138
292	5139
1677	6483
2813	5151
3443	6482
2814	5152
4083	6485
3867	5153
4829	6484
4615	5154
1731	6487
4616	5155
586	5156
4084	6486
4082	6489
4614	5157
1732	6488
5579	5158
4822	6481
4820	6480
2815	5150
383	5148
4827	6479
4617	5149
1944	6494
820	5162
2985	6493
1445	5163
4080	6496
1654	5164
1945	6495
2819	5165
1947	6498
2820	5166
4081	6497
5575	5167
4628	5168
4085	6499
4629	5169
3444	6490
2986	6492
1446	5160
1679	6491
1447	5161
37	5159
3255	5173
2084	5174
2085	5175
2086	5176
2087	5177
2088	5178
4625	5179
623	5170
1808	5171
1809	5172
5583	5184
1810	5185
1811	5186
1812	5187
1813	5188
814	5189
265	2909
3873	5180
3874	5181
4627	5182
4626	5183
1770	2900
164	2908
6458	2907
6457	2906
6456	2905
627	2904
1771	2903
1772	2902
1773	2901
3881	5195
3259	5196
804	5197
584	5198
3877	5199
2821	5190
1377	5191
2822	5192
16	5193
1469	5194
1180	2911
1181	2910
3771	2919
100	2918
4655	2917
6479	2916
1919	2915
1451	2914
1085	2913
1182	2912
2847	2922
3769	2921
3770	2920
2054	2929
2055	2928
457	2927
2056	2926
212	2925
4709	2924
5392	2923
255	2933
1968	1602
1693	1601
6480	2932
5976	1600
1121	2931
4708	2930
2633	1609
270	1608
6485	2939
5047	1607
1713	2938
316	1606
4714	2937
5975	1605
5394	2936
1969	1604
2346	2935
1970	1603
2347	2934
1971	1613
1902	2944
1972	1612
5393	2943
5049	1611
4453	2942
5981	1610
3772	2941
1238	2940
5100	1619
1973	1618
2747	2949
1974	1617
2748	2948
1527	1616
2749	2947
1496	1615
6486	2946
1528	1614
6482	2945
6051	1624
3980	2955
3357	1623
3387	2954
855	1622
6487	2953
1315	2952
1697	1621
1256	1620
2746	2951
516	2950
5103	1629
681	2959
2107	1628
3962	1627
1374	2958
6052	1626
1920	2957
6053	1625
5398	2956
1386	1635
6495	2966
1387	1634
3388	2965
1388	1633
6489	2964
1389	1632
5396	2963
279	2962
1390	1631
4691	1630
997	2961
2348	2960
5104	1639
551	2969
5105	1638
448	1637
635	2968
1688	2967
6054	1636
4455	2980
6061	1646
629	2977
4274	1645
630	2976
1014	1644
631	2975
2404	1643
499	2974
2913	1642
628	2973
6057	1641
632	2972
6059	1640
633	2971
634	2970
6063	1649
4273	1648
3367	2979
6060	1647
5400	2978
2004	1660
5405	2991
5404	2990
2922	1657
2522	2988
3596	1656
5401	2987
3597	1655
2750	2986
2666	1654
2751	2985
1903	1653
6499	2984
6114	1652
6498	2983
6115	1651
6491	2982
6062	1650
4454	2981
6118	1659
1835	1658
1088	2989
5169	1671
6120	1670
3598	1668
6501	2999
3599	1667
3992	2998
889	1666
2752	2997
346	2996
3600	1665
2001	1664
2753	2995
2002	1663
5403	2994
880	2993
697	1662
2003	1661
6504	2992
1120	1669
4305	1682
2502	1681
97	1680
4301	1679
6122	1678
6123	1677
6121	1676
5171	1675
1293	1674
312	1673
3966	1672
578	1693
4302	1692
981	1691
636	1690
5175	1689
5176	1688
2005	1687
2006	1686
427	1685
4303	1684
4304	1683
1028	1699
1904	1698
570	1697
5178	1696
4306	1695
4307	1694
5220	800
6214	801
6215	802
12	803
6217	804
5221	805
3101	806
1058	807
3100	808
3936	809
6218	810
3886	811
116	812
6219	813
1200	814
4329	815
4330	816
1219	817
3283	818
588	819
6223	820
4333	821
913	822
4008	823
4009	824
310	825
4006	826
5620	827
5618	828
3904	829
4734	830
5627	831
2951	832
2952	833
5623	834
4733	835
1023	836
4735	837
1830	838
155	839
5631	840
11	841
253	842
469	843
5630	844
4652	845
4741	846
4739	847
4740	848
4737	849
2457	850
1039	851
147	852
2953	853
4742	854
4743	855
3286	856
4653	857
5636	858
4015	859
3927	6500
4744	860
764	861
1505	862
5637	863
4746	864
5638	865
5640	866
3906	867
4016	868
2091	869
4667	6511
5738	6510
2536	870
5739	6509
2537	871
2538	872
2539	873
2838	874
3311	875
4747	876
4748	877
5732	6502
1044	878
5733	6501
2558	879
2571	6504
4839	6503
2572	6506
1325	6505
3455	6508
3456	6507
3011	6520
3491	6522
3492	6521
5697	880
5698	881
5696	882
5695	883
15	884
2556	885
1877	886
2557	887
3321	888
3452	6513
773	889
3453	6512
4838	6515
3454	6514
2568	6517
2569	6516
5804	6519
2570	6518
2231	6531
2232	6530
3878	5200
4127	6533
3879	5201
4126	6532
1814	5202
4797	890
479	891
2467	892
4061	893
4799	894
4800	895
4798	896
3434	897
3435	898
3436	899
1145	6524
1954	6523
2407	6526
1955	6525
909	6528
2233	6527
2234	6529
850	6540
3481	6542
1192	5210
3482	6541
733	5211
4673	6544
1193	5212
1846	5213
3483	6543
3005	6535
1815	5203
3006	6534
1816	5204
3007	6537
4636	5205
3008	6536
1194	5206
918	5207
2229	6539
540	5208
2230	6538
772	5209
2586	6551
602	5220
4119	6550
1507	5221
2587	6553
2207	5222
2588	6552
2208	5223
3009	6555
1345	5224
2589	6554
5798	6546
5593	5214
3484	6545
5594	5215
4117	6548
3882	5216
2889	6547
5592	5217
1853	5218
465	5219
4118	6549
5958	6560
1479	5230
3547	6562
3414	5231
5959	6561
3415	5232
3548	6564
4758	5233
3549	6563
3411	5234
2269	6566
3412	5235
2270	6565
1671	5225
5800	6557
4023	5226
5801	6556
4024	5227
4907	6559
2958	5228
3939	6558
2959	5229
4224	6571
3408	5240
1966	6570
4756	5241
5035	6573
3908	5242
2273	6572
2871	5243
3348	6575
5650	5244
4225	6574
4032	5245
2265	6577
178	5246
2266	6576
3413	5236
2271	6568
5651	5237
2272	6567
2960	5238
1309	5239
1967	6569
3418	5250
5030	6582
2543	5251
5953	6581
2544	5252
3299	6584
2545	5253
5031	6583
2546	5254
5955	6586
694	5255
5954	6585
652	5256
5033	6588
999	5257
5956	6587
5952	6580
2212	5247
2267	6579
2213	5248
2268	6578
2214	5249
998	5261
5946	6593
2098	5262
5945	6592
4030	5263
2263	6595
4658	5264
3050	6594
4035	5265
5022	6597
4762	5266
2264	6596
2872	5267
5026	6599
5656	5268
3545	6598
5016	6591
1000	5260
5017	6590
1001	5258
1002	5259
5034	6589
4045	5272
4043	5273
4044	5274
4037	5275
4038	5276
5661	5277
73	5278
3316	5279
3420	5270
4046	5271
5657	5269
3423	5283
2462	5284
4049	5285
4050	5286
3421	5287
3422	5288
4047	5289
3425	5280
1227	5281
2463	5282
2968	5294
2966	5295
2967	5296
520	5297
1551	5298
1552	5299
4048	5290
1720	5291
1721	5292
1722	5293
1637	1701
2668	1700
3135	1709
3705	1708
3706	1707
3707	1706
6397	1705
3134	1704
1646	1703
3086	1702
5336	1712
763	1711
3337	1710
3988	1719
364	1718
3711	1717
6412	1716
6413	1715
6414	1714
3308	1713
2327	1723
2328	1722
1369	1721
2329	1720
1709	1729
2040	1728
2041	1727
950	1726
5338	1725
3905	1724
4649	1734
6419	1733
600	1732
2038	1731
2039	1730
6420	1739
4417	1738
4418	1737
6417	1736
6418	1735
5340	1745
6421	1744
881	1743
3712	1742
821	1741
3368	1740
5358	1749
3989	1748
288	1747
6422	1746
385	1756
5365	1755
5366	1754
6453	1753
6454	1752
5367	1751
3153	1750
6459	1759
6460	1758
1319	1757
4436	1770
3738	1767
492	1766
3737	1765
413	1764
4432	1763
4433	1762
4434	1761
911	1760
3990	1769
460	1768
5372	1781
5373	1780
685	1778
2736	1777
1533	1776
5371	1775
4437	1774
5374	1773
5375	1772
2453	1771
2737	1779
6492	1792
6493	1791
4712	1790
528	1789
3739	1788
2937	1787
3740	1786
5376	1785
2864	1784
6462	1783
2735	1782
2941	1799
4715	1798
4456	1797
3167	1796
2504	1795
3168	1794
5399	1793
2978	900
4062	901
4063	902
1841	903
3437	904
218	905
5708	906
4664	907
5707	908
793	909
4807	910
76	911
554	912
4065	913
4066	914
3920	915
4064	916
4804	917
4808	918
3922	919
3322	920
4067	921
2877	922
3921	923
1322	924
4809	925
4810	926
1045	927
1481	928
2559	929
41	930
2560	931
5714	932
502	933
4882	934
5782	935
4111	936
5783	937
4671	938
4884	939
5785	940
3476	941
4113	942
4114	943
302	944
4889	945
1519	946
4888	947
4893	948
4892	949
5787	950
2118	951
604	952
295	953
4116	954
4898	955
5788	956
3935	957
4896	958
5791	959
4899	960
672	961
54	962
4901	963
5793	964
1886	965
3937	966
4904	967
4903	968
3295	969
1961	6610
1960	6609
2903	6608
5795	970
4902	971
3477	972
3478	973
3479	974
5797	975
5796	976
5024	6601
4672	977
5025	6600
3480	978
5948	6603
4966	979
3051	6602
3542	6605
2488	6604
3041	6607
3543	6606
2246	6621
2247	6620
3297	980
2245	6619
5867	981
4650	982
5865	983
2606	984
4969	985
4171	986
5876	987
3037	6612
5875	988
5919	6611
2100	989
2492	6614
3038	6613
5916	6616
5920	6615
5917	6618
5918	6617
2615	6630
1351	5300
2616	6632
2217	5301
2617	6631
639	990
5874	991
4971	992
4970	993
4972	994
217	995
134	996
2484	997
4975	998
4990	6623
4974	999
3528	6622
3031	6625
3032	6624
5905	6627
3033	6626
2619	6629
2620	6628
3521	6641
5671	5310
3519	6640
4785	5311
5899	6643
4782	5312
5900	6642
2218	5302
2607	6634
2219	5303
4985	6633
207	5304
2608	6636
4053	5305
2609	6635
4054	5306
2167	6638
1876	5307
2610	6637
5668	5308
5669	5309
3520	6639
4076	5320
2563	5321
2564	5322
2565	5323
2548	5313
5901	6645
2549	5314
3946	6644
2550	5315
5903	6647
4780	5316
3524	6646
4781	5317
4270	6649
3319	5318
4271	6648
4077	5319
2879	5330
4769	4000
4814	5331
5662	4001
4815	5332
4765	4002
3442	5333
163	5334
2215	4003
1163	5324
1164	5325
1165	5326
1166	5327
1167	5328
1168	5329
1879	5340
5664	4010
2566	5341
1352	4011
4823	5342
2969	4012
4821	5343
4776	4013
1882	5344
676	4014
2223	5345
4775	4004
4825	5335
3424	4005
4826	5336
2425	4006
5723	5337
4770	4007
2880	5338
2412	4008
406	5339
5665	4009
3923	5350
1941	4020
1245	5351
4055	4021
4828	5352
4660	4022
4832	5353
2970	4023
2883	5354
2971	4024
4833	5355
2972	4025
1229	5356
1243	4015
2224	5346
610	4016
1678	5347
679	4017
393	5348
1942	4018
3925	5349
1943	4019
2987	5360
4784	4030
2988	5361
1298	4031
2989	5362
3428	4032
3445	5363
5673	4033
296	5364
515	4034
5737	5365
5674	4035
5743	5366
5675	4036
1681	5367
2146	4026
1946	5357
4779	4027
5730	5358
5670	4028
2990	5359
34	4029
5678	4040
4094	5371
2973	4041
691	5372
2974	4042
567	5373
5676	4043
1883	5374
5677	4044
2573	5375
616	4045
1650	5376
262	4046
4840	5377
884	5378
2977	4047
5741	5370
650	4037
3450	5368
1354	4038
3451	5369
1724	4039
5679	4051
2992	5382
651	4052
5754	5383
886	4053
4100	5384
2975	4054
4101	5385
2976	4055
1464	5386
184	4056
480	5387
5680	4057
4851	5388
4079	4058
5799	5389
1651	5380
5681	4050
4098	5381
2466	4048
1463	5379
4787	4049
4831	4062
2890	5393
5727	4063
3486	5394
331	4064
3487	5395
5736	4065
168	5396
3446	4066
3010	5397
3447	4067
4123	5398
2471	4068
4124	5399
4086	4069
4122	5390
1881	4060
535	5391
5729	4061
1490	5392
417	4059
5731	4073
622	4074
3458	4075
750	4076
5746	4077
5747	4078
3290	4079
659	4070
177	4071
2152	4072
4088	4084
4836	4085
4837	4086
1843	4087
2991	4088
175	4089
6502	1809
829	4080
4835	4081
3448	4082
3449	4083
6497	1800
1419	1808
1420	1807
1421	1806
1422	1805
6503	1804
4457	1803
3773	1802
6496	1801
185	4095
2474	4096
1515	4097
1326	4098
4843	4099
4845	4090
1858	4091
2884	4092
3326	4093
3459	4094
4662	1811
198	1810
6508	1819
1475	1818
6509	1817
3305	1816
5407	1815
2349	1814
2350	1813
2351	1812
1019	1822
5408	1821
3993	1820
842	1829
2158	1828
1110	1827
3994	1826
2352	1825
6512	1824
3774	1823
3183	1833
3184	1832
3185	1831
2121	1830
3996	1839
4485	1838
4486	1837
4487	1836
6544	1835
4483	1834
3186	1844
3187	1843
3188	1842
3189	1841
5439	1840
4718	1849
6547	1848
6548	1847
6549	1846
6550	1845
4493	1855
2199	1854
6554	1853
4490	1852
4491	1851
6555	1850
6559	1859
777	1858
4719	1857
6560	1856
3977	1866
6564	1865
3396	1864
474	1863
2356	1862
2357	1861
6558	1860
4720	1869
6568	1868
1232	1867
5452	1880
6572	1877
3278	1876
6573	1875
4495	1874
4496	1873
5450	1872
3801	1871
2110	1870
3334	1879
5453	1878
4542	1891
1296	1890
899	1888
2945	1887
1538	1886
2059	1885
2060	1884
2061	1883
2062	1882
6571	1881
4499	1889
6597	1899
5474	1898
4544	1897
5475	1896
110	1895
5472	1894
3821	1893
6595	1892
4125	5400
5806	5410
3489	5411
2119	5409
3488	5401
5802	5402
1226	5403
1887	5404
3485	5405
4911	5406
4132	5407
1653	5408
3493	5420
715	5421
782	5422
3490	5412
3012	5413
4912	5414
5808	5415
420	5416
1956	5417
5809	5418
5810	5419
4133	5430
1682	4100
4914	5431
2574	4101
4922	5432
2575	4102
4141	5433
2590	5423
1072	5424
2591	5425
532	5426
4135	5427
483	5428
1655	5429
4140	5440
221	4110
3495	5441
4848	4111
3496	5442
3461	4112
5824	5443
3465	4113
5821	5444
4670	4103
3013	5434
4096	4104
3014	5435
1313	4105
5814	5436
4097	4106
5815	5437
5753	4107
4139	5438
5752	4108
2893	5439
4099	4109
3023	5450
1885	4120
4928	5451
4854	4121
4144	5452
4855	4122
2596	5453
4102	4123
2597	5454
4103	4124
2598	5455
197	4114
4924	5445
2099	4115
3018	5446
4849	4116
923	5447
5757	4117
1888	5448
3464	4118
2595	5449
240	4119
5832	5460
4858	4130
4147	5461
4104	4131
4935	5462
278	4132
4151	5463
887	5464
1486	4133
953	4134
5830	5465
728	4135
1957	5466
3469	4125
4930	5456
2156	4126
4931	5457
561	4127
3497	5458
1248	4128
4929	5459
4859	4129
4945	5470
2994	4140
3505	5471
5762	4141
3506	5472
1117	4142
5836	5473
4918	4143
4941	5474
511	4144
2599	5475
1520	4145
2600	5476
4919	4146
680	5477
4105	4136
1958	5467
404	4137
1959	5468
2995	4138
1640	5469
2996	4139
4920	4150
4986	5481
313	4151
4987	5482
4913	4152
4984	5483
5811	4153
1891	5484
2477	4154
644	5485
3494	4155
3522	5486
2478	4156
3523	5487
4142	4157
4174	5488
598	5480
4136	4147
4155	5478
4137	4148
5893	5479
4138	4149
5813	4161
5902	5492
1056	4162
1658	5493
2892	4163
1687	5494
2826	4164
3030	5495
4921	4165
2611	5496
2592	4166
2612	5497
1134	4167
2613	5498
2593	4168
2614	5499
3525	5490
4923	4160
3526	5491
3015	4158
4175	5489
3016	4159
5822	4172
1733	4173
1734	4174
1735	4175
4143	4176
3338	4177
5816	4178
495	4179
2895	4170
5823	4171
2594	4169
4932	4183
647	4184
3339	4185
5825	4186
1057	4187
3498	4188
3022	4189
6611	1909
3355	1908
1073	4180
4925	4181
4926	4182
2203	1907
6605	1906
1825	1905
6606	1904
3933	1903
6601	1902
4546	1901
5477	1900
319	4194
2162	4195
3504	4196
4938	4197
4939	4198
3942	4199
4551	1919
1656	4190
447	4191
682	4192
3499	4193
5483	1910
4552	1918
730	1917
2363	1916
2364	1915
2365	1914
6618	1913
6614	1912
6615	1911
6622	1921
6623	1920
1550	1929
5531	1928
611	1927
5528	1926
3280	1925
5527	1924
4587	1923
5486	1922
3229	1932
3230	1931
3231	1930
1307	1939
2077	1938
3851	1937
3852	1936
3853	1935
5535	1934
5536	1933
2384	1943
2192	1942
4594	1941
4595	1940
1539	1949
4597	1948
4598	1947
458	1946
4593	1945
3236	1944
5549	1954
2133	1953
1615	1952
1616	1951
1617	1950
5607	1959
2403	1958
5606	1957
5552	1956
3991	1955
4728	1965
2109	1964
619	1963
5609	1962
5608	1961
4661	1960
615	1969
4003	1968
4004	1967
4729	1966
4010	1976
523	1975
5622	1974
2534	1973
2535	1972
5616	1971
376	1970
5629	1979
4736	1978
4011	1977
4789	1990
2841	1987
2551	1986
2552	1985
2553	1984
3915	1983
5634	1982
3285	1981
5628	1980
5682	1989
3287	1988
5687	1998
5686	1997
4790	1996
3429	1995
3430	1994
3431	1993
5683	1992
4788	1991
4059	1999
4180	5510
2440	5508
5910	5509
5896	5500
3527	5501
1362	5502
4993	5503
718	5504
2618	5505
4184	5506
4185	5507
2259	5520
767	5521
5913	5519
4181	5511
4182	5512
4183	5513
1892	5514
3034	5515
2254	5516
1136	5517
2255	5518
3039	5530
851	4200
5924	5531
1827	5532
268	4201
932	5522
2260	5523
4186	5524
1660	5525
5000	5526
5914	5527
5915	5528
3040	5529
189	5540
4936	4210
5922	5541
2894	4211
1329	5542
4149	4212
3538	5543
620	4202
5921	5533
3500	4203
1739	5534
3501	4204
1740	5535
3502	4205
1741	5536
3503	4206
374	5537
2161	4207
1661	5538
3024	4208
5005	5539
3025	4209
5011	5550
5837	4220
2627	5551
2236	4221
2628	5552
2237	4222
815	5553
1649	5554
2238	4223
4150	4213
4194	5544
344	4214
4197	5545
2479	4215
4198	5546
1233	4216
693	5547
498	4217
5938	5548
1736	4218
5012	5549
809	4219
4204	5560
4948	4230
4205	5561
3026	4231
5015	5562
3507	4232
3061	5563
3508	4233
3062	5564
4157	4234
3063	5565
2239	4224
4203	5555
257	4225
5930	5556
4949	4226
5935	5557
5839	4227
5933	5558
5840	4228
1075	5559
4674	4229
938	5570
4160	4240
939	5571
2242	4241
940	5572
2243	4242
941	5573
2244	4243
456	5574
3027	4244
942	5575
3028	4245
943	5576
4158	4235
3064	5566
1250	4236
1252	5567
1470	5568
1268	4237
1269	4238
946	5569
4952	4239
3059	5580
2256	4250
3057	5581
2257	4251
3058	5582
5909	4252
1331	5583
3529	4253
5985	5584
594	4254
4234	5585
4991	4255
4235	5586
4178	4256
2274	5587
3943	4246
944	5577
5904	4247
945	5578
4992	4248
3060	5579
2258	4249
3036	4260
4236	5591
4999	4261
1979	5592
5912	4262
1530	5593
86	4263
852	5594
1893	4264
696	5595
4188	4265
1980	5596
1270	4266
5052	5597
1271	4267
2444	5598
491	5590
4179	4257
2275	5588
4998	4258
3065	5589
1032	4259
1864	4271
3035	4272
196	4273
830	4274
933	4275
497	4276
1006	4277
1007	4278
4994	4270
1272	4268
5054	5599
1273	4269
4189	4282
5926	4283
960	4284
5004	4285
360	4286
1962	4287
990	4288
595	4289
3530	4280
4190	4281
2621	4279
2622	4293
934	4294
489	4295
5923	4296
89	4297
4201	4298
4202	4299
1963	4290
2623	4291
304	4292
4238	5607
1471	5608
1303	5609
4237	5600
4239	5601
2634	5602
853	5603
2635	5604
2636	5605
2637	5606
1383	5620
4242	5618
1382	5619
5055	5610
284	5611
5994	5612
5056	5613
5990	5614
5991	5615
4240	5616
4241	5617
1981	5630
1690	4300
1982	5631
678	5629
1384	5621
1385	5622
626	5623
5057	5624
5058	5625
2857	5626
1151	5627
661	5628
2641	5640
2624	4310
2642	5641
378	5642
2625	4311
2171	4309
1742	4301
1983	5632
4195	4302
1984	5633
4196	4303
5998	5634
3534	4304
4246	5635
1228	4305
4247	5636
897	4306
2176	5637
547	4307
1896	5638
2626	4308
2643	5639
171	5650
2261	4320
4254	5651
2262	4321
3566	5652
1363	4322
1365	5653
5937	4312
4253	5643
3540	4313
5062	5644
3541	4314
2640	5645
2493	4315
3563	5646
3950	4316
6003	5647
5934	4317
6012	5648
5010	4318
5065	5649
373	4319
1694	5660
4207	4330
6014	5661
4213	4331
6015	5662
4214	4332
1253	5663
593	4333
2645	5664
4459	3002
264	3001
2850	3000
4209	4323
1985	5654
4210	4324
1152	5655
1302	4325
1986	5656
5939	4326
1987	5657
3951	4327
1988	5658
5940	4328
1989	5659
4208	4329
5073	5670
148	5671
3047	4340
5018	4341
1990	5672
722	4342
839	5673
2631	4343
1991	5674
1235	4344
1992	5675
3344	3013
6533	3012
91	3011
6532	3010
332	3009
6530	3008
6531	3007
67	3006
1474	3005
1652	3004
5430	3003
4212	4334
2276	5665
5944	4335
2277	5666
2442	4336
5066	5667
290	4337
5067	5668
3048	4338
1277	5669
3049	4339
5081	5680
1274	4350
5082	5681
1275	4351
1402	5682
1276	4352
1403	5683
4243	4353
1404	5684
4244	4354
1501	5685
4245	4355
995	5686
5434	3024
5435	3023
3796	3022
6535	3021
4479	3020
5432	3019
227	3018
4478	3017
1236	3016
3330	3015
3310	3014
2632	4345
1993	5676
5027	4346
4257	5677
5947	4347
5071	5678
935	4348
6017	5679
303	4349
3668	5690
5992	4360
3982	5691
3558	4361
5275	5692
3559	4362
4374	5693
5059	4363
2309	5694
1513	4364
2310	5695
3560	4365
2311	5696
6001	4366
6325	5697
6539	3035
5436	3034
5437	3033
6538	3032
4481	3031
6534	3030
1824	3029
2179	3028
653	3027
3182	3026
6536	3025
5995	4356
117	5687
5996	4357
1174	5688
2909	4358
1175	5689
3350	4359
2638	4370
2639	4371
1062	4372
3564	4373
3565	4374
827	4375
4249	4376
4250	4377
5441	3046
6545	3045
4484	3044
3797	3043
3798	3042
3799	3041
4480	3040
6537	3039
6542	3038
6541	3037
6540	3036
6002	4367
5274	5698
5997	4368
5272	5699
2461	4369
339	4381
3562	4382
6004	4383
6005	4384
3567	4385
4255	4386
102	4387
2644	4388
3929	3057
5442	3056
6552	3055
3190	3054
3191	3053
459	3052
5443	3051
2896	3050
455	4380
732	3049
6543	3048
4685	3047
4251	4378
4252	4379
176	3060
5069	4392
688	4393
3067	4394
402	4395
401	4396
2646	4397
958	4398
5072	4399
4489	3068
5445	3067
5446	3066
6557	3065
2198	3064
2354	3063
6007	4390
2355	3062
6008	4391
1264	3061
371	3059
1897	3058
179	4389
4834	3071
6562	3070
283	3079
4846	3078
2885	3077
9	3076
4089	3075
4090	3074
5740	3073
5742	3072
4488	3069
347	3082
719	3081
2576	3080
2578	3089
2579	3088
4841	3087
4842	3086
5748	3085
5749	3084
2153	3083
919	3093
5751	3092
1832	3091
2577	3090
2155	3099
4850	3098
355	3097
2580	3096
2581	3095
1026	3094
6327	5706
771	5707
273	5708
2515	5709
5273	5700
2312	5701
2313	5702
2314	5703
6328	5704
6326	5705
583	5717
2315	5718
2316	5719
1909	5710
6330	5711
6329	5712
4375	5713
3307	5714
4376	5715
563	5716
275	5730
2468	5728
3672	5729
2317	5720
3122	5721
2186	5722
3669	5723
3670	5724
3671	5725
3983	5726
2698	5727
2021	5740
4260	4410
2022	5741
6025	4408
2020	5739
4259	4409
805	4400
1082	5731
6022	4401
2318	5732
1672	5733
6023	4402
6016	4403
2319	5734
3569	4404
6331	5735
5070	4405
762	5736
854	4406
2697	5737
1311	4407
318	5738
6332	5750
5089	4420
2699	5751
5088	4421
2700	5752
5090	4419
4261	4411
2023	5742
2278	4412
3379	5743
1483	5744
760	4413
2647	4414
4377	5745
5076	4415
1083	5746
5077	4416
5276	5747
1137	4417
5277	5748
1255	4418
4378	5749
6333	5760
2445	4430
956	5761
1743	4431
3674	5762
1744	4432
3675	5763
4857	3101
2993	3100
3909	4422
1912	5753
6026	4423
3673	5754
6029	4424
5278	5755
6030	4425
1707	5756
936	4426
2132	5757
1347	4427
5279	5758
1994	4428
6334	5759
1995	4429
5300	5770
3068	4440
5301	5771
3069	4441
1405	5772
4266	4442
1406	5773
4267	4443
314	5774
3932	3112
4860	3111
369	3110
5759	3109
5760	3108
4856	3107
539	3106
451	3105
3466	3104
3467	3103
3468	3102
1745	4433
2024	5764
1746	4434
1502	5765
803	4435
1540	5766
1531	4436
6336	5767
5091	4437
4379	5768
3070	4438
590	5769
2495	4439
246	5780
4278	4450
5302	5781
6075	4451
5303	5782
1899	4452
2711	5783
2282	4453
2712	5784
1884	4454
663	5785
510	3123
213	3122
1231	3121
4864	3120
4863	3119
3000	3118
3001	3117
3002	3116
5763	3115
4861	3114
2886	3113
1332	4444
1407	5775
6034	4445
1408	5776
1128	4446
1409	5777
1328	4447
550	5778
3572	4448
662	5779
4279	4449
1580	5790
6074	4460
1581	5791
443	5792
1093	4461
1094	4462
2713	5793
1095	4463
3985	5794
219	4464
4392	5795
1096	4465
3689	5796
3004	3134
807	3133
5768	3132
4106	3131
60	3130
3291	3129
5767	3128
2416	3127
5765	3126
5766	3125
2999	3124
1076	4455
1582	5786
3359	4456
1583	5787
1497	4457
1584	5788
4280	4458
1585	5789
4281	4459
513	4470
5116	4471
1064	4472
1747	4473
1748	4474
1749	4475
6077	4476
4934	3145
5817	3144
3017	3143
2849	3142
5769	3141
5771	3140
3332	3139
5770	3138
243	3137
4107	3136
3003	3135
734	4466
3690	5797
6080	4467
446	5798
5118	4468
4394	5799
120	4469
3078	4480
3079	4481
3080	4482
4283	4483
4284	4484
4282	4485
4285	4486
4286	4487
5835	3156
2235	3155
849	3154
4145	3153
3940	3152
3020	3151
3021	3150
3019	3149
5826	3148
4146	3147
4933	3146
5119	4477
5120	4478
3081	4479
2498	4491
5122	4492
3577	4493
4288	4494
4289	4495
1125	4496
5121	4497
6084	4498
4942	3167
4153	3166
4154	3165
4940	3164
737	3163
1657	3162
883	3161
5831	3160
2653	4490
4148	3159
2827	3158
5829	3157
2652	4488
757	4489
4943	3170
4159	3178
969	3177
5841	3176
4156	3175
4950	3174
524	3173
2601	3172
4944	3171
1135	3169
2897	3168
1050	4499
5846	3181
5842	3180
4954	3189
2851	3188
3509	3187
3510	3186
4953	3185
5843	3184
5844	3183
5845	3182
4951	3179
4164	3192
1312	3191
4165	3190
2165	3199
2436	3198
2480	3197
4161	3196
4162	3195
4163	3194
2164	3193
755	5805
552	5806
1285	5807
477	5808
1286	5809
4395	5800
5304	5801
5305	5802
4393	5803
3691	5804
3692	5816
3693	5817
1176	5818
1177	5819
1287	5810
727	5811
2519	5812
725	5813
1410	5814
6367	5815
6369	5827
2714	5828
579	5829
1178	5820
1179	5821
1769	5822
1338	5823
6368	5824
5306	5825
5307	5826
2720	5840
5125	4507
6371	5838
6089	4508
2719	5839
1700	4509
2715	5830
4287	4500
2716	5831
1900	4501
2717	5832
3963	4502
3694	5833
5126	4503
3695	5834
1327	4504
1339	5835
2843	5836
4290	4505
4291	4506
2718	5837
2325	5850
1257	4520
2326	5851
1996	4518
2324	5849
1997	4519
3583	4510
6370	5841
1316	4511
2721	5842
2917	4512
2722	5843
2285	4513
2723	5844
6093	4514
3129	5845
658	4515
3130	5846
1999	4516
4396	5847
987	5848
2000	4517
572	5860
2662	4530
1008	5861
3584	4531
1009	5862
5849	3200
2661	4529
749	5852
1998	4521
1301	4522
4397	5853
141	4523
3696	5854
3585	4524
3697	5855
3586	4525
5311	5856
1901	4526
5312	5857
167	4527
4398	5858
2663	4528
1012	5859
5341	5870
5146	4540
6425	5871
5143	4541
3716	5872
1258	4542
3717	5873
5006	3211
5925	3210
2170	3208
2105	3207
2481	3206
5848	3205
743	3204
115	3203
1361	3202
3512	3201
5136	4532
1010	5863
1042	4533
1011	5864
6095	4534
4419	5865
3591	4535
4420	5866
202	4536
4421	5867
379	4537
6423	5868
5147	4538
5342	5869
5001	3209
4298	4539
6424	5880
2669	4550
3714	5881
808	4551
3715	5882
6140	4552
2731	5883
409	5884
3605	4553
5008	3222
5009	3221
2905	3220
4199	3219
4200	3218
3539	3217
1148	3216
3531	3215
3532	3214
2904	3213
4193	3212
1333	4543
2191	5874
3592	4544
3713	5875
784	4545
3137	5876
6138	4546
3138	5877
3087	4547
3139	5878
3088	4548
3140	5879
994	4549
1411	5890
3606	4560
1412	5891
3607	4561
1413	5892
6141	4562
2729	5893
2829	4563
1370	5894
1033	4564
2730	5895
677	3233
3043	3232
5932	3231
5931	3230
1524	3229
3044	3228
3045	3227
1894	3226
1040	3225
3535	3224
5007	3223
1247	5885
6136	4554
3604	4555
5343	5886
6137	4556
857	5887
3608	4557
1414	5888
3609	4558
664	5889
3610	4559
6144	4570
841	4571
3614	4572
2925	4573
1750	4574
1751	4575
4211	3244
1691	3243
425	3242
5021	3241
5014	3240
5013	3239
1964	3238
1234	3237
1965	3236
5941	3235
3042	3234
3612	4565
4422	5896
3613	4566
1153	5897
896	4567
3719	5898
5185	4568
3720	5899
6143	4569
859	4580
2673	4581
1367	4582
2674	4583
2675	4584
3616	4585
6146	4586
4217	3255
2854	3254
5023	3253
4215	3252
3046	3251
5020	3250
5019	3249
2629	3248
2630	3247
5942	3246
5943	3245
1752	4576
1753	4577
1754	4578
1840	4579
1391	4590
2676	4591
925	4592
2677	4593
2678	4594
5190	4595
6150	4596
1906	4597
2173	3266
5029	3265
1685	3264
5032	3263
5951	3262
3952	3261
5950	3260
706	3259
5949	3258
5028	3257
4216	3256
1392	4587
493	4588
1393	4589
6013	3277
3561	3276
5957	3275
403	3274
4221	3273
4222	3272
4223	3271
4220	3270
4218	3269
4219	3268
3546	3267
5191	4598
5189	4599
5063	3280
311	3288
3570	3287
3571	3286
210	3285
3957	3284
5068	3283
5064	3282
245	3281
3066	3279
434	3278
6024	3291
3959	3290
518	3299
5078	3298
3353	3297
2648	3296
2649	3295
1254	3294
4262	3293
5075	3292
6021	3289
6426	5904
6428	5905
4423	5906
3718	5907
6429	5908
6430	5909
3141	5900
3142	5901
1916	5902
6427	5903
638	5915
3143	5916
5344	5917
5345	5918
2520	5919
973	5910
3281	5911
657	5912
4424	5913
3721	5914
3144	5926
2521	5927
5346	5928
6431	5929
2112	5920
1710	5921
3145	5922
6432	5923
6433	5924
4425	5925
5192	4606
2732	5937
531	4607
3723	5938
1484	4608
3724	5939
1870	4609
3725	5930
5188	4600
3726	5931
3617	4601
6434	5932
3618	4602
5347	5933
165	4603
3722	5934
5194	4604
2733	5935
6156	4605
2734	5936
3731	5950
723	4617
3727	5948
1565	4618
2935	5949
1566	4619
765	5940
6161	4610
2330	5941
4312	4611
2331	5942
5195	4612
2332	5943
2926	4613
2333	5944
3091	4614
3728	5945
1260	4615
3729	5946
3092	4616
3730	5947
1097	5960
3619	4630
1098	5961
3093	4628
1099	5959
3094	4629
1567	4620
3732	5951
1568	4621
3733	5952
860	4622
1711	5953
74	5954
1907	4623
6168	4624
2042	5955
6167	4625
2043	5956
5198	4626
1100	5957
2150	4627
568	5958
3146	5970
4328	4640
3147	5971
6216	4641
5348	5972
5087	3310
5085	3307
4327	4639
3960	3306
4263	3305
2912	3304
509	3303
5083	3302
4264	3301
4265	3300
3365	4631
3150	5962
3973	4632
3151	5963
6213	4633
3152	5964
475	4634
1918	5965
3630	4635
3734	5966
4326	4636
790	5967
6032	3309
5216	4637
3148	5968
3345	4638
5084	3308
3149	5969
3741	5980
673	4650
3742	5981
4332	4651
6464	5982
3102	4652
5378	5983
3300	3321
6038	3320
77	3318
6041	3317
3354	3316
6033	3315
6035	3314
6036	3313
6037	3312
5086	3311
5222	4642
3381	5973
2288	4643
5349	5974
2289	4644
4426	5975
2290	4645
6463	5976
6221	4646
5377	5977
4331	4647
2738	5978
545	4648
2739	5979
1865	3319
3103	4649
3744	5990
160	4660
3385	5991
3634	4661
5380	5992
1642	4662
5379	5993
3104	4663
4438	5994
1624	2001
2651	3332
4792	2000
3574	3331
3575	3330
3573	3329
6040	3328
3071	3327
1889	3326
3072	3325
127	3324
5094	3323
445	3322
2181	4653
2938	5984
3632	4654
3743	5985
3633	4655
6465	5986
2182	4656
3746	5987
2679	4657
3747	5988
2680	4658
3745	5989
2681	4659
6224	4670
5228	4671
3974	4672
5227	4673
3637	4674
1511	2012
6046	3343
5700	2011
6044	3342
5699	2010
6045	3341
484	3340
3432	2009
2554	2008
1466	3339
2555	2007
971	3338
88	2006
4689	3337
4060	2005
6042	3336
4794	2004
5099	3335
1829	2003
3961	3334
4793	2002
5097	3333
3105	4664
3750	5995
2448	4665
6466	5996
2927	4666
3751	5997
6222	4667
6469	5998
342	5999
1536	4668
3631	4669
1493	4680
3640	4681
4336	4682
5230	4683
2509	4684
6234	4685
1457	2023
6088	3354
4802	2022
5124	3353
4803	2021
1866	3352
5704	2020
5123	3351
729	3350
904	2019
3918	2018
6085	3349
4796	2017
6086	3348
521	2016
770	3347
3433	2015
6081	3346
5703	2014
2283	3345
4795	2013
2284	3344
3638	4675
3639	4676
6226	4677
6227	4678
5229	4679
306	4690
366	4691
6236	4692
1537	4693
3975	4694
3643	4695
1648	4696
4108	2034
5127	3365
13	3364
3474	2033
3475	2032
1018	3363
3333	2031
6092	3362
1837	3361
4871	2030
1625	3360
4870	2029
4867	2028
6083	3359
4868	2027
3082	3358
4869	2026
3083	3357
1310	3356
1202	2025
4663	2024
3084	3355
5231	4686
4337	4687
3108	4688
3109	4689
4874	2045
3579	3376
1027	2044
2915	3375
5777	2043
467	3374
5778	2042
3964	3373
17	2041
2654	3372
5776	2040
2655	3371
5135	3370
1638	2039
3335	2038
5133	3369
5773	2037
5134	3368
1456	2036
5132	3367
5772	2035
2499	3366
3644	4697
3369	4698
6237	4699
5781	2056
4293	3387
4875	2055
2125	3386
4876	2054
5137	3385
4878	2053
2500	3384
4879	2052
3587	3383
1314	2051
3588	3382
1358	2050
1077	3381
3589	3380
1489	2049
5775	2048
4295	3379
466	2047
1867	3378
5774	2046
3578	3377
2657	3390
780	2067
1631	3398
4112	2066
4296	3397
64	3396
5784	2065
1950	2064
4294	3395
1951	2063
2919	3394
1952	2062
2918	3393
1953	2061
2659	3392
921	2060
2660	3391
4881	2059
4109	2058
2658	3389
4110	2057
4292	3388
4895	2070
3271	2078
1559	2077
70	2076
769	2075
1074	2074
1560	2073
4675	2072
5847	2071
4894	2069
3934	2068
3590	3399
5850	2081
2104	2080
2603	2089
2604	2088
2605	2087
5851	2086
4645	2085
4955	2084
4166	2083
4956	2082
3511	2079
2166	2092
5857	2091
2602	2090
3029	2099
4961	2098
2828	2097
5861	2096
3944	2095
5852	2094
2437	2093
6467	4705
1261	4706
4439	4707
4440	4708
4441	4709
6241	4700
1632	4701
1150	4702
3748	4703
3749	4704
6470	4716
5384	4717
5385	4718
5383	4719
1372	4710
298	4711
2741	4712
2742	4713
6468	4714
4442	4715
3754	4727
683	4728
1154	4729
2175	4720
3752	4721
3155	4722
716	4723
3156	4724
724	4725
1230	4726
3763	4740
5144	3406
3761	4738
6098	3405
3762	4739
3893	3404
6097	3403
1702	3402
5142	3401
4297	3400
1775	4730
1776	4731
1777	4732
2336	4733
2337	4734
5151	3409
2338	4735
6102	3408
2339	4736
5145	3407
3760	4737
4449	4750
5387	4751
6103	3420
1259	3417
3386	4749
5154	3416
5155	3415
5148	3414
5149	3413
643	3412
1123	3411
3965	3410
1911	4741
3755	4742
4447	4743
2340	4744
2341	4745
1053	4746
1857	3419
3759	4747
488	4748
2664	3418
6477	4760
2345	4761
3161	4762
825	2100
2010	3431
2011	3430
4299	3428
6110	3427
3320	3426
836	3425
6105	3424
5159	3423
831	3422
5153	3421
3157	4752
3158	4753
1668	4754
33	4755
1778	4756
468	4757
1779	4758
846	3429
3764	4759
2743	4770
862	4771
1415	4772
1416	4773
5868	2111
901	3442
5866	2110
2503	3441
1905	3440
4968	2108
3615	3439
3342	2107
464	3438
1205	2106
1304	3437
121	3436
2483	2105
4962	2104
2007	3435
989	2103
2008	3434
4960	2102
2009	3433
543	3432
322	2101
412	4763
3162	4764
3163	4765
3164	4766
3165	4767
1249	4768
252	4769
5864	2109
5389	4780
5390	4781
2052	4782
2053	4783
3765	4784
5880	2122
1114	3453
745	2121
2012	3452
3514	2120
2013	3451
2014	3450
4172	2119
4677	2118
2180	3449
200	2117
613	3448
5871	2116
6151	3447
5872	2115
6152	3446
1626	2114
6148	3445
5870	2113
6149	3444
4676	2112
6145	3443
689	4774
1417	4775
665	4776
1418	4777
5388	4778
6478	4779
1485	4790
2195	4791
3768	4792
891	4793
3766	4794
3767	4795
3090	3464
5237	2133
6157	3463
3646	2132
704	3462
2130	2131
5196	3461
6245	2130
4314	3460
6244	2129
4313	3459
4346	2128
2128	3458
3976	2127
5193	3457
5234	2126
4973	2125
6153	3456
5881	2124
6154	3455
5879	2123
4311	3454
530	4785
2744	4786
1373	4787
2745	4788
4452	4789
6174	3475
3654	2144
6175	3474
3652	2143
6176	3473
5239	2142
6166	3472
2860	2141
2129	3471
6256	2140
5197	3470
5238	2139
3273	2138
6170	3469
1643	3468
5236	2137
3351	3467
2507	2136
3089	3466
3113	2135
2147	3465
241	2134
2194	4796
1712	4797
3166	4798
317	4799
5200	3486
4702	2155
1215	3485
2831	2154
3620	3484
3659	2153
92	3483
6261	2152
103	3482
6260	2151
274	3481
5242	2150
5201	3480
608	2149
6178	3479
3897	2148
4315	3478
902	2147
6171	3477
3653	2146
907	3476
972	2145
5202	3497
5260	2166
2127	3496
6296	2165
4317	3495
6295	2164
4318	3494
6286	2163
4319	3493
2689	2162
986	3492
2690	2161
1569	3491
3120	2160
345	3490
3118	2159
81	3489
3119	2158
3621	3488
4367	2157
3622	3487
6282	2156
811	2177
3665	2176
2303	2175
2304	2174
2305	2173
2306	2172
2307	2171
2308	2170
861	2169
411	2168
6183	3499
6181	3498
3661	2167
2450	2180
3121	2188
399	2187
810	2186
6307	2185
6301	2184
2131	2183
6300	2182
5261	2181
220	2179
2862	2178
2694	2191
3981	2190
1169	2199
1170	2198
1171	2197
1172	2196
5264	2195
2695	2194
2696	2193
800	2192
6306	2189
3169	4804
6518	4805
380	4806
5420	4807
4465	4808
1715	4809
5391	4800
4450	4801
4451	4802
3170	4803
3171	4815
6521	4816
6520	4817
4467	4818
3777	4819
3776	4810
1288	4811
1289	4812
1290	4813
1291	4814
1586	4826
1587	4827
1588	4828
4470	4829
6519	4820
3173	4821
3174	4822
2197	4823
3172	4824
118	4825
3953	4837
6184	3505
4320	3504
3180	4838
976	4839
4321	3503
2505	3502
4696	3501
3095	3500
2526	4830
4469	4831
122	4832
2859	3509
3782	4833
781	3508
5422	4834
1521	3507
5421	4835
6220	3506
1851	4836
1544	4850
1360	4848
2291	3516
5224	3515
2755	4849
5225	3514
5226	3513
3635	3512
3636	3511
624	3510
2943	4840
1546	4841
3177	4842
3178	4843
3179	4844
1366	3519
2527	4845
517	3518
1263	4846
2292	3517
3783	4847
3792	4860
3793	4861
3107	3530
111	3527
5426	4859
2293	3526
2294	3525
4334	3524
4335	3523
386	3522
6225	3521
5223	3520
4474	4851
4475	4852
2756	4853
2757	4854
3309	4855
6523	4856
6228	3529
3181	4857
667	3528
4471	4858
3394	4870
3795	4871
1923	4872
6233	3541
1030	2210
6232	3540
6229	3538
1760	2207
692	3537
1761	2206
3641	3536
1762	2205
3642	3535
1763	2204
1063	3534
1337	2203
914	3533
6308	2202
2682	3532
3378	2201
3106	3531
1173	2200
3790	4862
1922	4863
2944	4864
359	4865
1921	4866
5425	4867
4371	2209
3995	4868
6235	3539
1764	2208
5428	4869
2758	4880
2759	4881
1052	4882
2528	4883
329	3552
6360	2221
2018	3551
6357	2220
832	3550
4345	3549
2134	2218
6240	3548
4387	2217
473	3547
4388	2216
2489	3546
601	2215
135	2214
2183	3545
3645	3544
4382	2213
4343	3543
6312	2212
537	3542
1239	2211
2760	4873
970	4874
2761	4875
2762	4876
1240	4877
3794	4878
1683	4879
6356	2219
6527	4890
2353	4891
5431	4892
967	4893
2845	4894
2160	3563
2863	2232
788	2231
4347	3562
4348	3561
6362	2230
4349	3560
6364	2229
3647	3559
2028	2228
1147	2227
3648	3558
717	2226
6246	3557
4344	3556
6354	2225
1619	2224
2015	3555
2016	3554
6352	2223
172	2222
2017	3553
6526	4884
5429	4885
2763	4886
2764	4887
6528	4888
6529	4889
977	2243
382	3574
3114	3573
4391	2242
3115	3572
2187	2241
5247	3571
5299	2240
6269	3570
349	2239
1848	2238
4357	3569
4358	3568
6365	2237
1335	3567
6366	2236
1875	2235
6268	3566
1703	3565
5298	2234
3649	3564
5295	2233
286	4895
4477	4896
2137	4897
806	4898
3812	4899
506	3585
5324	2254
1570	3584
2184	2253
1571	3583
4407	2252
1572	3582
5329	2251
450	3581
6393	2250
1573	3580
3356	2249
30	3579
1305	2248
2019	3578
4406	2247
1704	3577
2833	2246
1079	3576
4404	2245
1500	3575
1341	2244
1368	3596
5334	2265
6274	3595
3987	2264
4363	3594
5331	2263
6272	3593
5332	2262
2511	3592
1089	2261
4362	3591
3708	2260
4361	3590
2934	2259
4359	3589
6400	2258
4360	3588
6399	2257
2929	3587
6392	2256
5248	3586
5323	2255
5337	2276
1139	2275
6415	2274
3136	2273
6406	2272
6410	2271
6408	2270
6403	2269
6270	3599
4710	2268
2683	3598
3898	2267
2684	3597
5333	2266
4693	2287
4427	2286
5353	2285
5354	2284
4416	2283
5339	2282
2727	2281
2728	2280
6416	2279
963	2278
6411	2277
5359	2290
2044	2298
2045	2297
2046	2296
5364	2295
2823	2294
5360	2293
5361	2292
2193	2291
3900	2289
6450	2288
2452	2299
55	100
1823	101
1461	102
83	103
3931	104
5756	105
794	106
2430	107
766	108
1844	109
1113	110
138	111
327	112
394	113
1357	114
979	115
1516	116
1460	117
28	118
18	119
5758	120
24	121
2157	122
51	123
1629	124
1852	125
1208	126
235	127
149	128
3470	129
3471	130
5761	131
367	132
139	133
2	134
397	135
248	136
1487	137
5764	138
959	139
437	140
26	141
2998	142
2997	143
1209	144
2582	145
2583	146
2584	147
768	148
4862	149
1300	150
3331	151
3472	152
487	153
90	154
59	155
482	156
40	157
3473	158
893	159
4865	160
43	161
3889	162
4866	163
232	164
2432	165
1675	166
426	167
1878	168
526	169
2228	170
1488	171
87	172
949	173
21	174
4	175
1928	176
1929	177
2385	178
1856	179
2386	180
3863	181
5558	182
1622	183
5559	184
1621	185
5562	186
4605	187
195	188
4000	189
193	190
1212	191
2422	192
3244	193
3245	194
3246	195
2837	196
2103	197
5564	198
180	199
2771	4903
1669	4904
3809	4905
5462	4906
4721	4907
3340	4908
1265	4909
2772	4900
2773	4901
2774	4902
1695	4914
1355	4915
1784	4916
476	4917
1343	4918
3813	4919
4515	4910
2358	4911
2359	4912
1925	4913
2785	4925
996	4926
3329	4927
3814	4928
2783	4929
6580	4920
4517	4921
3397	4922
4518	4923
2786	4924
2930	3604
3818	4936
2931	3603
1068	4937
654	4938
948	3602
4701	3601
3817	4939
5250	3600
2784	4930
263	4931
1759	3609
2685	3608
3816	4932
759	4933
2686	3607
3655	3606
5464	4934
1705	3605
796	4935
3116	3615
6585	4947
2163	3614
6584	4948
1755	3613
4525	4949
1756	3612
1757	3611
1758	3610
975	4940
4522	4941
3199	4942
3374	3619
3200	4943
655	3618
2064	4944
6277	3617
2065	4945
3117	3616
6583	4946
1242	4960
4366	3626
2360	4958
596	4959
3375	3625
5253	3624
5254	3623
2830	3622
6279	3621
5255	3620
4526	4950
4527	4951
4528	4952
174	4953
1599	4954
565	4955
4365	3629
2687	3628
1600	4956
2688	3627
1601	4957
