107 4 118 4
2835 2 67 2
123 5 89 5
186 2 19 2
5612 3 25 3
440 4 72 4
154 7 295 6
1122 7 332 6
25 3 55 3
3406 2 21 2
3901 2 20 2
2101 4 67 4
65 2 19 2
519 18 875 12
19 7 89 6
1022 4 355 4
27 3 42 3
53 2 48 2
666 6 181 6
94 4 71 4
903 2 48 2
2533 4 77 4
35 4 110 4
1344 3 92 3
222 2 15 2
3 2 19 2
1031 10 338 8
5614 4 37 4
4648 3 81 3
301 3 32 3
4087 2 23 2
2472 2 50 2
272 2 13 2
31 4 95 4
865 9 93 7
774 2 13 2
867 5 62 5
381 3 83 3
868 2 11 2
297 2 54 2
869 5 59 5
214 2 32 2
145 5 54 5
362 8 140 7
864 2 50 2
866 2 35 2
69 4 137 4
648 2 18 2
2567 2 95 2
182 2 42 2
2424 4 53 4
199 2 27 2
1129 6 161 5
462 3 87 3
1 2 72 2
384 2 13 2
128 9 193 7
560 2 48 2
32 2 16 2
1130 4 33 4
14 6 67 5
4092 2 61 2
4093 2 62 2
78 2 54 2
161 3 63 3
389 2 34 2
6 5 84 5
1047 6 182 5
56 2 30 2
1514 3 62 3
751 3 36 3
587 2 80 2
266 5 40 5
247 3 49 3
3327 2 78 2
3328 4 47 4
512 5 165 5
348 2 69 2
4668 4 43 4
787 8 301 7
208 3 123 3
4095 2 41 2
224 4 64 4
136 3 57 3
708 2 25 2
1948 6 120 6
837 7 490 7
3460 3 116 3
4847 4 76 4
3930 5 88 5
1196 4 50 4
259 2 79 2
289 5 172 5
3462 3 60 3
3463 3 16 3
8 2 25 2
2117 3 48 3
2154 4 35 4
187 8 293 8
557 2 19 2
55 2 20 2
1823 2 12 2
1461 6 78 5
83 3 35 3
3931 5 132 5
5756 7 143 6
794 4 70 4
2430 2 44 2
766 2 21 2
1844 2 10 2
1113 2 16 2
138 3 38 3
327 3 38 3
394 2 19 2
1357 2 32 2
979 4 35 4
1516 2 13 2
1460 3 42 3
28 3 41 3
18 2 13 2
5758 5 97 5
24 2 12 2
2157 2 27 2
51 2 10 2
1629 2 26 2
1852 6 241 6
1208 6 146 5
235 2 28 2
149 2 15 2
3470 2 17 2
3471 5 82 5
5761 2 24 2
367 2 11 2
139 3 36 3
2 2 19 2
397 2 28 2
248 2 10 2
1487 9 133 5
5764 3 33 3
959 2 41 2
437 2 51 2
26 2 19 2
2998 7 404 6
2997 2 30 2
1209 6 51 5
2582 2 17 2
2583 5 70 5
2584 6 241 5
768 2 23 2
4862 2 31 2
1300 3 31 3
3331 4 59 4
3472 3 58 3
487 7 140 6
90 4 33 4
59 3 31 3
482 3 107 3
40 3 53 3
3473 2 22 2
893 2 12 2
4865 4 380 4
43 2 18 2
3889 3 37 3
4866 3 48 3
232 2 21 2
2432 3 29 3
1675 3 35 3
426 3 42 3
1878 7 179 6
526 3 30 3
2228 3 26 3
1488 2 17 2
87 3 17 3
949 2 32 2
21 4 30 4
4 2 236 2
1928 3 23 3
1929 3 33 3
2385 2 20 2
1856 2 37 2
2386 5 152 5
3863 2 17 2
5558 2 14 2
1622 3 50 3
5559 5 102 5
1621 2 40 2
5562 2 11 2
4605 2 11 2
195 2 32 2
4000 2 68 2
193 4 63 4
1212 40 1063 19
2422 2 24 2
3244 2 52 2
3245 2 23 2
3246 24 403 12
2837 3 19 3
2103 3 51 3
5564 2 16 2
180 3 75 3
453 3 84 3
920 6 99 5
93 2 28 2
795 4 75 4
1034 3 23 3
2811 2 53 2
461 2 54 2
5569 3 109 3
166 4 39 4
5570 2 36 2
3298 5 45 5
5571 2 42 2
282 3 27 3
711 3 22 3
1802 3 30 3
1054 2 50 2
1803 3 26 3
1221 2 18 2
1804 2 23 2
478 3 41 3
5573 4 45 4
1038 3 61 3
559 2 13 2
144 2 19 2
2816 3 85 3
2817 4 30 4
7 2 32 2
5574 3 24 3
3248 7 116 5
239 3 28 3
1863 3 41 3
2818 4 144 4
1549 2 35 2
1224 8 229 6
4619 4 93 4
3911 2 10 2
4620 2 15 2
430 4 40 4
3869 2 15 2
4621 2 24 2
36 2 17 2
3871 2 59 2
3870 2 16 2
4622 7 158 6
281 3 31 3
1111 4 88 4
496 3 28 3
698 2 16 2
3402 2 48 2
501 2 47 2
388 3 42 3
432 2 53 2
203 4 59 4
2401 2 24 2
2402 2 61 2
363 3 26 3
3913 3 51 3
5585 3 41 3
2487 2 18 2
1048 3 35 3
5587 4 59 4
2114 2 18 2
3261 2 47 2
2506 3 56 3
131 2 15 2
4001 2 39 2
3262 2 16 2
3263 2 17 2
71 3 44 3
5589 3 45 3
5590 5 41 5
5591 4 40 4
336 2 25 2
353 2 29 2
335 3 35 3
204 4 194 4
356 2 23 2
357 10 211 7
156 3 25 3
294 6 79 5
293 6 96 6
338 2 79 2
307 9 174 8
337 3 52 3
190 2 16 2
321 11 426 9
233 2 31 2
320 2 10 2
299 2 19 2
358 2 16 2
351 3 82 3
352 2 15 2
300 2 20 2
229 3 22 3
236 3 58 3
354 3 23 3
438 2 18 2
738 2 23 2
514 3 20 3
726 3 29 3
96 2 34 2
739 2 14 2
740 2 13 2
741 3 56 3
201 2 21 2
260 3 25 3
61 3 40 3
5596 2 17 2
675 2 62 2
5646 2 49 2
4021 2 23 2
1024 2 45 2
4022 2 31 2
2870 3 22 3
66 2 26 2
3907 2 16 2
2839 6 120 6
5647 2 14 2
1321 2 13 2
713 3 21 3
5648 2 26 2
3888 2 23 2
4755 3 96 3
4028 4 34 4
436 2 30 2
4757 2 49 2
4029 2 23 2
826 2 13 2
2542 10 425 6
1508 3 36 3
2541 2 12 2
581 2 16 2
1623 4 55 4
2210 2 36 2
1673 2 56 2
2211 3 30 3
4031 2 22 2
343 2 13 2
2141 2 28 2
2142 2 53 2
606 2 46 2
2409 2 27 2
3910 4 42 4
3314 3 19 3
4034 2 28 2
1217 2 24 2
4763 3 61 3
4656 2 27 2
4657 2 17 2
4042 2 24 2
3317 2 18 2
2143 3 81 3
4766 2 18 2
791 3 53 3
414 2 50 2
4767 2 77 2
3912 3 16 3
5666 2 10 2
5667 5 124 5
2144 2 30 2
4774 4 105 4
3426 2 16 2
3427 3 161 3
4051 2 52 2
1210 2 144 2
1211 5 134 5
238 2 35 2
4052 2 13 2
1723 2 11 2
192 5 100 5
1509 3 72 3
798 3 30 3
4777 2 15 2
4778 2 37 2
822 2 13 2
29 3 59 3
2464 4 40 4
2465 2 37 2
1940 5 81 5
159 3 38 3
1480 3 42 3
439 2 19 2
334 3 33 3
813 3 26 3
1558 4 111 4
1070 2 14 2
1553 2 20 2
1554 2 73 2
1555 2 11 2
1556 4 34 4
1353 3 80 3
1557 2 17 2
42 3 102 3
966 2 35 2
5672 2 18 2
2427 8 183 6
3914 2 29 2
700 3 43 3
157 2 26 2
4783 2 16 2
4786 3 77 3
5716 2 14 2
5717 2 30 2
4812 2 12 2
3919 2 12 2
4813 2 19 2
470 2 16 2
5720 3 147 3
5721 4 115 4
2984 2 26 2
4819 2 14 2
4824 4 55 4
3323 4 72 4
835 2 12 2
1462 3 27 3
3288 2 12 2
1727 2 16 2
1728 3 52 3
1729 2 23 2
1730 3 25 3
1725 4 51 4
1726 3 88 3
38 4 89 4
2844 3 40 3
3924 4 160 4
2116 2 11 2
3324 2 25 2
5725 4 102 4
4830 2 16 2
3289 2 28 2
5726 2 11 2
4666 2 15 2
930 2 13 2
5728 2 35 2
1294 2 16 2
5734 2 126 2
3928 2 23 2
5735 2 38 2
2846 2 21 2
2825 2 41 2
57 2 16 2
1055 2 48 2
1630 2 16 2
607 2 11 2
4091 2 16 2
5744 2 38 2
5745 4 27 4
3457 2 20 2
1472 3 55 3
105 3 54 3
702 2 14 2
707 2 11 2
4844 3 23 3
2475 2 17 2
5750 2 25 2
892 2 29 2
1636 2 11 2
2848 2 23 2
370 2 96 2
952 3 93 3
5755 2 20 2
101 2 17 2
4669 2 23 2
4852 2 11 2
4853 3 83 3
2225 2 27 2
85 2 31 2
152 3 54 3
2226 2 93 2
2227 2 19 2
736 2 14 2
1859 2 24 2
1491 2 27 2
3296 2 13 2
1452 2 16 2
3938 3 38 3
4905 3 124 3
4906 2 25 2
4120 4 93 4
785 2 64 2
2876 2 25 2
237 2 18 2
1198 2 20 2
4121 2 17 2
4908 2 24 2
2418 4 39 4
2891 3 33 3
4909 3 175 3
4128 2 16 2
4910 2 11 2
206 3 45 3
4129 2 16 2
5803 2 88 2
4130 2 40 2
4131 8 128 6
5805 2 42 2
5807 3 19 3
2159 2 12 2
1459 3 31 3
442 2 13 2
776 2 12 2
415 2 45 2
5812 3 30 3
4134 5 50 5
1492 2 14 2
4915 2 11 2
4916 3 29 3
4917 2 15 2
575 2 16 2
1836 2 12 2
50 2 18 2
5818 5 66 5
52 2 24 2
5819 2 21 2
119 2 25 2
1109 2 28 2
4927 2 22 2
5820 2 16 2
2120 2 10 2
5827 2 33 2
3941 2 28 2
1838 2 22 2
326 2 16 2
485 4 26 4
1197 2 17 2
5828 3 90 3
5833 2 14 2
3891 3 156 3
5834 3 26 3
4152 2 34 2
151 2 31 2
4937 3 108 3
5838 2 31 2
2240 2 15 2
2241 2 49 2
1522 2 19 2
4946 4 169 4
670 3 53 3
4947 2 17 2
4981 8 102 5
3516 2 26 2
3517 3 30 3
5891 2 14 2
2902 2 12 2
4680 2 27 2
4982 5 81 5
4983 2 23 2
3518 2 39 2
2900 3 28 3
5892 3 33 3
4681 2 24 2
5894 2 16 2
5895 2 15 2
5897 2 18 2
4173 3 27 3
2482 3 86 3
1834 4 33 4
5898 2 26 2
4988 4 47 4
2853 3 21 3
3274 3 32 3
3343 3 29 3
4176 2 48 2
4177 4 50 4
225 2 18 2
4989 2 14 2
2248 2 94 2
2249 2 11 2
2250 3 47 3
2251 2 10 2
2252 2 15 2
2253 2 12 2
5906 2 15 2
1292 3 67 3
5907 2 33 2
375 2 21 2
5908 2 29 2
5911 5 46 5
1195 2 13 2
4995 2 14 2
2441 2 15 2
1060 2 26 2
4187 2 19 2
4996 2 36 2
4997 5 58 5
5002 2 51 2
4191 2 16 2
4192 2 11 2
3947 2 13 2
5003 2 11 2
877 5 50 5
308 2 11 2
1448 2 20 2
1206 2 29 2
4682 2 56 2
3533 3 36 3
823 2 25 2
5927 2 13 2
5928 2 12 2
701 4 69 4
108 2 11 2
3536 3 29 3
3537 2 14 2
5929 2 17 2
249 2 28 2
3949 2 53 2
3544 2 11 2
5936 3 19 3
10 4 35 4
3346 3 28 3
4206 2 18 2
5983 2 19 2
5050 2 29 2
4232 5 53 5
4233 3 26 3
5051 2 18 2
5984 9 369 8
3556 2 22 2
3557 4 32 4
129 2 19 2
1975 3 21 3
169 3 89 3
1529 3 36 3
1976 3 29 3
1977 2 10 2
1978 2 32 2
1618 2 24 2
2106 2 17 2
2855 2 38 2
5053 4 33 4
3955 2 18 2
3349 3 30 3
5986 2 33 2
5987 2 35 2
5988 2 38 2
5989 2 16 2
2856 3 75 3
5993 3 77 3
5999 2 19 2
6000 2 17 2
1213 2 29 2
4248 2 19 2
2410 2 29 2
2431 2 10 2
5060 2 32 2
5061 2 13 2
6006 2 51 2
6009 2 28 2
2111 2 17 2
6010 2 20 2
6011 2 28 2
3568 3 46 3
4256 2 39 2
368 2 76 2
291 2 131 2
3958 4 31 4
888 4 53 4
699 3 27 3
6018 2 12 2
6019 2 31 2
2910 2 122 2
4258 3 40 3
1831 2 41 2
6020 2 24 2
2911 3 42 3
3352 2 13 2
4692 3 46 3
2914 3 82 3
844 2 16 2
2126 2 44 2
4277 3 47 3
4276 2 65 2
669 2 21 2
6067 2 57 2
574 3 27 3
6068 2 14 2
6069 2 14 2
6070 2 13 2
6071 2 22 2
6072 2 16 2
6073 5 91 5
323 4 94 4
2102 4 38 4
387 3 131 3
3301 2 19 2
5115 3 54 3
6076 2 32 2
671 2 18 2
5117 2 16 2
6078 2 23 2
6079 3 142 3
2497 2 61 2
47 3 29 3
3284 4 41 4
6082 2 24 2
1013 2 35 2
1116 2 10 2
1320 2 12 2
230 2 29 2
6087 4 50 4
1017 2 19 2
879 4 30 4
6090 2 12 2
6091 5 50 5
5129 2 14 2
5130 4 85 4
5131 4 44 4
254 3 32 3
2656 2 15 2
1119 3 51 3
3580 2 13 2
2916 2 75 2
3581 2 36 2
3582 2 44 2
137 2 10 2
1473 3 23 3
6128 2 11 2
6129 2 24 2
3968 3 52 3
6130 2 12 2
1297 2 47 2
45 2 14 2
1138 2 14 2
5180 2 21 2
3362 2 36 2
2923 2 22 2
6131 2 28 2
6132 2 16 2
3363 2 33 2
5181 2 19 2
4308 2 32 2
5182 2 36 2
6133 2 26 2
5183 2 30 2
6134 2 72 2
6135 2 10 2
6139 3 26 3
4694 2 12 2
5184 2 15 2
4309 2 15 2
2888 2 22 2
1850 2 34 2
173 2 26 2
3611 2 22 2
618 2 18 2
1029 3 57 3
4310 2 15 2
1839 2 14 2
3302 2 16 2
6142 2 21 2
2670 2 17 2
2140 2 16 2
5186 2 12 2
1645 3 19 3
5187 2 44 2
340 2 15 2
2671 3 18 3
2672 2 58 2
99 2 19 2
6147 2 27 2
424 3 60 3
2836 2 36 2
3275 2 15 2
2446 4 42 4
649 2 10 2
982 2 54 2
6155 2 15 2
3972 2 34 2
1308 2 15 2
126 4 45 4
576 2 146 2
3098 2 35 2
3099 2 23 2
6207 3 20 3
3366 3 44 3
1454 2 33 2
4699 2 81 2
5211 2 19 2
6208 2 20 2
5212 2 20 2
507 2 63 2
5213 2 19 2
5214 2 37 2
1634 2 18 2
1826 2 11 2
6209 2 28 2
3628 4 84 4
3629 2 28 2
6210 2 16 2
5215 2 33 2
2447 3 42 3
4325 3 24 3
4324 2 11 2
6211 2 24 2
5217 2 16 2
5218 2 17 2
5219 2 23 2
6212 2 31 2
3971 7 107 6
895 5 85 5
5220 2 21 2
6214 5 65 5
6215 2 20 2
12 2 30 2
6217 2 12 2
5221 4 253 4
3101 2 14 2
1058 3 25 3
3100 3 25 3
3936 2 18 2
6218 3 36 3
3886 2 12 2
116 3 67 3
6219 4 83 4
1200 2 17 2
4329 2 42 2
4330 3 44 3
1219 3 42 3
3283 2 11 2
588 3 22 3
6223 2 16 2
4333 2 12 2
913 2 25 2
4008 2 12 2
4009 2 17 2
310 3 50 3
4006 2 33 2
5620 2 20 2
5618 3 47 3
3904 2 17 2
4734 4 54 4
5627 2 23 2
2951 3 30 3
2952 2 14 2
5623 2 15 2
4733 3 48 3
1023 2 39 2
4735 2 15 2
1830 2 72 2
155 2 22 2
5631 2 18 2
11 4 78 4
253 4 38 4
469 2 28 2
5630 2 36 2
4652 2 34 2
4741 2 28 2
4739 2 21 2
4740 2 42 2
4737 2 19 2
2457 2 31 2
1039 3 20 3
147 3 44 3
2953 2 19 2
4742 4 109 4
4743 2 41 2
3286 2 13 2
4653 2 19 2
5636 2 14 2
4015 5 75 5
4744 4 76 4
764 2 28 2
1505 4 48 4
5637 2 21 2
4746 2 17 2
5638 2 55 2
5640 7 47 5
3906 2 23 2
4016 3 33 3
2091 2 58 2
2536 3 27 3
2537 3 65 3
2538 2 23 2
2539 2 32 2
2838 2 25 2
3311 3 51 3
4747 2 26 2
4748 3 29 3
1044 2 10 2
2558 7 262 7
5697 2 27 2
5698 3 33 3
5696 2 22 2
5695 2 28 2
15 2 26 2
2556 2 17 2
1877 2 20 2
2557 3 38 3
3321 2 17 2
773 2 17 2
4797 3 22 3
479 2 11 2
2467 4 37 4
4061 3 57 3
4799 2 25 2
4800 5 48 5
4798 2 27 2
3434 2 21 2
3435 2 16 2
3436 3 40 3
2978 4 31 4
4062 2 55 2
4063 3 64 3
1841 5 67 5
3437 2 11 2
218 6 42 5
5708 2 27 2
4664 2 28 2
5707 2 18 2
793 2 15 2
4807 2 22 2
76 2 19 2
554 2 19 2
4065 4 103 4
4066 2 12 2
3920 3 57 3
4064 6 824 6
4804 2 10 2
4808 2 30 2
3922 2 21 2
3322 3 30 3
4067 2 26 2
2877 2 13 2
3921 3 77 3
1322 2 12 2
4809 2 10 2
4810 3 31 3
1045 2 25 2
1481 2 31 2
2559 3 35 3
41 3 31 3
2560 2 23 2
5714 2 34 2
502 3 32 3
4882 5 121 5
5782 2 15 2
4111 3 29 3
5783 2 12 2
4671 4 42 4
4884 2 22 2
5785 2 14 2
3476 3 69 3
4113 2 15 2
4114 3 80 3
302 2 12 2
4889 3 71 3
1519 3 18 3
4888 2 13 2
4893 2 30 2
4892 3 43 3
5787 2 24 2
2118 3 80 3
604 3 41 3
295 2 32 2
4116 2 14 2
4898 2 12 2
5788 3 22 3
3935 2 13 2
4896 3 38 3
5791 3 39 3
4899 3 41 3
672 2 13 2
54 2 14 2
4901 2 17 2
5793 3 40 3
1886 6 197 5
3937 2 30 2
4904 2 15 2
4903 2 26 2
3295 2 54 2
5795 3 26 3
4902 3 20 3
3477 2 45 2
3478 4 61 4
3479 2 31 2
5797 4 57 4
5796 2 29 2
4672 2 21 2
3480 2 17 2
4966 2 19 2
3297 2 19 2
5867 2 17 2
4650 2 14 2
5865 2 30 2
2606 2 11 2
4969 2 24 2
4171 4 46 4
5876 2 14 2
5875 5 151 5
2100 2 16 2
639 2 24 2
5874 2 48 2
4971 2 17 2
4970 4 49 4
4972 7 126 7
217 2 13 2
134 2 22 2
2484 3 66 3
4975 4 28 4
4974 2 33 2
721 3 23 3
1738 4 31 4
1737 2 43 2
1494 2 19 2
4979 6 96 6
2485 4 59 4
5885 2 13 2
4679 2 16 2
3515 3 33 3
1059 2 13 2
2123 3 29 3
1847 2 51 2
2486 3 64 3
5888 2 30 2
400 2 10 2
5887 2 16 2
1037 6 133 5
209 2 29 2
5890 2 14 2
5889 3 115 3
3892 2 11 2
5966 3 19 3
3954 2 31 2
5969 3 32 3
4227 3 39 3
4226 2 14 2
5971 2 14 2
408 2 33 2
3056 3 31 3
3055 2 13 2
1330 7 71 6
444 2 16 2
5974 2 22 2
46 2 12 2
4229 3 35 3
72 2 17 2
5977 3 40 3
555 3 45 3
5048 2 14 2
63 3 70 3
5 3 24 3
5046 2 16 2
5980 2 16 2
556 2 18 2
4230 3 28 3
5979 2 12 2
234 2 39 2
4687 4 37 4
4686 2 13 2
2169 3 63 3
1149 2 26 2
315 6 147 5
5982 2 24 2
4231 2 10 2
2908 3 17 3
162 2 16 2
271 2 29 2
5102 2 33 2
641 3 102 3
522 2 32 2
3358 2 35 2
503 4 47 4
6056 2 21 2
6055 3 24 3
6058 3 20 3
5106 4 49 4
1663 2 16 2
4272 2 14 2
5108 2 48 2
5107 2 28 2
133 2 20 2
504 2 12 2
5109 3 31 3
993 3 33 3
242 2 17 2
992 2 10 2
2496 2 35 2
3077 2 18 2
906 3 29 3
3076 2 16 2
5110 2 11 2
6066 5 41 5
1698 2 27 2
5112 2 26 2
6065 2 20 2
5111 2 10 2
6064 2 38 2
5113 2 81 2
2408 4 27 4
1453 2 11 2
5114 3 24 3
4275 7 101 6
4300 2 11 2
431 2 22 2
1644 4 62 4
2501 2 17 2
6119 2 11 2
5170 3 39 3
2286 2 15 2
1065 2 19 2
3601 7 102 6
1499 2 13 2
5172 2 11 2
3603 2 27 2
3602 2 10 2
5173 2 21 2
687 7 68 6
5174 3 23 3
6124 3 44 3
910 3 28 3
1664 2 38 2
2287 2 21 2
3967 2 11 2
1620 2 48 2
3360 3 33 3
3361 2 18 2
2858 2 14 2
3276 5 72 5
6125 4 124 4
2434 2 29 2
5177 3 31 3
3085 4 57 4
6126 2 15 2
5179 2 19 2
1478 2 14 2
6127 3 32 3
1869 2 54 2
1204 2 22 2
5205 2 33 2
350 3 25 3
5206 2 15 2
6197 3 23 3
4698 2 72 2
3096 2 21 2
6198 2 17 2
6200 2 18 2
6199 2 23 2
5207 3 23 3
926 3 32 3
5208 2 12 2
1908 5 135 5
6201 2 20 2
2494 6 150 5
955 4 93 4
4323 5 56 5
4322 2 24 2
1535 2 45 2
3627 2 17 2
3626 2 23 2
5209 2 16 2
752 2 13 2
6202 2 24 2
130 2 12 2
194 3 50 3
1041 2 20 2
114 2 30 2
3097 3 30 3
104 3 30 3
1395 2 50 2
1394 2 30 2
1401 4 46 4
1400 3 79 3
1399 4 53 4
1398 2 12 2
1397 3 20 3
1396 3 36 3
6204 2 17 2
6203 3 41 3
5210 2 21 2
908 2 14 2
6206 3 23 3
6205 3 27 3
423 2 19 2
1237 5 65 5
5240 2 13 2
4351 2 16 2
4350 3 45 3
1465 2 62 2
5241 3 25 3
6259 2 105 2
5243 2 24 2
3979 2 20 2
6262 2 24 2
1498 2 13 2
2299 3 58 3
2298 2 14 2
2297 7 118 6
125 2 22 2
2417 3 17 3
6263 2 21 2
390 2 10 2
6264 3 81 3
5245 2 18 2
5244 2 33 2
3372 2 34 2
2842 2 15 2
4353 4 27 4
4352 2 16 2
4354 2 61 2
6265 2 12 2
4355 2 22 2
577 2 18 2
361 2 25 2
2406 2 14 2
6266 2 13 2
3292 2 14 2
6267 2 27 2
3373 3 35 3
3279 3 39 3
4356 2 15 2
3294 4 75 4
5246 2 16 2
3306 2 13 2
2861 2 29 2
2510 2 11 2
6311 2 11 2
6310 2 23 2
6309 3 62 3
5266 2 17 2
98 2 12 2
6313 2 11 2
5265 3 51 3
6314 2 38 2
4705 2 43 2
2868 3 40 3
3666 5 54 5
589 3 25 3
6316 2 15 2
6315 4 119 4
4683 2 18 2
6317 3 25 3
1115 3 26 3
150 2 21 2
775 3 18 3
875 2 85 2
874 2 13 2
873 2 29 2
599 2 16 2
571 2 49 2
872 3 29 3
871 2 19 2
870 3 38 3
140 3 29 3
876 2 27 2
6318 4 63 4
1220 2 28 2
6319 3 20 3
2932 3 54 3
3667 2 12 2
2092 2 28 2
6320 2 18 2
2405 2 16 2
5269 3 67 3
5268 2 14 2
5267 2 13 2
6321 2 17 2
6322 2 15 2
1131 2 44 2
6323 3 75 3
1633 2 33 2
3293 2 12 2
2451 3 54 3
4372 3 22 3
5270 2 19 2
4373 2 49 2
562 2 22 2
5271 3 28 3
6324 2 21 2
580 2 20 2
6561 3 34 3
642 2 23 2
4492 2 11 2
5448 2 11 2
5447 2 13 2
6565 3 69 3
1924 2 33 2
3195 2 24 2
3194 3 43 3
3193 2 11 2
5449 2 12 2
3198 3 27 3
3197 2 17 2
3196 3 31 3
1495 2 14 2
4494 2 36 2
6567 5 27 5
2095 2 37 2
5451 2 16 2
603 2 21 2
4497 2 23 2
6570 2 14 2
6574 2 13 2
3802 2 18 2
1627 2 19 2
5454 2 25 2
735 3 22 3
1140 3 108 3
4498 2 16 2
1525 2 15 2
789 5 76 5
2765 2 26 2
3804 2 20 2
3803 3 41 3
6575 2 18 2
113 3 40 3
2766 2 11 2
2768 2 41 2
2767 2 12 2
285 2 32 2
637 2 36 2
1593 7 81 6
1592 2 23 2
1591 2 14 2
1066 3 32 3
863 2 35 2
267 3 40 3
5456 2 35 2
4501 4 75 4
5455 2 12 2
1087 3 23 3
4500 2 20 2
5476 3 49 3
5479 2 21 2
2942 2 21 2
6604 3 40 3
3998 3 40 3
4548 2 17 2
4547 2 20 2
5481 3 55 3
6610 3 23 3
4550 3 25 3
4549 2 11 2
6617 3 42 3
4722 2 11 2
5484 2 15 2
553 2 20 2
6616 3 28 3
2531 2 22 2
3822 2 20 2
109 2 16 2
6621 2 18 2
2824 5 91 5
1334 3 57 3
5485 2 17 2
6624 3 31 3
705 3 28 3
6625 4 37 4
2924 2 30 2
4555 2 25 2
4554 2 23 2
5487 2 19 2
398 10 134 7
2456 3 34 3
4553 2 19 2
75 3 24 3
6627 2 20 2
6626 2 16 2
5488 5 38 5
3824 2 12 2
3823 2 17 2
4591 2 15 2
4590 2 14 2
2383 3 36 3
2435 4 31 4
779 2 16 2
1639 3 28 3
5540 3 32 3
3233 2 14 2
3232 2 35 2
2834 5 46 5
1468 2 16 2
3917 2 13 2
2476 2 15 2
1868 3 28 3
5544 2 30 2
4596 5 231 5
3856 2 56 2
5547 3 32 3
3237 3 32 3
2178 2 14 2
5546 2 25 2
4600 2 23 2
3304 2 16 2
216 2 11 2
4723 2 28 2
5548 5 105 5
5551 2 24 2
5550 2 11 2
878 3 22 3
3857 2 18 2
591 2 25 2
2807 2 33 2
5553 2 21 2
3238 2 15 2
3401 2 15 2
1216 3 27 3
3239 3 45 3
2928 2 18 2
2093 3 23 3
3887 2 22 2
4726 2 17 2
1306 2 19 2
4646 2 17 2
5613 3 26 3
4647 2 34 2
2139 3 22 3
2532 2 14 2
546 2 11 2
5611 2 23 2
1124 2 24 2
2949 2 10 2
2950 3 46 3
490 2 12 2
2455 3 28 3
4730 2 29 2
710 2 13 2
79 2 11 2
5617 3 34 3
4007 2 26 2
5621 2 13 2
5619 2 38 2
2867 4 96 4
4012 2 16 2
3903 2 13 2
5626 2 18 2
5625 2 40 2
5624 4 60 4
5632 3 32 3
309 2 52 2
4013 2 23 2
4651 6 65 5
4738 2 11 2
5633 2 24 2
4014 3 69 3
4654 2 108 2
5635 2 26 2
4745 2 27 2
3916 3 43 3
4056 2 15 2
5684 2 10 2
5685 2 15 2
4057 2 19 2
421 7 71 6
4791 2 17 2
4058 4 43 4
5690 3 35 3
5689 2 22 2
429 2 22 2
703 2 22 2
5688 2 18 2
5691 2 11 2
5694 2 35 2
5693 2 22 2
5692 2 35 2
5702 2 18 2
1676 3 27 3
5701 2 17 2
1450 2 16 2
2413 3 36 3
4801 2 16 2
1512 2 42 2
5706 5 88 5
2145 3 19 3
5705 2 19 2
2979 3 19 3
2414 3 24 3
5709 2 13 2
5712 4 37 4
4805 2 22 2
251 2 15 2
4806 2 15 2
3438 2 31 2
5711 2 13 2
5710 2 15 2
5713 2 27 2
1458 2 14 2
1949 2 19 2
674 2 11 2
4873 2 46 2
1845 2 13 2
4872 2 12 2
5779 2 32 2
4877 4 68 4
3336 2 19 2
1518 2 12 2
2585 2 24 2
5780 2 17 2
4883 2 13 2
4880 5 38 5
4887 2 25 2
4886 3 22 3
2887 2 14 2
4885 2 11 2
4891 2 15 2
4890 2 13 2
5786 3 34 3
4115 4 28 4
5789 3 30 3
4897 5 64 5
5792 2 23 2
4900 2 14 2
5790 2 16 2
1861 3 56 3
5794 2 14 2
44 2 19 2
1641 2 21 2
5855 2 15 2
5854 3 94 3
5853 2 16 2
4957 4 49 4
5858 5 160 5
4959 2 16 2
4958 2 19 2
3341 2 15 2
5856 4 57 4
4167 2 13 2
244 2 23 2
5860 3 28 3
5859 2 24 2
68 3 24 3
4965 2 16 2
4964 2 21 2
4963 2 14 2
2852 2 14 2
2438 2 10 2
449 2 26 2
4967 2 14 2
5863 2 13 2
5862 3 189 3
5869 2 21 2
4170 2 27 2
4169 3 31 3
4168 2 21 2
2439 3 27 3
5878 3 41 3
5877 4 51 4
377 2 16 2
500 2 23 2
2122 2 27 2
5873 2 30 2
4678 5 44 5
3272 2 18 2
3513 3 29 3
5882 2 13 2
4976 2 25 2
5884 4 44 4
2901 3 51 3
4978 2 25 2
5883 2 61 2
4977 3 17 3
4980 3 26 3
5886 2 13 2
5961 3 50 3
5960 2 30 2
5037 3 23 3
5036 2 33 2
5963 2 20 2
5962 2 17 2
3550 3 38 3
783 2 22 2
2124 3 26 3
5965 14 534 9
5038 4 45 4
5964 6 89 6
3552 3 40 3
3551 2 13 2
5041 3 35 3
5040 2 13 2
5039 2 13 2
3553 3 29 3
3554 2 18 2
1662 2 11 2
5968 2 30 2
5967 2 36 2
1564 3 34 3
256 2 25 2
1563 3 27 3
1562 3 38 3
1561 3 26 3
5970 3 29 3
3052 2 12 2
609 2 19 2
170 2 27 2
3555 2 19 2
3054 3 20 3
3053 3 35 3
5042 2 18 2
1324 3 39 3
5044 2 21 2
5043 2 10 2
1449 2 12 2
1526 2 20 2
5045 2 40 2
5973 2 23 2
597 2 51 2
5972 3 55 3
2907 2 32 2
4228 3 37 3
205 2 20 2
5978 4 69 4
5976 2 27 2
1693 5 37 5
1968 2 17 2
1970 5 137 5
1969 2 17 2
5975 4 52 4
316 3 33 3
5047 2 13 2
270 2 58 2
2633 2 15 2
5981 4 34 4
5049 3 24 3
1972 2 17 2
1971 2 12 2
1528 3 21 3
1496 2 26 2
1527 3 24 3
1974 8 109 7
1973 2 15 2
5100 4 69 4
1256 3 33 3
1697 5 69 5
855 3 24 3
3357 3 42 3
6051 4 52 4
6053 2 22 2
6052 2 13 2
3962 2 20 2
2107 3 35 3
5103 2 45 2
4691 2 41 2
1390 3 52 3
1389 5 60 5
1388 3 30 3
1387 3 18 3
1386 2 14 2
6054 3 29 3
448 2 16 2
5105 8 127 6
5104 2 51 2
6059 2 25 2
6057 3 50 3
2913 2 11 2
2404 2 19 2
1014 3 32 3
4274 2 50 2
6061 3 19 3
6060 2 44 2
4273 2 10 2
6063 3 29 3
6062 3 33 3
6115 2 10 2
6114 2 14 2
1903 2 14 2
2666 2 13 2
3597 2 17 2
3596 2 20 2
2922 3 50 3
1835 2 10 2
6118 2 25 2
2004 3 53 3
2003 2 28 2
697 2 20 2
2002 2 11 2
2001 2 14 2
3600 6 181 6
889 2 22 2
3599 2 21 2
3598 3 39 3
1120 3 45 3
6120 3 34 3
5169 3 25 3
3966 2 11 2
312 3 137 3
1293 3 17 3
5171 2 15 2
6121 2 29 2
6123 2 18 2
6122 3 36 3
4301 2 12 2
97 2 13 2
2502 3 20 3
4305 2 23 2
4304 2 14 2
4303 2 17 2
427 2 25 2
2006 2 14 2
2005 3 36 3
5176 2 56 2
5175 4 56 4
636 2 30 2
981 2 10 2
4302 2 21 2
578 2 22 2
4307 2 13 2
4306 2 30 2
5178 3 15 3
570 2 10 2
1904 2 23 2
1028 2 20 2
2668 3 28 3
1637 3 37 3
3086 3 43 3
1646 4 46 4
3134 2 11 2
6397 3 71 3
3707 2 22 2
3706 2 20 2
3705 2 14 2
3135 3 22 3
3337 3 50 3
763 2 27 2
5336 6 83 6
3308 5 37 5
6414 2 46 2
6413 2 20 2
6412 3 35 3
3711 2 24 2
364 2 12 2
3988 2 15 2
2329 2 15 2
1369 2 19 2
2328 2 21 2
2327 3 23 3
3905 2 23 2
5338 2 12 2
950 2 29 2
2041 3 17 3
2040 2 17 2
1709 2 42 2
2039 2 20 2
2038 2 12 2
600 2 12 2
6419 2 16 2
4649 3 24 3
6418 2 22 2
6417 3 31 3
4418 3 56 3
4417 4 30 4
6420 2 46 2
3368 2 20 2
821 3 21 3
3712 2 60 2
881 3 26 3
6421 2 14 2
5340 2 34 2
6422 2 48 2
288 3 27 3
3989 2 19 2
5358 2 21 2
3153 6 334 6
5367 2 17 2
6454 3 34 3
6453 4 31 4
5366 2 16 2
5365 3 67 3
385 5 56 5
1319 3 30 3
6460 2 18 2
6459 3 59 3
911 2 11 2
4434 3 52 3
4433 2 22 2
4432 2 52 2
413 2 11 2
3737 2 32 2
492 2 18 2
3738 2 12 2
460 3 22 3
3990 2 20 2
4436 2 12 2
2453 3 87 3
5375 2 29 2
5374 4 33 4
4437 3 31 3
5371 2 15 2
1533 2 19 2
2736 2 18 2
685 3 64 3
2737 5 40 5
5373 2 20 2
5372 2 19 2
2735 6 95 5
6462 12 271 8
2864 2 13 2
5376 2 48 2
3740 2 13 2
2937 2 16 2
3739 3 35 3
528 2 17 2
4712 3 30 3
6493 3 21 3
6492 3 18 3
5399 2 20 2
3168 2 23 2
2504 2 33 2
3167 2 49 2
4456 2 17 2
4715 3 33 3
2941 3 49 3
6497 3 37 3
6496 4 40 4
3773 4 78 4
4457 5 43 5
6503 3 22 3
1422 2 15 2
1421 3 41 3
1420 2 21 2
1419 2 91 2
6502 2 13 2
198 3 22 3
4662 3 53 3
2351 2 10 2
2350 2 19 2
2349 3 20 3
5407 2 12 2
3305 2 19 2
6509 3 63 3
1475 2 22 2
6508 3 32 3
3993 2 34 2
5408 2 12 2
1019 8 102 6
3774 2 10 2
6512 3 22 3
2352 2 11 2
3994 2 21 2
1110 2 17 2
2158 3 73 3
842 3 23 3
2121 3 44 3
3185 2 26 2
3184 2 11 2
3183 2 14 2
4483 2 10 2
6544 2 14 2
4487 2 29 2
4486 2 16 2
4485 3 29 3
3996 3 22 3
5439 2 13 2
3189 2 16 2
3188 2 16 2
3187 4 110 4
3186 2 14 2
6550 3 72 3
6549 4 23 4
6548 2 20 2
6547 3 26 3
4718 2 41 2
6555 2 16 2
4491 2 12 2
4490 4 112 4
6554 2 17 2
2199 2 22 2
4493 2 13 2
6560 4 33 4
4719 3 23 3
777 4 146 4
6559 3 22 3
6558 3 17 3
2357 2 21 2
2356 2 27 2
474 3 25 3
3396 3 37 3
6564 2 10 2
3977 2 19 2
1232 2 15 2
6568 2 16 2
4720 2 16 2
2110 2 12 2
3801 2 33 2
5450 2 36 2
4496 3 19 3
4495 2 31 2
6573 3 27 3
3278 2 17 2
6572 2 34 2
5453 3 26 3
3334 3 32 3
5452 2 13 2
6571 2 12 2
2062 2 20 2
2061 2 59 2
2060 4 52 4
2059 2 16 2
1538 3 33 3
2945 3 22 3
899 2 20 2
4499 2 37 2
1296 3 39 3
4542 2 23 2
6595 2 12 2
3821 2 29 2
5472 2 16 2
110 2 16 2
5475 4 76 4
4544 2 60 2
5474 2 11 2
6597 2 14 2
5477 3 22 3
4546 2 13 2
6601 2 21 2
3933 2 27 2
6606 2 15 2
1825 2 66 2
6605 2 17 2
2203 2 17 2
3355 2 15 2
6611 2 18 2
5483 2 24 2
6615 2 10 2
6614 3 17 3
6618 2 13 2
2365 2 26 2
2364 2 17 2
2363 3 25 3
730 2 15 2
4552 2 16 2
4551 3 24 3
6623 2 11 2
6622 2 22 2
5486 2 20 2
4587 2 51 2
5527 2 20 2
3280 2 21 2
5528 2 16 2
611 5 81 5
5531 2 11 2
1550 2 52 2
3231 2 35 2
3230 2 34 2
3229 2 13 2
5536 2 33 2
5535 3 84 3
3853 2 15 2
3852 3 21 3
3851 2 25 2
2077 2 25 2
1307 2 16 2
4595 3 66 3
4594 3 41 3
2192 2 14 2
2384 2 30 2
3236 4 54 4
4593 2 20 2
458 18 896 14
4598 2 20 2
4597 2 22 2
1539 2 35 2
1617 2 19 2
1616 3 24 3
1615 2 19 2
2133 2 33 2
5549 2 16 2
3991 2 13 2
5552 4 29 4
5606 2 18 2
2403 5 68 5
5607 2 12 2
4661 2 15 2
5608 3 22 3
5609 2 20 2
619 3 23 3
2109 2 20 2
4728 2 20 2
4729 2 22 2
4004 2 36 2
4003 2 24 2
615 2 16 2
376 3 49 3
5616 2 17 2
2535 3 33 3
2534 2 12 2
5622 2 22 2
523 2 12 2
4010 2 18 2
4011 2 19 2
4736 2 17 2
5629 3 67 3
5628 3 53 3
3285 4 27 4
5634 2 27 2
3915 3 18 3
2553 2 13 2
2552 2 13 2
2551 2 18 2
2841 2 29 2
3287 4 65 4
5682 2 18 2
4789 2 20 2
4788 3 79 3
5683 2 20 2
3431 2 37 2
3430 2 13 2
3429 2 20 2
4790 3 120 3
5686 2 54 2
5687 5 71 5
4059 3 26 3
4792 2 12 2
1624 2 16 2
4793 2 25 2
1829 2 22 2
4794 3 56 3
4060 2 23 2
88 2 45 2
2555 4 63 4
2554 3 40 3
3432 3 63 3
5699 2 20 2
5700 2 37 2
1511 3 26 3
4795 2 26 2
5703 2 13 2
3433 2 15 2
521 3 69 3
4796 2 19 2
3918 6 71 5
904 3 60 3
5704 2 15 2
4803 3 46 3
4802 2 20 2
1457 2 27 2
4663 2 24 2
1202 6 289 5
4869 2 29 2
4868 2 18 2
4867 3 48 3
4870 4 43 4
4871 2 20 2
3333 3 27 3
3475 2 34 2
3474 2 18 2
4108 2 187 2
5772 2 13 2
1456 3 28 3
5773 2 42 2
3335 3 31 3
1638 2 20 2
5776 3 64 3
17 4 32 4
5778 2 30 2
5777 2 14 2
1027 2 18 2
4874 2 13 2
5774 2 10 2
466 2 17 2
5775 3 22 3
1489 2 10 2
1358 4 57 4
1314 2 14 2
4879 2 13 2
4878 2 10 2
4876 2 21 2
4875 2 13 2
5781 2 21 2
4110 2 14 2
4109 2 13 2
4881 5 55 5
921 3 66 3
1953 2 60 2
1952 2 15 2
1951 2 31 2
1950 3 27 3
5784 2 12 2
4112 3 91 3
780 4 61 4
3934 3 60 3
4894 2 14 2
4895 2 27 2
5847 3 25 3
4675 2 35 2
1560 2 15 2
1074 7 195 6
769 5 47 5
70 2 15 2
1559 2 21 2
3271 2 19 2
3511 2 46 2
2104 7 80 6
5850 2 14 2
4956 2 28 2
4166 2 16 2
4955 2 21 2
4645 2 16 2
5851 2 25 2
2605 3 24 3
2604 2 26 2
2603 2 15 2
2602 3 31 3
5857 11 206 8
2166 3 39 3
2437 3 24 3
5852 3 48 3
3944 4 39 4
5861 4 48 4
2828 3 22 3
4961 4 58 4
3029 2 54 2
825 3 31 3
322 2 22 2
4960 3 74 3
989 2 19 2
4962 2 22 2
2483 3 16 3
1205 2 19 2
3342 3 30 3
4968 3 35 3
5864 5 62 5
5866 2 15 2
5868 2 49 2
4676 2 40 2
5870 2 22 2
1626 2 14 2
5872 4 27 4
5871 2 12 2
200 2 18 2
4677 3 75 3
4172 2 27 2
3514 3 22 3
745 2 28 2
5880 2 25 2
5879 3 25 3
5881 2 34 2
4973 3 30 3
5234 2 21 2
3976 2 14 2
4346 2 16 2
6244 4 62 4
6245 4 42 4
2130 2 11 2
3646 4 46 4
5237 2 24 2
241 2 16 2
3113 3 35 3
2507 2 13 2
5236 2 10 2
3273 2 32 2
5238 3 37 3
6256 2 13 2
2860 2 22 2
5239 2 16 2
3652 2 24 2
3654 5 77 5
972 2 19 2
3653 2 12 2
902 2 19 2
3897 2 20 2
608 2 43 2
5242 2 27 2
6260 2 19 2
6261 2 13 2
3659 2 17 2
2831 2 19 2
4702 2 81 2
6282 2 19 2
4367 2 13 2
3119 2 13 2
3118 2 31 2
3120 2 59 2
2690 2 12 2
2689 3 25 3
6286 2 10 2
6295 2 28 2
6296 3 38 3
5260 3 35 3
3661 2 16 2
411 3 76 3
861 2 10 2
2308 2 70 2
2307 3 38 3
2306 2 22 2
2305 2 42 2
2304 2 29 2
2303 3 33 3
3665 2 15 2
811 2 28 2
2862 2 10 2
220 2 15 2
2450 3 44 3
5261 2 12 2
6300 2 19 2
2131 4 45 4
6301 3 42 3
6307 3 69 3
810 2 57 2
399 4 22 4
3121 4 81 4
6306 2 15 2
3981 2 18 2
2694 3 17 3
800 2 18 2
2696 2 17 2
2695 2 41 2
5264 2 48 2
1172 5 59 5
1171 2 15 2
1170 2 20 2
1169 2 17 2
1173 3 33 3
3378 2 32 2
6308 2 27 2
1337 2 30 2
1763 2 12 2
1762 4 39 4
1761 7 87 5
1760 3 19 3
1764 4 46 4
4371 3 36 3
1030 2 62 2
1239 2 65 2
6312 2 20 2
4382 2 29 2
135 2 15 2
601 2 18 2
4388 6 67 6
4387 2 22 2
2134 2 25 2
6356 2 19 2
6357 2 19 2
6360 5 91 5
172 2 26 2
6352 2 11 2
1619 3 16 3
6354 3 51 3
717 2 12 2
1147 2 12 2
2028 2 10 2
6364 2 15 2
6362 2 17 2
788 2 18 2
2863 2 18 2
5295 2 26 2
5298 2 14 2
1875 3 31 3
6366 2 16 2
6365 5 80 5
1848 2 12 2
349 2 25 2
5299 2 40 2
2187 2 11 2
4391 3 19 3
977 4 130 4
1341 2 10 2
4404 2 17 2
2833 3 24 3
4406 2 22 2
1305 5 54 5
3356 2 13 2
6393 2 17 2
5329 2 36 2
4407 3 21 3
2184 2 11 2
5324 3 42 3
5323 3 58 3
6392 2 31 2
6399 2 26 2
6400 2 31 2
2934 3 23 3
3708 4 46 4
1089 2 20 2
5332 2 13 2
5331 2 18 2
3987 2 34 2
5334 2 23 2
5333 2 12 2
3898 3 20 3
4710 2 23 2
6403 2 17 2
6408 2 11 2
6410 2 40 2
6406 4 60 4
3136 2 19 2
6415 3 49 3
1139 2 12 2
5337 2 40 2
6411 4 93 4
963 3 21 3
6416 2 12 2
2728 2 25 2
2727 6 62 5
5339 2 35 2
4416 2 26 2
5354 2 13 2
5353 3 52 3
4427 3 63 3
4693 2 14 2
6450 5 120 5
3900 2 18 2
5359 2 43 2
2193 2 16 2
5361 2 23 2
5360 4 37 4
2823 2 29 2
5364 2 14 2
2046 2 16 2
2045 2 11 2
2044 2 42 2
2452 5 68 5
5368 2 12 2
2936 4 119 4
3736 2 123 2
410 2 21 2
4435 2 17 2
6461 2 11 2
5370 2 28 2
95 3 23 3
924 3 29 3
6484 2 21 2
6481 2 28 2
6483 2 11 2
191 2 39 2
2454 2 63 2
5395 7 176 6
5397 2 17 2
2057 4 36 4
1207 2 14 2
6488 6 40 6
6494 2 39 2
6490 3 52 3
5402 2 14 2
3896 6 117 6
3389 3 33 3
4716 2 13 2
1895 2 22 2
2513 4 63 4
6500 2 10 2
6505 2 26 2
5406 2 22 2
1833 3 23 3
3390 3 36 3
4458 2 39 2
4460 3 119 3
6507 4 61 4
6506 2 12 2
39 5 54 5
3392 2 18 2
3391 2 12 2
5409 2 37 2
6511 3 59 3
6510 2 38 2
5411 3 36 3
5410 4 41 4
6513 4 35 4
5433 2 11 2
1080 2 11 2
2420 2 18 2
4717 2 32 2
3800 2 18 2
3395 2 21 2
2421 2 15 2
4482 3 27 3
5438 3 26 3
5440 2 11 2
6551 2 10 2
2491 2 23 2
6553 2 17 2
5444 4 29 4
6546 2 16 2
2529 2 17 2
6556 2 36 2
1127 2 11 2
4711 2 15 2
3192 2 23 2
6563 2 16 2
2136 2 18 2
508 3 29 3
6566 4 49 4
6569 2 15 2
931 3 18 3
1590 2 12 2
1146 2 43 2
1589 2 11 2
6592 2 39 2
4540 2 13 2
527 2 15 2
6593 4 53 4
6594 2 40 2
3997 2 11 2
900 2 22 2
4541 2 27 2
3207 2 15 2
3206 3 22 3
3205 3 98 3
2443 2 17 2
6596 2 21 2
5473 2 74 2
4543 2 26 2
6599 2 13 2
4545 2 33 2
391 2 17 2
6598 2 30 2
592 2 15 2
2865 2 17 2
1504 2 26 2
5478 2 17 2
6600 2 21 2
3208 3 32 3
58 2 57 2
3926 3 29 3
6608 4 42 4
6607 3 23 3
5480 2 14 2
6602 2 40 2
6603 2 54 2
6609 2 28 2
957 2 18 2
1218 2 17 2
3398 2 11 2
5482 3 34 3
6612 3 41 3
6613 2 11 2
6620 2 30 2
6619 2 14 2
3848 4 98 4
5522 3 26 3
4583 2 18 2
5523 2 37 2
1112 4 32 4
4585 2 16 2
5525 2 23 2
5526 2 29 2
4586 3 60 3
3850 2 16 2
5524 3 19 3
786 2 15 2
4588 2 16 2
5529 2 25 2
1534 2 12 2
5530 2 17 2
215 2 30 2
2076 2 21 2
5534 2 18 2
4589 2 22 2
5532 2 33 2
5533 2 28 2
5538 2 16 2
5537 2 13 2
5539 2 23 2
5541 5 59 5
1043 2 24 2
3854 2 51 2
3235 3 51 3
3234 2 21 2
4592 4 31 4
5542 2 20 2
5543 2 14 2
834 2 13 2
3855 2 18 2
4599 2 30 2
5545 2 125 2
5598 2 21 2
2415 2 18 2
1214 3 22 3
747 3 22 3
3885 4 64 4
5601 2 24 2
5602 4 59 4
3268 3 36 3
3269 2 31 2
1295 2 16 2
5603 9 130 7
937 4 91 4
1371 3 28 3
1822 2 18 2
1821 3 85 3
5604 4 52 4
1910 2 20 2
3270 2 31 2
4641 2 61 2
714 2 16 2
4642 6 147 5
82 3 22 3
132 2 18 2
5605 2 15 2
4644 2 16 2
4643 2 27 2
3405 2 38 2
3404 2 13 2
5610 3 32 3
1647 2 20 2
5615 2 20 2
2094 2 26 2
4727 2 20 2
4731 2 37 2
4732 2 20 2
3902 2 13 2
1455 2 26 2
4005 2 34 2
5079 3 43 3
5080 5 158 5
1118 2 14 2
2650 3 16 3
5074 2 18 2
2280 2 12 2
2279 2 12 2
816 3 43 3
6028 2 32 2
6027 2 36 2
4688 2 18 2
6031 2 26 2
505 4 29 4
2281 2 12 2
5092 2 18 2
3073 2 23 2
5096 2 27 2
5095 2 41 2
5093 2 26 2
6039 9 133 8
4268 2 14 2
6043 3 25 3
4269 2 16 2
5098 2 18 2
3074 3 59 3
1696 2 26 2
3075 2 10 2
112 2 19 2
569 2 15 2
6047 3 25 3
1532 2 13 2
6048 2 12 2
6049 3 42 3
3576 2 22 2
4690 4 54 4
6050 2 12 2
5101 2 15 2
5128 2 12 2
1049 7 57 6
2920 3 31 3
840 2 16 2
6094 2 12 2
3315 2 41 2
1849 2 17 2
6096 2 16 2
5138 2 33 2
5139 2 17 2
6100 2 12 2
5141 3 107 3
5140 2 16 2
6099 3 47 3
3593 3 36 3
5152 3 130 3
5150 2 16 2
6101 3 60 3
5156 2 11 2
6104 2 21 2
1225 2 23 2
5160 3 25 3
6111 2 19 2
5157 3 35 3
5158 3 49 3
6106 2 25 2
6107 3 31 3
6109 2 21 2
6108 2 21 2
3595 3 46 3
3594 2 25 2
1021 2 12 2
5161 2 25 2
5162 2 26 2
2665 2 38 2
5166 2 23 2
5165 2 19 2
5167 2 21 2
6113 2 21 2
5163 2 15 2
6112 2 20 2
761 2 10 2
5164 2 13 2
6116 2 33 2
4665 4 85 4
5168 3 46 3
6117 4 54 4
2667 2 20 2
720 3 34 3
6160 3 25 3
6159 2 17 2
6162 2 23 2
6163 2 11 2
4695 3 23 3
6158 4 93 4
3894 3 23 3
223 2 19 2
6169 2 19 2
3277 3 41 3
6164 4 58 4
6165 2 13 2
5199 2 17 2
6177 2 16 2
6172 3 41 3
6173 3 29 3
4316 2 10 2
280 2 13 2
838 3 39 3
3624 2 10 2
3623 2 13 2
744 2 21 2
6182 3 50 3
3895 4 82 4
6179 3 22 3
6180 2 17 2
5203 2 15 2
6187 3 30 3
3969 2 65 2
6186 2 20 2
6185 3 29 3
3625 2 29 2
341 2 18 2
2411 2 13 2
6188 2 11 2
3970 3 20 3
6189 2 10 2
6190 4 158 4
4697 2 26 2
6193 2 26 2
6191 2 10 2
6192 2 46 2
5204 2 15 2
6195 2 24 2
6194 2 20 2
6196 2 12 2
6230 2 17 2
6231 2 10 2
365 2 20 2
1078 3 17 3
4339 3 43 3
4338 4 37 4
585 2 21 2
6238 3 21 3
3890 2 16 2
3303 2 25 2
4341 3 29 3
4340 2 33 2
4342 2 14 2
6242 2 15 2
3110 2 26 2
3112 2 30 2
3111 2 20 2
5233 3 73 3
5232 2 14 2
6239 2 12 2
3371 2 17 2
6243 2 24 2
3370 2 23 2
1108 2 18 2
5235 2 13 2
6248 2 10 2
6249 2 15 2
6247 4 75 4
2296 2 21 2
1510 2 15 2
2295 2 14 2
6251 2 11 2
428 2 13 2
6250 2 12 2
2899 2 12 2
6252 2 24 2
6253 2 10 2
890 2 14 2
6254 2 25 2
6255 2 14 2
6258 2 16 2
3651 2 23 2
3650 2 14 2
3978 2 19 2
6257 5 91 5
712 2 28 2
6271 2 29 2
5249 4 44 4
1280 2 17 2
1279 2 14 2
1278 3 32 3
645 2 25 2
1281 3 22 3
4700 2 39 2
6273 2 17 2
3658 2 15 2
3657 2 41 2
3656 2 16 2
6275 3 43 3
3956 2 15 2
1476 2 13 2
1467 2 17 2
5251 2 28 2
6276 3 57 3
2302 2 24 2
2301 2 17 2
2300 2 16 2
529 2 20 2
6278 2 69 2
4364 2 19 2
6280 2 23 2
1336 3 63 3
5252 2 19 2
441 2 18 2
6283 3 31 3
2433 2 24 2
2512 2 19 2
6281 2 22 2
6289 2 10 2
4368 2 12 2
6292 2 16 2
6285 2 16 2
6284 2 19 2
5257 2 11 2
305 3 95 3
5256 2 24 2
6288 2 13 2
1828 3 27 3
3376 4 89 4
3662 2 16 2
6297 2 21 2
6293 2 11 2
80 2 16 2
1203 4 72 4
5258 2 16 2
1035 2 35 2
1081 5 118 5
1706 2 10 2
6299 2 24 2
4703 2 18 2
6303 2 19 2
6302 4 27 4
4370 2 16 2
646 2 18 2
3664 3 28 3
3663 3 22 3
1284 2 12 2
668 2 12 2
1283 5 96 5
544 2 10 2
1282 5 30 5
5262 2 16 2
5263 4 24 4
954 2 11 2
2693 2 12 2
6304 2 16 2
6305 2 21 2
3377 2 28 2
4704 2 16 2
4380 2 12 2
4381 2 17 2
3124 3 92 3
915 3 33 3
328 2 28 2
6340 3 55 3
3125 5 57 5
5286 2 24 2
6343 2 91 2
6344 11 227 8
2323 2 31 2
927 6 171 5
6341 2 13 2
84 3 60 3
49 2 12 2
6346 3 20 3
905 3 24 3
1579 2 14 2
686 2 33 2
928 2 20 2
1578 5 98 5
4706 6 137 6
6351 3 116 3
3685 2 17 2
418 2 61 2
1765 3 77 3
1084 2 18 2
1541 2 19 2
2518 3 20 3
6359 2 12 2
6353 2 15 2
4390 3 41 3
4389 2 14 2
3126 2 28 2
2517 3 38 3
6355 2 29 2
2710 2 28 2
1860 2 28 2
2709 2 19 2
1915 2 32 2
983 4 66 4
799 2 17 2
463 2 17 2
1914 2 14 2
6361 3 68 3
6363 2 17 2
965 2 25 2
2832 9 160 6
3127 2 31 2
3128 2 21 2
1086 2 12 2
2898 3 31 3
5297 7 132 6
5296 2 12 2
2189 2 21 2
731 3 27 3
3986 9 276 8
5313 2 12 2
6378 2 31 2
612 2 22 2
1340 2 44 2
1898 3 21 3
3131 3 17 3
5318 4 72 4
5317 3 39 3
6381 2 15 2
6384 2 23 2
6383 2 24 2
22 9 286 7
5321 3 20 3
1317 2 14 2
2190 2 16 2
1701 2 13 2
2724 5 127 5
962 2 26 2
3704 2 13 2
3703 2 19 2
3702 2 25 2
6390 2 19 2
6391 3 31 3
6389 3 21 3
23 2 24 2
1199 2 28 2
5326 2 16 2
742 2 22 2
2449 2 24 2
758 3 87 3
6398 2 30 2
330 2 14 2
1299 2 42 2
4411 2 16 2
2933 2 21 2
4410 2 17 2
6394 2 32 2
6395 2 20 2
6396 2 12 2
5330 2 16 2
3709 3 184 3
6401 3 34 3
6402 2 21 2
4412 3 46 3
4414 3 17 3
4413 2 14 2
1020 2 32 2
5335 2 13 2
538 2 21 2
4415 3 17 3
6409 2 16 2
6404 2 19 2
6405 2 48 2
3710 2 13 2
6407 12 108 7
3899 2 17 2
6436 2 11 2
5350 2 31 2
573 3 37 3
6437 2 24 2
6438 2 19 2
3382 3 27 3
6435 2 24 2
6439 2 16 2
3383 2 12 2
3735 2 19 2
1090 2 20 2
5351 2 29 2
6442 4 89 4
5352 3 26 3
4430 3 52 3
4429 2 16 2
6443 5 38 5
4428 2 11 2
6441 2 31 2
6440 2 20 2
6444 3 28 3
6445 3 18 3
6446 2 12 2
978 3 73 3
3313 4 47 4
6447 2 46 2
433 3 35 3
2523 2 19 2
5356 4 34 4
5355 2 28 2
5357 2 12 2
6449 2 24 2
6448 2 18 2
6451 3 44 3
6455 4 78 4
4431 2 32 2
2921 2 12 2
1543 2 16 2
6452 2 18 2
5363 3 25 3
5362 2 20 2
3384 2 17 2
419 2 14 2
5369 2 20 2
2177 2 13 2
3154 2 16 2
1770 2 14 2
1773 2 18 2
1772 7 104 6
1771 5 40 5
627 2 19 2
6456 4 49 4
6457 5 58 5
6458 2 10 2
164 2 21 2
265 2 16 2
1181 3 30 3
1180 2 13 2
1182 2 23 2
1085 2 21 2
1451 2 41 2
1919 3 17 3
6479 2 17 2
4655 2 15 2
100 5 41 5
3771 2 20 2
3770 9 240 7
3769 2 18 2
2847 2 21 2
5392 5 42 5
4709 2 22 2
212 2 12 2
2056 2 15 2
457 5 54 5
2055 2 12 2
2054 2 13 2
4708 2 10 2
1121 2 12 2
6480 2 30 2
255 2 18 2
2347 3 18 3
2346 2 12 2
5394 4 97 4
4714 2 14 2
1713 2 27 2
6485 2 55 2
1238 2 12 2
3772 3 57 3
4453 2 40 2
5393 2 12 2
1902 3 48 3
6482 3 23 3
6486 2 17 2
2749 2 12 2
2748 2 19 2
2747 2 12 2
516 2 21 2
2746 3 28 3
1315 2 14 2
6487 4 39 4
3387 3 35 3
3980 2 20 2
5398 3 22 3
1920 2 10 2
1374 2 27 2
681 2 45 2
2348 2 38 2
997 2 12 2
279 2 11 2
5396 3 61 3
6489 4 32 4
3388 2 16 2
6495 2 11 2
1688 4 54 4
635 5 66 5
551 2 12 2
634 2 17 2
633 2 10 2
632 4 35 4
628 2 31 2
499 4 39 4
631 4 33 4
630 2 55 2
629 9 264 7
5400 3 28 3
3367 3 26 3
4455 4 40 4
4454 2 18 2
6491 2 13 2
6498 3 41 3
6499 3 34 3
2751 2 14 2
2750 3 27 3
5401 2 14 2
2522 4 70 4
1088 2 12 2
5404 2 17 2
5405 3 46 3
6504 7 100 6
880 2 14 2
5403 2 11 2
2753 6 52 5
346 2 14 2
2752 3 43 3
3992 2 26 2
6501 3 16 3
2850 2 18 2
264 2 13 2
4459 4 28 4
5430 2 11 2
1652 2 22 2
1474 6 289 6
67 2 14 2
6531 4 111 4
6530 2 12 2
332 2 16 2
6532 2 16 2
91 2 20 2
6533 2 17 2
3344 5 109 5
3310 6 112 6
3330 2 37 2
1236 2 16 2
4478 2 48 2
227 3 29 3
5432 2 17 2
4479 2 14 2
6535 3 32 3
3796 3 26 3
5435 2 27 2
5434 2 17 2
6536 3 119 3
3182 2 12 2
653 2 36 2
2179 2 21 2
1824 3 24 3
6534 2 21 2
4481 2 16 2
6538 2 16 2
5437 3 19 3
5436 3 33 3
6539 2 15 2
6540 2 16 2
6541 2 16 2
6542 2 20 2
6537 2 14 2
4480 2 15 2
3799 2 16 2
3798 2 22 2
3797 2 19 2
4484 5 93 5
6545 2 20 2
5441 2 12 2
4685 2 30 2
6543 8 157 7
732 2 24 2
2896 2 26 2
5443 3 31 3
459 2 25 2
3191 3 25 3
3190 2 14 2
6552 2 21 2
5442 2 15 2
3929 3 24 3
1897 2 10 2
371 3 138 3
176 2 12 2
1264 4 59 4
2355 2 26 2
2354 2 13 2
2198 2 22 2
6557 2 14 2
5446 9 342 7
5445 2 33 2
4489 3 24 3
4488 2 20 2
6562 2 37 2
4834 3 33 3
5742 2 19 2
5740 2 13 2
4090 2 17 2
4089 2 12 2
9 3 32 3
2885 4 102 4
4846 3 24 3
283 3 41 3
2576 2 15 2
719 3 26 3
347 2 10 2
2153 2 15 2
5749 2 15 2
5748 2 11 2
4842 2 10 2
4841 2 68 2
2579 2 65 2
2578 5 64 5
2577 3 23 3
1832 2 12 2
5751 2 20 2
919 2 15 2
1026 3 20 3
2581 2 42 2
2580 3 21 3
355 2 44 2
4850 2 14 2
2155 2 20 2
2993 2 11 2
4857 4 23 4
3468 2 16 2
3467 3 65 3
3466 4 46 4
451 3 26 3
539 2 28 2
4856 2 14 2
5760 2 14 2
5759 2 25 2
369 3 43 3
4860 5 76 5
3932 2 11 2
2886 2 15 2
4861 2 18 2
5763 2 20 2
3002 6 123 5
3001 2 24 2
3000 2 28 2
4863 2 17 2
4864 3 55 3
1231 2 20 2
213 3 22 3
510 3 71 3
2999 2 18 2
5766 3 35 3
5765 2 19 2
2416 2 58 2
5767 2 25 2
3291 2 15 2
60 2 39 2
4106 2 11 2
5768 2 20 2
807 2 17 2
3004 3 36 3
3003 4 52 4
4107 2 11 2
243 3 24 3
5770 2 24 2
3332 2 28 2
5771 2 13 2
5769 2 18 2
2849 2 21 2
3017 2 16 2
5817 5 109 5
4934 2 18 2
4933 4 43 4
4146 2 25 2
5826 4 52 4
3019 2 16 2
3021 2 29 2
3020 4 32 4
3940 2 22 2
4145 2 11 2
849 3 19 3
2235 2 27 2
5835 3 20 3
5829 2 38 2
2827 5 122 5
4148 2 30 2
5831 3 53 3
883 4 26 4
1657 2 56 2
737 2 33 2
4940 2 10 2
4154 2 13 2
4153 2 16 2
4942 3 20 3
2897 3 83 3
1135 4 49 4
4943 3 18 3
4944 7 103 6
2601 3 35 3
524 7 104 6
4950 3 36 3
4156 2 17 2
5841 2 19 2
969 2 16 2
4159 2 12 2
4951 2 11 2
5842 2 14 2
5846 2 19 2
5845 3 30 3
5844 2 39 2
5843 2 19 2
4953 2 19 2
3510 2 10 2
3509 3 52 3
2851 3 25 3
4954 2 14 2
4165 3 22 3
1312 2 17 2
4164 2 28 2
2164 3 23 3
4163 2 12 2
4162 3 20 3
4161 2 41 2
2480 5 54 5
2436 2 18 2
2165 2 22 2
5849 3 49 3
3512 2 19 2
1361 2 13 2
115 2 21 2
743 3 17 3
5848 6 84 5
2481 2 81 2
2105 4 24 4
2170 4 83 4
5001 2 23 2
5925 2 10 2
5006 2 19 2
4193 2 15 2
2904 3 43 3
3532 2 14 2
3531 2 11 2
1148 2 19 2
3539 3 35 3
4200 2 13 2
4199 4 36 4
2905 2 14 2
5009 2 11 2
5008 5 39 5
5007 4 91 4
3535 2 19 2
1040 2 12 2
1894 12 149 8
3045 2 40 2
3044 2 22 2
1524 2 29 2
5931 2 30 2
5932 2 10 2
3043 2 11 2
677 5 34 5
3042 2 12 2
5941 2 10 2
1965 8 262 7
1234 2 12 2
1964 2 26 2
5013 3 24 3
5014 2 21 2
5021 2 11 2
425 3 16 3
1691 3 32 3
4211 2 26 2
5943 2 14 2
5942 2 42 2
2630 2 13 2
2629 4 54 4
5019 2 37 2
5020 2 45 2
3046 2 21 2
4215 2 38 2
5023 3 49 3
2854 2 25 2
4217 5 175 5
4216 2 19 2
5028 2 20 2
5949 2 12 2
706 2 20 2
5950 2 100 2
3952 2 19 2
5951 8 219 7
5032 2 30 2
1685 4 30 4
5029 2 27 2
2173 2 12 2
3546 2 17 2
4219 2 13 2
4218 2 16 2
4220 2 16 2
4223 2 20 2
4222 2 34 2
4221 2 14 2
403 2 34 2
5957 2 22 2
3561 2 31 2
6013 4 36 4
434 2 23 2
3066 2 10 2
5063 3 36 3
245 2 10 2
5064 2 23 2
5068 3 35 3
3957 2 17 2
210 2 15 2
3571 2 13 2
3570 2 14 2
311 2 13 2
6021 7 103 6
3959 3 45 3
6024 2 11 2
5075 4 32 4
4262 3 27 3
1254 3 58 3
2649 2 15 2
2648 3 24 3
3353 3 31 3
5078 2 13 2
518 2 13 2
4265 2 22 2
4264 6 94 5
5083 4 67 4
509 2 16 2
2912 2 44 2
4263 2 22 2
3960 2 17 2
5085 2 16 2
5084 4 60 4
6032 2 11 2
5087 3 22 3
5086 6 71 5
6037 2 12 2
6036 2 18 2
6035 2 44 2
6033 2 23 2
3354 2 12 2
6041 2 16 2
77 2 25 2
1865 2 11 2
6038 2 12 2
3300 2 23 2
445 2 15 2
5094 2 21 2
127 2 15 2
3072 3 38 3
1889 4 54 4
3071 3 23 3
6040 4 120 4
3573 2 11 2
3575 4 48 4
3574 2 13 2
2651 2 37 2
5097 4 74 4
3961 2 15 2
5099 3 36 3
6042 2 18 2
4689 2 14 2
971 2 20 2
1466 2 10 2
484 2 11 2
6045 2 29 2
6044 2 20 2
6046 2 13 2
2284 8 210 6
2283 4 76 4
6081 2 45 2
770 2 26 2
6086 2 15 2
6085 3 26 3
729 2 15 2
5123 2 15 2
1866 2 16 2
5124 2 27 2
6088 2 12 2
3084 3 23 3
1310 3 46 3
3083 2 12 2
3082 2 27 2
6083 2 32 2
1625 2 10 2
1837 2 13 2
6092 3 39 3
1018 2 17 2
13 2 12 2
5127 3 18 3
2499 2 18 2
5132 2 15 2
5134 2 13 2
5133 2 17 2
5135 3 34 3
2655 2 10 2
2654 5 108 5
3964 3 88 3
467 4 79 4
2915 4 63 4
3579 2 31 2
3578 2 22 2
1867 2 10 2
4295 2 12 2
3589 2 17 2
1077 3 78 3
3588 2 21 2
3587 3 20 3
2500 2 23 2
5137 9 229 7
2125 3 45 3
4293 2 13 2
4292 2 15 2
2658 2 18 2
2657 4 31 4
2660 2 14 2
2659 2 12 2
2918 4 62 4
2919 2 25 2
4294 4 78 4
64 3 37 3
4296 4 26 4
1631 2 17 2
3590 3 53 3
4297 4 61 4
5142 2 17 2
1702 2 17 2
6097 2 24 2
3893 5 64 5
6098 3 39 3
5144 2 51 2
5145 4 38 4
6102 6 100 5
5151 2 21 2
3965 3 21 3
1123 4 76 4
643 3 30 3
5149 3 20 3
5148 3 26 3
5155 2 28 2
5154 4 68 4
1259 4 58 4
2664 2 13 2
1857 2 18 2
6103 2 14 2
5153 3 39 3
831 5 58 5
5159 2 20 2
6105 2 16 2
836 2 14 2
3320 2 19 2
6110 2 20 2
4299 3 27 3
846 3 46 3
2011 2 11 2
2010 2 19 2
543 2 27 2
2009 4 46 4
2008 2 11 2
2007 3 55 3
121 4 31 4
1304 2 17 2
464 2 12 2
3615 3 99 3
1905 2 19 2
2503 2 18 2
901 7 105 6
6145 2 29 2
6149 3 23 3
6148 2 11 2
6152 2 10 2
6151 3 35 3
613 2 14 2
2180 2 10 2
2014 2 18 2
2013 2 11 2
2012 2 17 2
1114 3 29 3
4311 2 26 2
6154 3 17 3
6153 2 20 2
5193 2 13 2
2128 2 17 2
4313 2 27 2
4314 2 35 2
5196 2 13 2
704 2 68 2
6157 2 18 2
3090 2 26 2
2147 2 10 2
3089 2 14 2
3351 2 12 2
1643 3 55 3
6170 3 144 3
5197 8 148 6
2129 2 15 2
6166 2 20 2
6176 3 47 3
6175 2 10 2
6174 4 47 4
907 2 19 2
6171 2 17 2
4315 2 23 2
6178 3 30 3
5201 2 30 2
274 2 12 2
103 2 12 2
92 2 12 2
3620 2 11 2
1215 3 36 3
5200 3 46 3
3622 2 17 2
3621 2 25 2
81 2 16 2
345 2 15 2
1569 2 53 2
986 2 13 2
4319 2 12 2
4318 4 29 4
4317 3 33 3
2127 3 45 3
5202 3 29 3
6181 2 11 2
6183 2 15 2
3095 3 24 3
4696 2 15 2
2505 2 33 2
4321 2 15 2
4320 2 15 2
6184 2 30 2
6220 2 13 2
1521 2 22 2
781 2 23 2
2859 2 16 2
624 2 19 2
3636 2 17 2
3635 3 109 3
5226 2 25 2
5225 2 11 2
5224 2 23 2
2291 5 55 5
2292 3 28 3
517 2 14 2
1366 2 44 2
5223 4 71 4
6225 2 15 2
386 6 167 6
4335 5 68 5
4334 3 33 3
2294 2 24 2
2293 2 36 2
111 2 31 2
667 2 14 2
6228 2 23 2
3107 4 92 4
3106 2 10 2
2682 2 17 2
914 2 20 2
1063 2 15 2
3642 8 85 6
3641 2 16 2
692 2 14 2
6229 2 14 2
6235 3 27 3
6232 3 26 3
6233 2 21 2
537 3 74 3
4343 2 26 2
3645 2 23 2
2183 4 47 4
2489 2 10 2
473 2 15 2
6240 2 15 2
4345 3 25 3
832 2 28 2
2018 2 10 2
329 2 30 2
2017 3 51 3
2016 2 10 2
2015 3 39 3
4344 3 40 3
6246 7 132 6
3648 5 95 5
3647 2 38 2
4349 2 11 2
4348 2 16 2
4347 3 23 3
2160 3 15 3
3649 2 17 2
1703 2 25 2
6268 2 12 2
1335 2 14 2
4358 2 16 2
4357 2 20 2
6269 2 10 2
5247 3 36 3
3115 3 26 3
3114 2 11 2
382 2 12 2
1500 2 13 2
1079 2 12 2
1704 3 29 3
2019 2 25 2
30 10 309 7
1573 2 10 2
450 3 40 3
1572 2 10 2
1571 2 15 2
1570 2 36 2
506 2 18 2
5248 2 19 2
2929 2 21 2
4360 2 27 2
4359 2 25 2
4361 2 14 2
4362 3 22 3
2511 2 12 2
6272 3 60 3
4363 2 11 2
6274 2 13 2
1368 4 34 4
2684 3 21 3
2683 2 13 2
6270 2 18 2
5250 2 18 2
4701 3 31 3
948 3 75 3
2931 2 15 2
2930 2 16 2
1705 2 15 2
3655 2 14 2
2686 2 57 2
2685 2 23 2
1759 2 14 2
1758 2 22 2
1757 3 26 3
1756 3 45 3
1755 2 28 2
2163 2 24 2
3116 2 12 2
3117 2 15 2
6277 2 12 2
655 7 174 6
3374 2 17 2
5255 2 14 2
6279 2 19 2
2830 3 31 3
5254 2 12 2
5253 2 20 2
3375 2 17 2
4366 2 38 2
2688 2 10 2
2687 2 12 2
4365 2 21 2
6290 2 10 2
6291 2 58 2
3660 2 13 2
2185 2 12 2
1686 2 10 2
146 3 29 3
2426 3 28 3
106 3 31 3
6287 2 34 2
6298 2 10 2
276 3 26 3
6294 2 70 2
2691 3 47 3
2692 4 61 4
3364 3 22 3
4369 2 23 2
2514 2 15 2
5259 2 13 2
2516 2 32 2
4659 2 52 2
2108 2 21 2
5280 4 45 4
3676 3 48 3
3677 4 48 4
6335 2 24 2
3678 2 32 2
5281 2 11 2
2701 2 24 2
2702 2 18 2
2703 3 69 3
3679 2 18 2
6337 2 16 2
5282 2 17 2
5283 2 25 2
3680 7 162 5
1241 2 19 2
3123 2 17 2
2026 3 31 3
1517 2 13 2
2027 2 25 2
2025 3 44 3
3681 2 15 2
3682 2 17 2
754 2 11 2
6338 2 14 2
124 3 27 3
858 5 122 5
3683 2 15 2
3684 4 30 4
6339 2 17 2
1574 4 48 4
494 2 19 2
1575 2 32 2
817 3 25 3
1576 3 27 3
1577 2 14 2
1143 2 11 2
5284 2 27 2
5285 2 26 2
2706 3 70 3
2704 2 19 2
2705 2 20 2
2320 2 14 2
1523 2 11 2
2321 2 22 2
2322 2 13 2
5287 3 33 3
5288 2 17 2
6345 3 41 3
142 2 17 2
5289 2 18 2
5290 2 14 2
2708 3 51 3
454 3 18 3
2707 2 10 2
6342 2 31 2
660 3 23 3
6347 7 160 5
6348 3 32 3
4383 2 13 2
4384 2 24 2
5291 2 25 2
541 2 12 2
6349 2 18 2
6350 3 37 3
226 2 29 2
5292 2 15 2
4385 2 11 2
4386 2 26 2
2490 3 20 3
1913 4 30 4
6358 2 20 2
5293 2 81 2
912 3 17 3
1767 2 15 2
1768 2 25 2
1766 3 41 3
3686 2 15 2
3687 2 15 2
3688 2 25 2
792 2 23 2
1542 2 18 2
5294 2 33 2
6373 2 58 2
5310 2 30 2
5309 2 15 2
6375 5 193 5
6374 3 33 3
5308 2 19 2
2881 2 29 2
6372 2 21 2
1222 2 11 2
6376 3 39 3
188 2 21 2
1356 3 22 3
2030 4 34 4
2031 2 11 2
2032 2 20 2
2029 3 26 3
4400 2 12 2
4401 2 10 2
4402 3 43 3
1318 3 34 3
3380 3 44 3
4399 4 72 4
2148 2 29 2
1244 2 20 2
3698 3 33 3
6379 3 26 3
3699 2 25 2
2033 2 10 2
2034 7 127 6
2035 2 13 2
2419 5 49 5
6380 2 22 2
6377 2 16 2
5319 2 12 2
801 2 16 2
5316 2 19 2
5315 2 12 2
5314 5 53 5
3132 3 72 3
486 5 54 5
3133 2 26 2
856 2 13 2
6382 2 15 2
3700 2 14 2
3701 5 91 5
6385 2 15 2
5320 2 11 2
6387 2 15 2
6388 3 31 3
533 2 45 2
1635 2 14 2
6386 3 72 3
4403 2 20 2
1708 3 17 3
5322 2 19 2
1503 3 34 3
1133 2 17 2
756 4 37 4
3347 2 14 2
2036 2 35 2
621 2 15 2
2037 2 95 2
4707 3 27 3
4405 2 16 2
2428 2 14 2
2115 2 16 2
5327 3 33 3
5328 2 10 2
4408 3 46 3
4409 2 16 2
1874 2 33 2
2135 2 14 2
5325 3 26 3
1015 2 22 2
1342 3 39 3
2725 2 25 2
2726 2 23 2
1665 2 19 2
4713 2 10 2
4567 3 19 3
4568 2 13 2
6638 4 33 4
2372 2 25 2
2373 5 85 5
1548 4 26 4
2205 2 12 2
1699 3 31 3
2791 3 28 3
2792 2 30 2
6642 2 21 2
3835 2 23 2
3836 2 87 2
3834 4 28 4
1091 2 40 2
4572 2 11 2
1051 2 12 2
1606 3 103 3
1607 4 43 4
1608 2 15 2
1609 2 31 2
1610 2 12 2
1611 2 10 2
1612 4 39 4
6645 2 19 2
3221 2 14 2
6648 2 22 2
3220 4 54 4
4573 2 25 2
5512 2 33 2
4574 2 22 2
5513 2 16 2
2380 2 42 2
2381 2 20 2
5515 3 47 3
395 2 21 2
261 2 10 2
2200 2 21 2
2378 2 10 2
2379 2 15 2
5514 7 82 6
4576 2 11 2
4577 2 29 2
5517 3 27 3
3223 2 15 2
3224 2 18 2
3838 3 24 3
991 2 27 2
3839 2 13 2
3840 2 14 2
3841 3 23 3
3842 2 15 2
1927 2 12 2
4579 4 36 4
62 7 103 6
4582 2 13 2
1046 2 36 2
1793 3 17 3
1794 4 77 4
1795 9 217 7
1796 3 31 3
1797 2 20 2
5518 3 23 3
3225 2 10 2
3226 2 23 2
277 3 19 3
4581 2 15 2
5519 2 12 2
1433 2 11 2
1434 2 11 2
964 3 36 3
1435 3 26 3
1436 2 11 2
1437 2 41 2
1438 2 12 2
5520 2 28 2
3845 2 22 2
228 3 42 3
3227 4 57 4
3228 3 19 3
3843 2 28 2
3844 2 13 2
5521 2 18 2
2508 2 10 2
3846 6 180 6
3847 3 44 3
2805 3 30 3
2806 3 32 3
4584 2 16 2
3849 3 29 3
2801 2 18 2
2802 11 153 8
2803 2 17 2
2804 2 28 2
3866 2 16 2
250 5 60 5
753 2 12 2
2082 2 12 2
2083 2 10 2
5572 2 15 2
4624 5 62 5
4623 2 10 2
2875 2 24 2
778 2 11 2
1805 2 22 2
1806 2 18 2
1807 2 24 2
3252 3 52 3
2151 2 21 2
5577 3 27 3
3403 4 58 4
3875 3 24 3
3872 3 52 3
3254 2 15 2
5580 2 21 2
5581 2 28 2
5588 3 24 3
5586 7 86 6
3876 2 20 2
4630 2 16 2
3948 2 17 2
882 2 23 2
5584 2 17 2
2089 2 14 2
20 2 13 2
2090 2 14 2
3256 2 17 2
617 2 14 2
3257 3 21 3
3258 2 31 2
4631 2 25 2
4632 2 13 2
1890 2 10 2
3260 3 59 3
746 6 109 6
3880 2 39 2
5595 3 20 3
968 3 52 3
4635 3 27 3
1817 2 14 2
1818 2 38 2
1126 2 11 2
1819 2 35 2
1820 2 15 2
4633 5 44 5
4634 2 11 2
3264 2 28 2
2429 2 15 2
4637 2 12 2
4724 3 65 3
4002 3 22 3
951 2 17 2
5597 2 90 2
4725 2 13 2
4639 2 13 2
4640 2 22 2
4638 2 52 2
5599 2 21 2
848 2 13 2
3883 2 13 2
3884 2 14 2
564 5 72 5
3267 2 11 2
5600 3 31 3
211 3 24 3
1689 2 18 2
3265 4 120 4
2470 2 12 2
3266 2 14 2
5652 2 10 2
5659 2 19 2
5660 3 24 3
1267 4 52 4
1141 2 13 2
845 2 39 2
1016 2 13 2
4764 3 39 3
894 2 11 2
2113 2 22 2
1349 2 26 2
2964 2 18 2
2965 5 59 5
5654 2 33 2
582 2 18 2
4768 2 17 2
695 2 19 2
2547 2 20 2
1855 3 17 3
4769 2 12 2
5662 4 34 4
4765 2 27 2
2215 2 15 2
4775 2 17 2
3424 2 13 2
2425 2 49 2
4770 2 22 2
2412 2 23 2
5665 3 57 3
5664 2 65 2
1352 2 15 2
2969 3 30 3
4776 2 14 2
676 3 39 3
1243 2 20 2
610 2 40 2
679 3 24 3
1942 3 19 3
1943 2 20 2
1941 4 38 4
4055 2 17 2
4660 2 21 2
2970 2 25 2
2971 2 15 2
2972 5 137 5
2146 3 46 3
4779 3 29 3
5670 2 13 2
34 3 19 3
4784 2 19 2
1298 2 17 2
3428 2 26 2
5673 6 73 6
515 3 26 3
5674 3 36 3
5675 2 15 2
650 2 24 2
1354 2 31 2
1724 2 15 2
5678 3 34 3
2973 2 23 2
2974 2 28 2
5676 2 15 2
5677 2 13 2
616 2 16 2
262 3 39 3
2977 2 14 2
2466 2 15 2
4787 2 11 2
5681 2 15 2
5679 2 21 2
651 2 23 2
886 4 71 4
2975 3 19 3
2976 3 44 3
184 2 11 2
5680 2 27 2
4079 3 28 3
417 4 61 4
1881 2 11 2
5729 2 22 2
4831 4 112 4
5727 2 19 2
331 2 23 2
5736 3 35 3
3446 2 18 2
3447 2 12 2
2471 3 31 3
4086 2 10 2
659 4 54 4
177 2 15 2
2152 3 35 3
5731 2 18 2
622 2 13 2
3458 5 34 5
750 2 14 2
5746 2 14 2
5747 5 64 5
3290 2 15 2
829 3 68 3
4835 2 18 2
3448 3 30 3
3449 2 19 2
4088 2 30 2
4836 2 16 2
4837 2 13 2
1843 2 13 2
2991 2 10 2
175 2 12 2
4845 2 19 2
1858 3 35 3
2884 2 16 2
3326 2 59 2
3459 3 26 3
185 2 28 2
2474 2 11 2
1515 2 14 2
1326 3 23 3
4843 3 22 3
1682 2 17 2
2574 2 15 2
2575 2 10 2
4670 5 162 5
4096 2 38 2
1313 8 180 8
4097 2 16 2
5753 2 21 2
5752 2 14 2
4099 2 19 2
221 2 17 2
4848 3 17 3
3461 2 19 2
3465 2 15 2
197 4 42 4
2099 3 39 3
4849 2 18 2
5757 2 24 2
3464 6 84 6
240 2 14 2
1885 7 157 6
4854 2 18 2
4855 2 41 2
4102 3 23 3
4103 2 11 2
3469 2 23 2
2156 2 19 2
561 2 11 2
1248 3 23 3
4859 2 34 2
4858 5 63 5
4104 2 24 2
278 2 100 2
1486 3 28 3
953 2 28 2
728 2 46 2
4105 2 22 2
404 5 71 5
2995 2 21 2
2996 2 32 2
2994 2 17 2
5762 2 14 2
1117 2 11 2
4918 2 12 2
511 2 14 2
1520 2 16 2
4919 8 134 6
4136 5 142 5
4137 4 33 4
4138 2 11 2
4920 3 39 3
313 2 13 2
4913 2 11 2
5811 2 12 2
2477 2 19 2
3494 2 22 2
2478 2 43 2
4142 2 11 2
3015 2 10 2
3016 3 37 3
4923 2 31 2
5813 4 115 4
1056 2 15 2
2892 2 13 2
2826 6 74 5
4921 2 12 2
2592 3 50 3
1134 2 21 2
2593 2 21 2
2594 3 20 3
2895 2 13 2
5823 7 287 7
5822 2 15 2
1733 2 48 2
1734 2 16 2
1735 2 19 2
4143 2 12 2
3338 2 12 2
5816 2 28 2
495 2 12 2
1073 2 14 2
4925 3 25 3
4926 14 444 10
4932 4 130 4
647 2 12 2
3339 3 38 3
5825 3 41 3
1057 2 28 2
3498 2 17 2
3022 10 116 6
1656 2 15 2
447 2 16 2
682 2 25 2
3499 2 13 2
319 4 101 4
2162 2 12 2
3504 2 17 2
4938 2 14 2
4939 2 11 2
3942 2 16 2
851 3 54 3
268 4 89 4
620 2 12 2
3500 5 138 5
3501 2 21 2
3502 2 10 2
3503 3 28 3
2161 2 16 2
3024 2 17 2
3025 2 29 2
4936 2 38 2
2894 2 12 2
4149 2 12 2
4150 2 13 2
344 2 26 2
2479 4 40 4
1233 2 17 2
498 2 27 2
1736 4 81 4
809 3 58 3
5837 3 24 3
2236 2 14 2
2237 2 14 2
2238 2 24 2
2239 2 16 2
257 3 31 3
4949 2 15 2
5839 3 37 3
5840 2 18 2
4674 2 25 2
4948 2 13 2
3026 3 114 3
3507 2 13 2
3508 2 18 2
4157 2 19 2
4158 2 22 2
1250 3 19 3
1268 2 15 2
1269 2 19 2
4952 4 46 4
4160 2 53 2
2242 2 12 2
2243 2 17 2
2244 2 13 2
3027 2 19 2
3028 2 32 2
3943 9 105 6
5904 2 22 2
4992 2 22 2
2258 2 56 2
2256 2 19 2
2257 2 22 2
5909 3 36 3
3529 2 10 2
594 2 33 2
4991 3 24 3
4178 2 18 2
4179 3 21 3
4998 4 35 4
1032 2 10 2
3036 2 12 2
4999 2 17 2
5912 3 81 3
86 3 21 3
1893 2 15 2
4188 2 18 2
1270 2 15 2
1271 2 31 2
1272 2 13 2
1273 2 13 2
4994 3 35 3
1864 3 68 3
3035 2 19 2
196 2 14 2
830 3 45 3
933 2 19 2
497 2 11 2
1006 2 52 2
1007 2 15 2
2621 5 73 5
3530 2 25 2
4190 2 48 2
4189 2 18 2
5926 3 95 3
960 2 16 2
5004 2 17 2
360 2 18 2
1962 2 17 2
990 2 11 2
595 2 18 2
1963 3 26 3
2623 3 27 3
304 2 20 2
2622 3 26 3
934 4 106 4
489 2 19 2
5923 2 30 2
89 2 11 2
4201 2 13 2
4202 5 43 5
1690 2 29 2
1742 2 10 2
4195 2 31 2
4196 2 12 2
3534 2 13 2
1228 5 102 5
897 2 26 2
547 4 45 4
2626 2 146 2
2171 2 27 2
2624 2 12 2
2625 2 21 2
5937 4 83 4
3540 2 10 2
3541 2 18 2
2493 3 27 3
3950 2 14 2
5934 2 24 2
5010 2 12 2
373 4 60 4
2261 3 50 3
2262 2 14 2
1363 2 11 2
4209 2 15 2
4210 2 15 2
1302 2 16 2
5939 2 10 2
3951 3 33 3
5940 4 47 4
4208 2 12 2
4207 2 52 2
4213 3 68 3
4214 2 26 2
593 2 13 2
4212 2 33 2
5944 2 18 2
2442 2 19 2
290 2 24 2
3048 5 48 5
3049 2 18 2
3047 2 10 2
5018 2 16 2
722 3 30 3
2631 3 24 3
1235 2 17 2
2632 2 10 2
5027 2 20 2
5947 2 17 2
935 2 21 2
303 4 48 4
1274 3 21 3
1275 3 55 3
1276 2 10 2
4243 2 14 2
4244 2 19 2
4245 2 11 2
5995 2 23 2
5996 2 11 2
2909 2 12 2
3350 2 40 2
5992 2 80 2
3558 3 62 3
3559 2 29 2
5059 2 12 2
1513 6 71 5
3560 2 23 2
6001 2 15 2
6002 2 23 2
5997 2 30 2
2461 2 16 2
2638 3 26 3
2639 3 26 3
1062 5 34 5
3564 2 16 2
3565 3 19 3
827 2 50 2
4249 2 21 2
4250 2 13 2
4251 2 12 2
4252 2 14 2
455 4 55 4
339 2 10 2
3562 3 78 3
6004 2 20 2
6005 2 14 2
3567 7 160 5
4255 2 11 2
102 2 16 2
2644 2 19 2
179 2 15 2
6007 3 34 3
6008 2 14 2
5069 4 37 4
688 2 12 2
3067 2 14 2
402 2 10 2
401 2 18 2
2646 3 53 3
958 2 22 2
5072 2 61 2
805 3 24 3
6022 2 13 2
6023 3 42 3
6016 2 15 2
3569 2 13 2
5070 2 29 2
854 2 45 2
1311 3 28 3
6025 2 31 2
4259 2 15 2
4260 4 70 4
4261 2 14 2
2278 2 11 2
760 2 14 2
2647 3 24 3
5076 3 43 3
5077 2 13 2
1137 3 41 3
1255 2 19 2
5090 2 15 2
5089 2 16 2
5088 2 28 2
3909 3 35 3
6026 4 29 4
6029 2 18 2
6030 2 16 2
936 2 16 2
1347 3 17 3
1994 2 15 2
1995 2 18 2
2445 2 17 2
1743 2 18 2
1744 2 12 2
1745 2 27 2
1746 2 11 2
803 2 27 2
1531 2 14 2
5091 2 11 2
3070 2 14 2
2495 2 18 2
3068 3 31 3
3069 2 15 2
4266 2 16 2
4267 3 57 3
1332 2 17 2
6034 2 45 2
1128 2 18 2
1328 2 12 2
3572 2 14 2
4279 2 14 2
4278 3 39 3
6075 3 25 3
1899 3 137 3
2282 9 207 7
1884 2 21 2
1076 3 29 3
3359 2 24 2
1497 2 15 2
4280 2 31 2
4281 2 20 2
6074 2 14 2
1093 2 25 2
1094 2 10 2
1095 4 36 4
219 3 46 3
1096 3 22 3
734 2 19 2
6080 2 15 2
5118 2 74 2
120 2 20 2
513 2 16 2
5116 2 16 2
1064 2 76 2
1747 5 29 5
1748 3 33 3
1749 3 45 3
6077 2 17 2
5119 2 15 2
5120 2 21 2
3081 2 22 2
3078 6 108 6
3079 3 18 3
3080 2 30 2
4283 2 14 2
4284 4 30 4
4282 3 24 3
4285 3 33 3
4286 3 23 3
2652 2 17 2
757 2 10 2
2653 3 35 3
2498 2 11 2
5122 2 10 2
3577 3 19 3
4288 3 47 3
4289 3 41 3
1125 2 13 2
5121 2 41 2
6084 2 21 2
1050 4 104 4
4287 2 20 2
1900 2 13 2
3963 2 19 2
5126 2 18 2
1327 2 11 2
4290 2 10 2
4291 2 25 2
5125 2 12 2
6089 2 11 2
1700 2 24 2
3583 2 19 2
1316 2 25 2
2917 2 19 2
2285 3 38 3
6093 2 46 2
658 3 32 3
1999 4 61 4
2000 3 31 3
1996 2 18 2
1997 3 28 3
1257 2 12 2
1998 3 21 3
1301 2 26 2
141 3 23 3
3585 2 12 2
3586 2 35 2
1901 2 60 2
167 3 50 3
2663 9 280 7
2661 3 34 3
2662 4 43 4
3584 2 23 2
5136 2 11 2
1042 2 33 2
6095 2 70 2
3591 2 26 2
202 2 12 2
379 2 14 2
5147 2 11 2
4298 2 21 2
5146 2 23 2
5143 2 15 2
1258 2 39 2
1333 2 11 2
3592 2 15 2
784 2 25 2
6138 2 10 2
3087 2 27 2
3088 3 30 3
994 2 14 2
2669 2 12 2
808 2 17 2
6140 2 28 2
3605 2 19 2
6136 2 12 2
3604 2 20 2
6137 2 16 2
3608 2 20 2
3609 5 77 5
3610 2 38 2
3606 3 30 3
3607 2 17 2
6141 4 46 4
2829 2 41 2
1033 2 17 2
3612 2 10 2
3613 2 12 2
896 2 14 2
5185 2 12 2
6143 3 15 3
6144 2 10 2
841 3 43 3
3614 2 21 2
2925 2 19 2
1750 4 76 4
1751 2 18 2
1752 2 28 2
1753 2 12 2
1754 2 16 2
1840 4 27 4
859 2 22 2
2673 2 38 2
1367 2 12 2
2674 2 15 2
2675 2 15 2
3616 4 97 4
6146 2 11 2
1392 3 32 3
493 3 29 3
1393 2 16 2
1391 2 17 2
2676 2 18 2
925 3 27 3
2677 2 28 2
2678 2 10 2
5190 3 42 3
6150 2 15 2
1906 3 40 3
5191 2 10 2
5189 2 23 2
5188 2 12 2
3617 2 12 2
3618 2 29 2
165 6 80 6
5194 2 20 2
6156 2 26 2
5192 2 21 2
531 2 17 2
1484 2 19 2
1870 4 43 4
6161 3 35 3
4312 2 17 2
5195 2 16 2
2926 2 19 2
3091 2 13 2
1260 3 29 3
3092 2 10 2
723 3 51 3
1565 4 68 4
1566 2 21 2
1567 2 20 2
1568 5 37 5
860 4 38 4
1907 3 52 3
6168 4 44 4
6167 2 25 2
5198 2 12 2
2150 3 37 3
3093 2 10 2
3094 2 16 2
3619 2 17 2
3365 2 10 2
3973 2 14 2
6213 2 21 2
475 3 28 3
3630 2 41 2
4326 2 12 2
5216 2 13 2
3345 2 25 2
4327 3 27 3
4328 2 29 2
6216 2 10 2
5222 2 18 2
2288 2 12 2
2289 2 22 2
2290 3 22 3
6221 2 29 2
4331 3 20 3
545 2 18 2
3103 3 37 3
673 2 13 2
4332 2 12 2
3102 6 75 5
2181 2 14 2
3632 2 10 2
3633 2 24 2
2182 3 50 3
2679 3 44 3
2680 2 15 2
2681 2 20 2
160 3 36 3
3634 3 41 3
1642 2 14 2
3104 2 20 2
3105 6 89 5
2448 2 24 2
2927 2 19 2
6222 2 17 2
1536 3 15 3
3631 2 15 2
6224 4 44 4
5228 2 16 2
3974 2 24 2
5227 2 26 2
3637 2 13 2
3638 2 15 2
3639 4 27 4
6226 2 17 2
6227 2 12 2
5229 2 23 2
1493 2 18 2
3640 2 39 2
4336 2 13 2
5230 2 13 2
2509 2 16 2
6234 3 31 3
5231 6 59 6
4337 2 15 2
3108 2 17 2
3109 4 29 4
306 3 54 3
366 2 19 2
6236 3 25 3
1537 2 15 2
3975 11 210 8
3643 2 20 2
1648 2 11 2
3644 2 21 2
3369 2 11 2
6237 2 21 2
6241 2 15 2
1632 2 23 2
1150 2 21 2
3748 2 16 2
3749 2 13 2
6467 2 10 2
1261 4 40 4
4439 2 13 2
4440 2 14 2
4441 2 31 2
1372 2 14 2
298 2 21 2
2741 2 21 2
2742 3 53 3
6468 2 15 2
4442 2 33 2
6470 2 12 2
5384 2 12 2
5385 2 22 2
5383 3 38 3
2175 4 191 4
3752 2 13 2
3155 3 24 3
716 6 260 6
3156 2 13 2
724 3 23 3
1230 2 26 2
3754 3 59 3
683 2 15 2
1154 2 47 2
1775 2 20 2
1776 2 24 2
1777 2 16 2
2336 2 12 2
2337 2 155 2
2338 3 32 3
2339 3 189 3
3760 4 39 4
3761 2 12 2
3762 4 61 4
3763 2 12 2
1911 2 15 2
3755 2 12 2
4447 2 12 2
2340 4 116 4
2341 2 19 2
1053 3 39 3
3759 2 16 2
488 2 14 2
3386 2 43 2
4449 2 25 2
5387 3 21 3
3157 2 10 2
3158 4 34 4
1668 2 12 2
33 4 47 4
1778 2 20 2
468 2 13 2
1779 3 33 3
3764 2 31 2
6477 4 39 4
2345 2 10 2
3161 4 28 4
412 6 77 6
3162 4 61 4
3163 3 76 3
3164 3 23 3
3165 2 11 2
1249 2 12 2
252 3 37 3
2743 4 91 4
862 2 12 2
1415 2 23 2
1416 2 16 2
689 4 30 4
1417 2 10 2
665 2 22 2
1418 2 20 2
5388 2 24 2
6478 2 10 2
5389 2 58 2
5390 2 32 2
2052 2 14 2
2053 2 20 2
3765 2 12 2
530 3 47 3
2744 2 20 2
1373 2 20 2
2745 2 18 2
4452 6 81 6
1485 2 11 2
2195 3 99 3
3768 2 18 2
891 4 36 4
3766 2 17 2
3767 2 20 2
2194 3 54 3
1712 2 16 2
3166 2 37 2
317 3 26 3
5391 4 46 4
4450 2 19 2
4451 2 23 2
3170 2 14 2
3169 2 33 2
6518 2 18 2
380 3 29 3
5420 3 26 3
4465 2 21 2
1715 2 95 2
3776 3 56 3
1288 4 184 4
1289 2 24 2
1290 2 13 2
1291 2 16 2
3171 3 28 3
6521 2 18 2
6520 2 16 2
4467 2 15 2
3777 2 13 2
6519 3 24 3
3173 2 18 2
3174 2 22 2
2197 2 26 2
3172 3 27 3
118 2 80 2
1586 3 41 3
1587 4 190 4
1588 2 35 2
4470 2 23 2
2526 3 25 3
4469 2 16 2
122 2 24 2
3782 3 43 3
5422 2 33 2
5421 2 14 2
1851 2 13 2
3953 3 16 3
3180 2 19 2
976 2 16 2
2943 2 15 2
1546 2 15 2
3177 2 33 2
3178 2 23 2
3179 2 33 2
2527 4 75 4
1263 2 13 2
3783 3 27 3
1360 2 24 2
2755 3 17 3
1544 3 29 3
4474 2 22 2
4475 2 17 2
2756 2 53 2
2757 8 153 7
3309 2 20 2
6523 2 13 2
3181 2 27 2
4471 2 29 2
5426 3 28 3
3792 2 19 2
3793 2 14 2
3790 2 15 2
1922 3 31 3
2944 3 57 3
359 2 21 2
1921 2 15 2
5425 2 17 2
3995 4 42 4
5428 2 18 2
3394 3 17 3
3795 2 24 2
1923 2 24 2
2760 2 24 2
970 2 44 2
2761 2 16 2
2762 2 27 2
1240 4 47 4
3794 2 36 2
1683 5 60 5
2758 2 22 2
2759 4 76 4
1052 3 40 3
2528 2 20 2
6526 2 11 2
5429 3 26 3
2763 2 17 2
2764 2 15 2
6528 2 17 2
6529 2 13 2
6527 2 16 2
2353 4 56 4
5431 2 10 2
967 2 10 2
2845 2 26 2
286 2 17 2
4477 3 18 3
2137 2 15 2
806 2 22 2
3812 2 24 2
2772 2 24 2
2773 2 17 2
2774 2 10 2
2771 2 12 2
1669 2 14 2
3809 3 22 3
5462 2 30 2
4721 2 19 2
3340 2 20 2
1265 2 14 2
4515 2 11 2
2358 2 13 2
2359 2 15 2
1925 2 38 2
1695 4 48 4
1355 2 18 2
1784 2 14 2
476 2 19 2
1343 5 38 5
3813 2 23 2
6580 2 17 2
4517 2 35 2
3397 2 22 2
4518 2 18 2
2786 2 17 2
2785 2 11 2
996 2 37 2
3329 2 37 2
3814 3 18 3
2783 9 206 7
2784 2 21 2
263 3 23 3
3816 4 27 4
759 2 32 2
5464 3 31 3
796 3 40 3
3818 5 98 5
1068 3 35 3
654 2 10 2
3817 2 37 2
975 2 27 2
4522 2 10 2
3199 3 34 3
3200 2 18 2
2064 3 23 3
2065 2 11 2
6583 4 39 4
6585 2 13 2
6584 2 18 2
4525 2 11 2
4526 3 18 3
4527 2 24 2
4528 2 12 2
174 2 12 2
1599 2 23 2
565 2 17 2
1600 2 13 2
1601 2 16 2
2360 2 11 2
596 3 22 3
1242 2 12 2
2361 2 11 2
2362 5 110 5
5466 2 16 2
961 2 15 2
5468 2 13 2
5469 3 28 3
1155 2 10 2
4532 2 27 2
4531 2 12 2
3204 4 36 4
2947 3 27 3
3819 5 77 5
2787 3 19 3
2788 2 26 2
2789 2 13 2
4537 2 20 2
4535 2 15 2
4536 2 24 2
536 2 14 2
6589 2 12 2
1425 3 33 3
1426 3 19 3
988 3 28 3
1092 3 44 3
2948 3 63 3
6590 2 11 2
558 3 20 3
5471 2 20 2
1036 4 256 4
2202 3 19 3
709 2 21 2
3820 2 15 2
5470 3 67 3
158 2 11 2
372 3 16 3
1680 2 22 2
6591 2 16 2
4539 2 13 2
1788 2 11 2
1785 2 20 2
1786 2 16 2
1547 2 27 2
1787 2 16 2
4538 2 14 2
1375 2 11 2
3212 2 13 2
1602 3 27 3
1603 3 21 3
3211 7 73 6
3210 3 34 3
1862 3 20 3
2138 3 32 3
452 2 13 2
843 3 39 3
2067 2 16 2
2068 2 24 2
2069 2 11 2
2070 2 28 2
2071 8 235 7
2066 3 30 3
6634 2 17 2
5502 2 13 2
3828 2 19 2
3829 2 25 2
3830 2 18 2
929 3 15 3
3214 8 160 6
3215 2 35 2
3216 3 24 3
1666 2 13 2
3213 2 56 2
3318 2 24 2
549 2 17 2
1789 2 23 2
5505 2 21 2
5504 2 10 2
6635 2 17 2
4565 6 68 5
4566 3 21 3
4563 2 20 2
4569 2 23 2
6636 2 11 2
6637 2 16 2
2459 3 24 3
1604 3 29 3
1605 2 13 2
435 2 12 2
5506 4 28 4
5507 2 25 2
898 4 26 4
2096 2 26 2
1717 2 10 2
471 3 19 3
5508 6 58 5
1427 6 103 6
1428 2 18 2
1429 2 21 2
985 2 10 2
1430 2 13 2
2072 2 11 2
917 2 11 2
4570 3 60 3
2188 2 24 2
1667 2 11 2
5510 2 32 2
3218 2 37 2
6643 3 50 3
2168 2 19 2
3219 2 23 2
3222 8 119 6
1917 2 26 2
548 2 11 2
2374 2 14 2
828 2 11 2
2073 2 11 2
2074 3 111 3
2075 2 35 2
684 2 19 2
1674 4 69 4
4575 2 20 2
1790 2 42 2
1791 5 172 5
1792 2 19 2
3400 4 134 4
1350 2 13 2
1431 2 17 2
1432 2 10 2
922 2 10 2
422 3 18 3
4578 2 37 2
818 2 13 2
1104 3 26 3
1105 3 112 3
1106 2 13 2
1107 2 13 2
1101 3 55 3
1102 2 23 2
1103 2 72 2
181 2 43 2
4580 3 42 3
2799 2 23 2
2800 2 11 2
5516 2 15 2
1364 3 52 3
2172 3 18 3
1613 3 50 3
1614 2 20 2
287 2 11 2
1798 2 26 2
333 4 42 4
2382 2 21 2
258 3 24 3
3984 3 41 3
3242 2 34 2
3862 2 23 2
1376 2 35 2
2389 3 29 3
656 2 11 2
2391 3 98 3
534 2 14 2
2390 3 20 3
3282 2 13 2
2392 3 22 3
2393 2 25 2
2394 2 10 2
2395 2 16 2
2809 2 20 2
2810 5 253 5
5560 2 13 2
1799 3 23 3
1800 2 16 2
1801 4 62 4
3864 2 46 2
3865 2 12 2
4608 2 12 2
5563 2 36 2
625 5 56 5
916 2 12 2
292 3 25 3
4612 2 18 2
4613 2 19 2
2812 2 26 2
3247 2 15 2
1142 3 25 3
5567 2 22 2
5568 3 20 3
1444 2 12 2
383 2 11 2
4617 3 56 3
2815 2 16 2
2813 2 27 2
2814 2 53 2
3867 2 26 2
4615 2 13 2
4616 3 19 3
586 3 41 3
4614 3 24 3
5579 2 212 2
37 3 37 3
1446 3 30 3
1447 2 19 2
820 3 24 3
1445 3 50 3
1654 2 20 2
2819 2 19 2
2820 2 21 2
5575 2 11 2
4628 5 61 5
4629 2 13 2
623 3 40 3
1808 2 30 2
1809 3 23 3
3255 7 121 6
2084 2 26 2
2085 3 17 3
2086 3 17 3
2087 3 25 3
2088 2 25 2
4625 4 74 4
3873 2 12 2
3874 3 22 3
4627 3 41 3
4626 2 12 2
5583 2 63 2
1810 2 15 2
1811 3 15 3
1812 2 12 2
1813 3 19 3
814 2 24 2
2821 2 13 2
1377 2 17 2
2822 3 30 3
16 2 21 2
1469 2 15 2
3881 2 10 2
3259 7 229 7
804 2 14 2
584 2 12 2
3877 2 16 2
3878 2 18 2
3879 2 13 2
1814 2 11 2
1815 2 14 2
1816 2 18 2
4636 2 17 2
1194 3 22 3
918 2 12 2
540 2 16 2
772 2 30 2
1192 2 11 2
733 2 13 2
1193 2 15 2
1846 2 31 2
5593 2 14 2
5594 2 16 2
3882 3 21 3
5592 2 10 2
1853 3 54 3
465 4 28 4
602 2 29 2
1507 2 14 2
2207 2 34 2
2208 2 19 2
1345 2 35 2
1671 2 18 2
4023 3 21 3
4024 2 15 2
2958 2 21 2
2959 2 10 2
1479 2 22 2
3414 2 31 2
3415 2 24 2
4758 2 15 2
3411 4 36 4
3412 2 12 2
3413 2 14 2
5651 3 24 3
2960 5 69 5
1309 2 15 2
3408 2 64 2
4756 2 20 2
3908 2 14 2
2871 2 19 2
5650 2 10 2
4032 3 38 3
178 2 14 2
2212 2 21 2
2213 2 19 2
2214 2 29 2
3418 2 27 2
2543 2 22 2
2544 2 26 2
2545 2 11 2
2546 2 19 2
694 2 17 2
652 2 11 2
999 2 10 2
1001 2 25 2
1002 3 96 3
1000 2 13 2
998 2 11 2
2098 2 12 2
4030 4 40 4
4658 2 14 2
4035 2 12 2
4762 2 20 2
2872 2 18 2
5656 2 17 2
5657 2 12 2
3420 2 19 2
4046 5 82 5
4045 2 19 2
4043 2 12 2
4044 2 13 2
4037 3 33 3
4038 2 22 2
5661 2 24 2
73 2 25 2
3316 2 13 2
3425 2 11 2
1227 2 13 2
2463 2 15 2
3423 2 22 2
2462 2 11 2
4049 2 11 2
4050 2 15 2
3421 2 12 2
3422 3 38 3
4047 3 16 3
4048 2 12 2
1720 2 11 2
1721 3 20 3
1722 2 30 2
2968 2 21 2
2966 2 15 2
2967 2 75 2
520 3 35 3
1551 2 31 2
1552 2 12 2
1351 2 17 2
2217 2 21 2
2218 2 18 2
2219 2 29 2
207 2 18 2
4053 2 14 2
4054 3 37 3
1876 2 11 2
5668 2 33 2
5669 2 60 2
5671 2 21 2
4785 2 18 2
4782 2 10 2
2548 2 16 2
2549 2 19 2
2550 2 11 2
4780 2 10 2
4781 2 14 2
3319 2 17 2
4077 2 20 2
4076 2 68 2
2563 2 10 2
2564 2 11 2
2565 4 63 4
1163 2 16 2
1164 2 62 2
1165 2 28 2
1166 2 48 2
1167 4 47 4
1168 2 12 2
2879 2 13 2
4814 4 149 4
4815 3 59 3
3442 4 43 4
163 2 20 2
4825 3 37 3
4826 2 33 2
5723 2 15 2
2880 2 16 2
406 6 48 6
1879 3 49 3
2566 2 18 2
4823 2 27 2
4821 2 19 2
1882 2 14 2
2223 2 26 2
2224 3 34 3
1678 2 13 2
393 3 26 3
3925 2 16 2
3923 2 18 2
1245 2 15 2
4828 3 17 3
4832 2 92 2
2883 2 13 2
4833 3 35 3
1229 2 11 2
1946 2 14 2
5730 2 16 2
2990 2 24 2
2987 2 18 2
2988 2 13 2
2989 2 43 2
3445 2 13 2
296 2 11 2
5737 2 16 2
5743 2 16 2
1681 2 24 2
3450 2 23 2
3451 8 122 6
5741 2 12 2
4094 3 23 3
691 2 11 2
567 4 111 4
1883 3 20 3
2573 2 11 2
1650 2 23 2
4840 2 10 2
884 2 17 2
1463 2 15 2
1651 3 57 3
4098 5 47 5
2992 2 26 2
5754 2 15 2
4100 2 12 2
4101 2 40 2
1464 2 16 2
480 2 30 2
4851 2 23 2
5799 2 26 2
4122 2 16 2
535 2 27 2
1490 2 15 2
2890 5 57 5
3486 3 20 3
3487 2 17 2
168 2 14 2
3010 2 13 2
4123 2 20 2
4124 2 15 2
4125 2 33 2
3488 3 46 3
5802 2 23 2
1226 2 54 2
1887 2 41 2
3485 3 36 3
4911 13 221 8
4132 3 41 3
1653 2 11 2
2119 2 24 2
5806 2 11 2
3489 2 28 2
3490 2 37 2
3012 5 105 5
4912 2 33 2
5808 2 17 2
420 3 42 3
1956 2 15 2
5809 8 140 6
5810 3 28 3
3493 4 37 4
715 2 11 2
782 2 11 2
2590 2 16 2
1072 2 12 2
2591 3 27 3
532 2 22 2
4135 2 12 2
483 4 49 4
1655 2 92 2
4133 4 44 4
4914 3 19 3
4922 2 10 2
4141 3 33 3
3013 2 18 2
3014 2 14 2
5814 2 16 2
5815 2 20 2
4139 3 25 3
2893 3 26 3
4140 2 22 2
3495 2 20 2
3496 3 31 3
5824 2 29 2
5821 2 12 2
4924 2 16 2
3018 4 107 4
923 2 12 2
1888 3 21 3
2595 2 17 2
3023 2 10 2
4928 4 114 4
4144 3 35 3
2596 2 15 2
2597 2 28 2
2598 2 22 2
4930 2 11 2
4931 4 51 4
3497 5 86 5
4929 2 13 2
5832 2 12 2
4147 2 22 2
4935 2 27 2
4151 2 12 2
887 2 15 2
5830 3 69 3
1957 2 28 2
1958 2 21 2
1959 2 15 2
1640 3 42 3
4945 2 67 2
3505 2 14 2
3506 2 12 2
5836 2 10 2
4941 2 10 2
2599 2 23 2
2600 3 109 3
680 2 29 2
4155 2 14 2
5893 2 27 2
598 4 87 4
4986 2 15 2
4987 5 40 5
4984 3 33 3
1891 13 173 7
644 3 28 3
3522 2 10 2
3523 3 39 3
4174 2 40 2
4175 2 36 2
3525 2 13 2
3526 2 14 2
5902 7 134 6
1658 2 15 2
1687 2 16 2
3030 2 17 2
2611 4 39 4
2612 3 31 3
2613 2 15 2
2614 2 20 2
5896 4 46 4
3527 2 18 2
1362 2 28 2
4993 4 50 4
718 3 35 3
2618 2 101 2
4184 2 15 2
4185 6 149 6
2440 2 17 2
5910 2 10 2
4180 2 19 2
4181 2 75 2
4182 2 13 2
4183 2 12 2
1892 2 12 2
3034 3 18 3
2254 2 18 2
1136 2 18 2
2255 2 15 2
5913 2 30 2
2259 2 17 2
767 6 135 6
932 3 16 3
2260 2 19 2
4186 2 11 2
1660 2 14 2
5000 2 13 2
5914 4 36 4
5915 2 10 2
3040 8 102 7
3039 2 15 2
5924 2 13 2
1827 2 18 2
5921 2 35 2
1739 2 14 2
1740 3 23 3
1741 4 38 4
374 2 18 2
1661 3 30 3
5005 2 12 2
189 2 11 2
5922 2 13 2
1329 11 244 9
3538 6 55 5
4194 2 11 2
4197 2 15 2
4198 4 67 4
693 2 13 2
5938 2 12 2
5012 2 12 2
5011 5 57 5
2627 2 11 2
2628 2 29 2
815 10 188 8
1649 2 26 2
4203 2 22 2
5930 2 18 2
5935 2 18 2
5933 6 86 6
1075 2 31 2
4204 2 11 2
4205 2 15 2
5015 4 27 4
3061 6 151 5
3062 2 11 2
3063 7 59 5
3064 5 68 5
1252 3 31 3
1470 2 26 2
946 4 58 4
938 3 19 3
939 2 10 2
940 2 16 2
941 2 30 2
456 2 18 2
942 2 29 2
943 2 11 2
944 2 46 2
945 3 24 3
3060 2 18 2
3059 3 31 3
3057 4 36 4
3058 3 29 3
1331 2 27 2
5985 2 14 2
4234 2 12 2
4235 6 139 5
2274 2 11 2
2275 2 12 2
3065 2 14 2
491 3 27 3
4236 2 33 2
1979 3 19 3
1530 2 17 2
852 4 41 4
696 2 19 2
1980 3 37 3
5052 2 18 2
2444 2 24 2
5054 2 16 2
4237 6 151 5
4239 3 33 3
2634 2 14 2
853 2 12 2
2635 2 67 2
2636 2 16 2
2637 2 21 2
4238 3 42 3
1471 3 40 3
1303 2 19 2
5055 2 18 2
284 3 35 3
5994 3 26 3
5056 2 40 2
5990 2 93 2
5991 3 18 3
4240 2 12 2
4241 6 146 5
4242 3 19 3
1382 2 31 2
1383 2 11 2
1384 2 25 2
1385 4 61 4
626 2 24 2
5057 2 35 2
5058 2 12 2
2857 2 14 2
1151 2 12 2
661 2 39 2
678 3 20 3
1981 2 24 2
1982 2 13 2
1983 2 15 2
1984 7 138 6
5998 2 14 2
4246 2 16 2
4247 2 10 2
2176 5 163 5
1896 2 17 2
2643 3 31 3
2641 2 28 2
2642 2 40 2
378 2 24 2
4253 2 19 2
5062 2 23 2
2640 3 24 3
3563 2 24 2
6003 3 22 3
6012 2 24 2
5065 2 10 2
171 3 59 3
4254 2 12 2
3566 2 24 2
1365 2 27 2
1985 3 32 3
1152 2 11 2
1986 2 34 2
1987 2 16 2
1988 2 17 2
1989 2 28 2
1694 2 10 2
6014 2 15 2
6015 4 50 4
1253 2 10 2
2645 2 57 2
2276 2 11 2
2277 3 32 3
5066 4 50 4
5067 3 26 3
1277 2 27 2
5073 6 80 6
148 3 112 3
1990 2 11 2
839 2 47 2
1991 3 37 3
1992 2 10 2
1993 2 24 2
4257 2 13 2
5071 2 17 2
6017 5 117 5
5081 2 20 2
5082 2 20 2
1402 4 70 4
1403 4 35 4
1404 2 13 2
1501 3 55 3
995 4 41 4
117 2 27 2
1174 2 12 2
1175 2 39 2
3668 2 14 2
3982 2 19 2
5275 5 64 5
4374 2 13 2
2309 5 73 5
2310 2 12 2
2311 2 27 2
6325 2 18 2
5274 3 41 3
5272 3 39 3
5273 2 22 2
2312 2 29 2
2313 2 28 2
2314 3 32 3
6328 3 29 3
6326 2 17 2
6327 2 14 2
771 2 13 2
273 2 17 2
2515 2 27 2
1909 2 21 2
6330 3 22 3
6329 2 10 2
4375 4 90 4
3307 2 21 2
4376 2 19 2
563 4 62 4
583 2 16 2
2315 2 15 2
2316 2 60 2
2317 2 12 2
3122 2 14 2
2186 2 13 2
3669 2 56 2
3670 2 16 2
3671 4 38 4
3983 2 38 2
2698 2 11 2
2468 5 62 5
3672 6 86 6
275 3 34 3
1082 2 24 2
2318 2 25 2
1672 2 16 2
2319 3 32 3
6331 4 56 4
762 2 11 2
2697 2 15 2
318 2 28 2
2020 4 66 4
2021 2 38 2
2022 2 11 2
2023 2 16 2
3379 2 18 2
1483 2 12 2
4377 3 21 3
1083 2 11 2
5276 2 11 2
5277 2 10 2
4378 2 49 2
6332 2 13 2
2699 4 106 4
2700 2 27 2
1912 2 16 2
3673 2 21 2
5278 5 133 5
1707 3 37 3
2132 2 20 2
5279 3 19 3
6334 2 53 2
6333 2 23 2
956 2 18 2
3674 2 18 2
3675 2 41 2
2024 2 28 2
1502 2 38 2
1540 2 12 2
6336 3 37 3
4379 2 11 2
590 2 13 2
5300 2 13 2
5301 3 20 3
1405 2 23 2
1406 4 79 4
314 2 11 2
1407 2 15 2
1408 2 23 2
1409 4 38 4
550 2 12 2
662 4 27 4
246 2 12 2
5302 2 16 2
5303 3 24 3
2711 4 32 4
2712 2 16 2
663 2 33 2
1582 2 24 2
1583 2 13 2
1584 2 12 2
1585 3 39 3
1580 2 20 2
1581 6 49 5
443 10 274 8
2713 2 14 2
3985 2 27 2
4392 2 11 2
3689 3 29 3
3690 2 11 2
446 2 16 2
4394 2 15 2
4395 2 24 2
5304 16 388 10
5305 2 11 2
4393 2 17 2
3691 2 27 2
755 2 40 2
552 2 10 2
1285 2 10 2
477 2 28 2
1286 3 60 3
1287 2 19 2
727 2 10 2
2519 2 17 2
725 3 39 3
1410 2 19 2
6367 2 36 2
3692 3 31 3
3693 2 14 2
1176 2 21 2
1177 5 97 5
1178 3 42 3
1179 3 98 3
1769 2 18 2
1338 2 11 2
6368 9 273 7
5306 2 11 2
5307 2 11 2
6369 2 15 2
2714 3 31 3
579 8 102 7
2715 2 31 2
2716 3 34 3
2717 2 14 2
3694 3 64 3
3695 2 20 2
1339 2 10 2
2843 5 79 5
2718 4 107 4
6371 3 27 3
2719 2 16 2
2720 2 24 2
6370 2 14 2
2721 2 29 2
2722 7 203 5
2723 2 13 2
3129 2 16 2
3130 3 22 3
4396 2 11 2
987 2 26 2
2324 2 11 2
2325 2 12 2
2326 2 17 2
749 2 14 2
4397 2 14 2
3696 2 31 2
3697 2 19 2
5311 2 20 2
5312 4 207 4
4398 3 19 3
1012 2 11 2
572 8 139 6
1008 3 59 3
1009 2 16 2
1010 4 101 4
1011 2 15 2
4419 4 57 4
4420 2 23 2
4421 24 1023 14
6423 3 95 3
5342 2 14 2
5341 4 35 4
6425 2 17 2
3716 3 57 3
3717 2 10 2
2191 2 11 2
3713 2 40 2
3137 7 203 5
3138 2 11 2
3139 2 14 2
3140 2 18 2
6424 2 16 2
3714 3 53 3
3715 2 15 2
2731 2 19 2
409 2 18 2
1247 3 196 3
5343 3 26 3
857 3 56 3
1414 2 29 2
664 2 23 2
1411 3 43 3
1412 2 16 2
1413 7 142 6
2729 3 48 3
1370 2 37 2
2730 2 12 2
4422 2 39 2
1153 4 64 4
3719 2 11 2
3720 2 21 2
3141 2 29 2
3142 2 30 2
1916 2 17 2
6427 2 22 2
6426 2 27 2
6428 3 29 3
4423 4 108 4
3718 2 14 2
6429 3 269 3
6430 2 12 2
973 2 13 2
3281 2 119 2
657 2 12 2
4424 5 43 5
3721 2 11 2
638 2 26 2
3143 3 30 3
5344 2 26 2
5345 2 23 2
2520 2 20 2
2112 2 17 2
1710 2 48 2
3145 2 46 2
6432 2 12 2
6433 2 14 2
4425 2 10 2
3144 2 10 2
2521 2 19 2
5346 3 57 3
6431 2 19 2
3725 4 32 4
3726 2 22 2
6434 2 15 2
5347 2 12 2
3722 3 33 3
2733 2 21 2
2734 5 124 5
2732 3 47 3
3723 2 11 2
3724 3 315 3
765 3 35 3
2330 4 22 4
2331 2 18 2
2332 5 60 5
2333 3 26 3
3728 2 12 2
3729 6 99 5
3730 2 92 2
3727 2 20 2
2935 2 13 2
3731 3 113 3
3732 4 41 4
3733 2 15 2
1711 3 15 3
74 2 10 2
2042 2 18 2
2043 2 10 2
1100 2 30 2
568 2 11 2
1099 2 19 2
1097 4 75 4
1098 5 86 5
3150 2 19 2
3151 4 106 4
3152 2 10 2
1918 4 39 4
3734 2 32 2
790 2 33 2
3148 3 33 3
3149 2 59 2
3146 2 52 2
3147 2 12 2
5348 3 92 3
3381 3 28 3
5349 6 85 5
4426 2 24 2
6463 2 19 2
5377 2 12 2
2738 3 28 3
2739 2 16 2
3741 3 27 3
3742 3 33 3
6464 2 13 2
5378 8 138 7
2938 8 403 8
3743 2 10 2
6465 5 201 5
3746 2 12 2
3747 3 35 3
3745 2 24 2
3744 3 27 3
3385 4 31 4
5380 3 27 3
5379 4 72 4
4438 2 22 2
3750 2 19 2
6466 3 37 3
3751 3 82 3
6469 2 17 2
342 3 16 3
2469 2 17 2
614 3 33 3
566 2 15 2
2740 2 18 2
3753 2 13 2
4443 4 90 4
2906 2 10 2
5382 3 48 3
5381 3 52 3
2334 7 126 7
6473 2 11 2
2335 2 12 2
6471 3 34 3
2048 2 15 2
2047 2 22 2
1670 2 21 2
2049 3 32 3
2051 2 24 2
2050 4 28 4
6472 7 126 7
325 3 23 3
1774 2 12 2
1262 2 20 2
4445 2 19 2
4446 2 20 2
6475 4 40 4
6474 2 24 2
4444 2 31 2
2939 2 16 2
396 2 32 2
5386 7 129 6
3757 2 108 2
3756 4 40 4
3758 2 15 2
2342 2 10 2
2344 3 37 3
2343 3 46 3
6476 2 26 2
2940 6 71 5
3159 2 15 2
3160 3 89 3
1132 2 32 2
1251 5 72 5
4448 2 25 2
6514 4 45 4
5415 2 30 2
5412 2 38 2
2869 2 20 2
5414 3 39 3
5413 5 62 5
4461 2 31 2
4462 4 98 4
2196 2 28 2
3775 2 35 2
6516 2 14 2
6515 3 24 3
824 2 11 2
5418 2 16 2
48 2 12 2
5417 3 42 3
2754 2 13 2
1714 2 11 2
2058 4 43 4
1545 2 34 2
5416 3 32 3
153 2 10 2
3393 2 29 2
4464 3 30 3
6517 2 15 2
4463 3 20 3
1025 2 13 2
5419 6 108 5
812 3 55 3
1783 2 13 2
980 5 70 5
1781 6 106 6
1780 2 35 2
1782 2 42 2
231 2 39 2
6522 2 25 2
3778 2 33 2
2525 4 42 4
3779 3 19 3
2524 2 17 2
4466 2 13 2
3781 2 43 2
3780 3 25 3
748 3 24 3
4468 3 40 3
974 4 43 4
324 2 47 2
3175 6 112 6
3784 3 36 3
3785 4 109 4
3176 2 20 2
1684 4 53 4
5423 2 24 2
143 2 10 2
1842 2 23 2
6525 2 21 2
6524 2 31 2
3787 3 22 3
3786 6 103 6
4473 2 13 2
4472 2 36 2
1067 3 48 3
542 3 31 3
1424 3 24 3
1423 4 35 4
5427 3 20 3
3791 2 16 2
4476 2 13 2
3789 2 20 2
3788 6 80 6
5424 2 14 2
1871 4 52 4
6576 4 42 4
4502 3 25 3
4504 8 147 6
2769 2 31 2
4503 2 10 2
2946 2 21 2
5460 2 19 2
5457 2 15 2
2878 4 47 4
5459 2 15 2
5458 2 23 2
6577 5 103 5
947 2 35 2
4506 3 48 3
4505 2 33 2
1628 3 26 3
3806 4 49 4
3805 3 54 3
1595 3 20 3
1594 6 80 5
1597 3 50 3
1596 2 20 2
1598 7 87 6
3807 3 18 3
3808 4 42 4
269 2 20 2
4509 3 52 3
4510 2 12 2
6579 2 48 2
4508 3 26 3
6578 3 35 3
2882 3 23 3
4507 2 31 2
2770 2 18 2
5461 2 10 2
3811 2 18 2
3810 2 26 2
4516 3 43 3
1716 2 11 2
797 3 30 3
4512 2 12 2
4511 2 17 2
4514 4 34 4
4513 2 13 2
183 3 31 3
2777 2 19 2
2776 2 28 2
2775 3 26 3
6582 2 18 2
5463 3 31 3
6581 5 127 5
4520 7 116 6
4519 2 15 2
4521 2 33 2
2063 2 11 2
690 2 28 2
2782 2 24 2
2781 2 15 2
2780 2 16 2
3815 3 22 3
2779 2 17 2
2778 3 37 3
802 2 17 2
2530 5 75 5
2097 2 49 2
2201 2 11 2
3201 3 33 3
3202 3 29 3
4524 4 26 4
4523 3 42 3
5465 4 82 4
1185 3 17 3
1184 3 49 3
819 2 55 2
1187 3 18 3
1186 2 26 2
1189 2 10 2
1188 2 15 2
1191 2 67 2
1190 5 172 5
1183 2 14 2
4530 2 17 2
5467 2 24 2
1477 5 76 5
3203 2 30 2
4529 2 13 2
6587 2 18 2
6586 3 32 3
6588 2 13 2
4533 2 49 2
4534 2 11 2
1061 2 11 2
3209 3 49 3
1872 4 84 4
416 4 38 4
2866 2 14 2
4556 2 19 2
6629 5 101 5
3325 2 22 2
640 5 67 5
5489 4 86 4
6628 3 68 3
4557 3 58 3
4558 2 29 2
5494 3 113 3
5493 2 23 2
5492 2 15 2
5490 2 11 2
5491 4 64 4
6630 5 109 5
2790 2 11 2
1926 4 35 4
525 2 22 2
5499 6 145 6
5495 3 26 3
5496 2 13 2
5498 3 22 3
5497 3 53 3
4559 2 20 2
6633 2 13 2
2366 6 133 5
2368 2 12 2
2367 2 35 2
1348 2 10 2
5501 2 19 2
5500 2 12 2
405 2 44 2
2204 2 20 2
3826 9 101 7
3825 2 19 2
3827 2 47 2
6631 3 29 3
6632 3 41 3
481 2 19 2
3999 2 11 2
4561 4 51 4
4560 2 14 2
4562 2 32 2
2369 5 142 5
2371 2 46 2
2370 7 105 6
6641 3 22 3
6640 6 66 5
3399 4 77 4
4564 2 11 2
5503 3 24 3
6639 3 53 3
392 3 74 3
2174 4 129 4
3217 3 25 3
1266 4 51 4
1144 3 22 3
1246 2 48 2
3831 2 24 2
3832 2 26 2
3833 4 107 4
6647 4 48 4
6646 3 27 3
4571 2 14 2
3837 2 16 2
6644 3 27 3
4684 2 25 2
5509 2 21 2
2796 2 24 2
2798 3 24 3
2797 2 12 2
2377 2 19 2
2376 3 29 3
2375 3 42 3
1506 3 51 3
5511 2 20 2
6649 3 49 3
6650 6 100 6
2793 2 43 2
2794 2 13 2
2795 5 66 5
3240 4 68 4
3241 4 55 4
4601 4 40 4
5555 2 12 2
4602 2 17 2
3858 2 17 2
5554 7 201 7
3860 2 18 2
3859 5 51 5
5557 2 23 2
3861 3 43 3
4603 3 21 3
5556 7 108 5
1223 2 16 2
2387 2 22 2
2388 2 24 2
4604 2 19 2
2473 6 47 5
2808 3 42 3
1854 4 34 4
5561 2 17 2
4606 2 27 2
4607 2 30 2
5565 3 38 3
885 3 38 3
3243 2 30 2
2078 2 41 2
1156 3 21 3
2079 3 24 3
2081 2 13 2
2080 3 25 3
2399 3 36 3
4610 3 46 3
4611 2 12 2
5566 5 33 5
4609 2 18 2
2874 2 13 2
2398 2 11 2
2397 3 19 3
2396 3 21 3
1880 2 79 2
3868 2 16 2
1440 2 14 2
1439 2 14 2
1442 4 67 4
1441 3 53 3
1443 2 14 2
1359 3 20 3
3945 2 11 2
605 3 45 3
3251 4 34 4
1659 2 12 2
3249 7 210 6
3250 2 24 2
4618 3 99 3
5578 3 53 3
2458 3 20 3
5576 4 39 4
5582 3 47 3
2423 4 31 4
3253 2 29 2
2149 4 82 4
1692 3 21 3
2206 3 20 3
2400 2 21 2
847 3 94 3
5639 2 11 2
2954 2 19 2
5642 2 29 2
5641 2 109 2
1718 2 22 2
1719 4 70 4
4749 2 15 2
4750 2 11 2
4017 3 41 3
5644 2 22 2
3407 2 25 2
4019 3 36 3
4020 2 12 2
5643 2 12 2
4018 3 35 3
2540 2 16 2
4754 3 25 3
1378 2 13 2
1069 3 32 3
1379 4 73 4
472 6 105 5
1380 2 37 2
1381 2 11 2
4753 5 130 5
5645 7 135 6
2955 2 19 2
4751 3 44 3
4752 3 39 3
1201 2 10 2
5649 4 71 4
4025 2 66 2
2460 3 24 3
2957 4 80 4
2956 4 70 4
3312 3 32 3
3417 2 16 2
3416 2 38 2
2840 2 18 2
1931 2 11 2
1930 2 46 2
1933 2 21 2
1932 2 42 2
2209 8 160 6
3409 2 15 2
3410 5 89 5
4026 2 37 2
4027 2 14 2
1159 3 16 3
1161 2 11 2
1160 3 29 3
984 2 13 2
1162 6 188 6
1157 2 13 2
1158 2 43 2
4761 2 25 2
1346 2 12 2
1873 2 15 2
2962 2 14 2
2961 2 19 2
4760 3 86 3
4759 3 51 3
2873 2 45 2
5653 2 49 2
2963 3 16 3
4033 2 30 2
5658 3 125 3
5655 4 45 4
3419 3 30 3
4036 2 26 2
2216 3 60 3
4041 3 21 3
4039 2 23 2
4040 7 144 7
4772 2 12 2
4771 2 16 2
4773 5 92 5
5663 2 25 2
1936 2 11 2
1935 4 103 4
1938 5 64 5
1937 5 33 5
1939 3 40 3
1934 4 135 4
5715 4 55 4
1482 2 11 2
4074 7 124 6
4069 3 34 3
4068 4 42 4
4070 4 29 4
4071 2 11 2
4073 2 16 2
4072 4 76 4
3439 3 27 3
3440 5 74 5
4075 2 15 2
2981 2 163 2
2980 2 15 2
2983 2 12 2
2982 2 44 2
4811 2 28 2
833 4 59 4
1005 3 20 3
1004 3 39 3
1003 2 21 2
2222 2 19 2
2221 3 22 3
3441 2 10 2
5718 3 29 3
1071 3 31 3
2561 3 36 3
2562 2 22 2
2220 2 13 2
4817 3 27 3
4818 2 23 2
5722 2 15 2
5719 5 69 5
4816 3 25 3
1323 4 72 4
4078 3 24 3
5724 2 73 2
407 2 19 2
4827 2 23 2
4820 3 77 3
4822 7 83 6
3443 2 47 2
1677 2 11 2
4829 3 58 3
4083 2 24 2
4084 3 17 3
1731 3 21 3
1732 2 39 2
4082 5 49 5
3444 3 74 3
1679 3 38 3
2986 2 32 2
2985 2 31 2
1944 2 26 2
1945 4 44 4
4080 2 24 2
4081 2 16 2
1947 3 38 3
4085 4 29 4
3927 2 12 2
5733 9 208 8
5732 9 101 7
4839 3 24 3
2571 4 23 4
1325 4 90 4
2572 5 77 5
3456 2 31 2
3455 5 64 5
5739 4 42 4
5738 2 10 2
4667 2 59 2
3453 2 13 2
3452 2 13 2
3454 2 31 2
4838 2 39 2
2569 2 19 2
2568 2 48 2
2570 2 19 2
5804 6 135 6
3011 2 30 2
3492 2 24 2
3491 2 13 2
1954 2 22 2
1145 2 14 2
1955 2 15 2
2407 2 12 2
2233 2 17 2
909 9 126 7
2234 4 70 4
2232 2 18 2
2231 2 10 2
4126 2 18 2
4127 3 62 3
3006 2 18 2
3005 4 51 4
3008 4 148 4
3007 2 16 2
2230 3 22 3
2229 2 16 2
850 2 48 2
3482 2 17 2
3481 2 42 2
3483 6 183 6
4673 3 55 3
3484 2 34 2
5798 2 57 2
2889 3 18 3
4117 2 15 2
4118 2 10 2
4119 3 64 3
2586 2 34 2
2588 2 12 2
2587 3 45 3
2589 4 124 4
3009 2 12 2
5801 2 16 2
5800 2 16 2
3939 2 11 2
4907 2 13 2
5958 2 32 2
5959 4 138 4
3547 3 122 3
3549 4 45 4
3548 4 49 4
2270 4 42 4
2269 5 92 5
2272 2 25 2
2271 3 38 3
1967 4 173 4
1966 4 63 4
4224 3 33 3
2273 5 32 5
5035 2 17 2
4225 3 26 3
3348 2 22 2
2266 5 75 5
2265 2 35 2
2268 3 42 3
2267 11 275 8
5952 3 18 3
5953 2 22 2
5030 4 33 4
5031 4 105 4
3299 2 75 2
5954 3 39 3
5955 2 21 2
5956 2 16 2
5033 2 15 2
5034 2 46 2
5017 2 26 2
5016 2 18 2
5945 2 14 2
5946 2 13 2
3050 2 27 2
2263 6 171 6
2264 2 35 2
5022 2 35 2
3545 4 33 4
5026 2 43 2
5025 4 41 4
5024 2 41 2
3051 5 101 5
5948 4 140 4
2488 2 14 2
3542 3 50 3
3543 3 22 3
3041 2 26 2
2903 2 12 2
1960 2 17 2
1961 2 18 2
5919 2 23 2
3037 2 14 2
3038 2 17 2
2492 2 26 2
5920 5 71 5
5916 2 15 2
5918 3 96 3
5917 3 108 3
2245 8 156 6
2247 3 43 3
2246 2 36 2
3528 2 16 2
4990 2 25 2
3032 4 111 4
3031 2 22 2
3033 3 21 3
5905 8 182 7
2620 2 11 2
2619 6 171 5
2615 2 28 2
2617 2 20 2
2616 2 24 2
4985 7 145 6
2607 2 27 2
2609 2 13 2
2608 2 37 2
2610 2 18 2
2167 2 20 2
3520 5 78 5
3519 2 14 2
3521 2 107 2
5900 2 13 2
5899 2 25 2
3946 2 15 2
5901 6 212 6
3524 2 10 2
5903 2 26 2
4271 2 37 2
4270 4 49 4